0,2040,0
2,2280,0
1,2520,0
3,2640,0
1,2880,0
2,3000,0
0,3120,0
1,3360,0
2,3480,0
3,3600,0
1,3720,0
2,3840,0
0,3960,0
2,4200,0
3,4440,0
1,4560,0
2,4800,0
0,4920,0
1,5040,0
2,5280,0
3,5400,0
1,5520,0
2,5640,0
0,5880,0
2,6120,0
1,6360,0
3,6480,0
0,6720,0
2,6840,0
1,6960,0
2,7200,0
3,7320,0
1,7440,0
2,7560,0
1,7680,0
0,7800,0
3,8040,0
1,8280,0
0,8400,0
1,8640,0
3,8760,0
2,8880,0
0,9120,0
2,9240,0
1,9360,0
3,9480,0
0,9720,0
1,9720,0
2,9960,0
1,10200,0
3,10320,0
0,10440,0
2,10440,0
1,10560,0
2,10680,0
0,10800,0
1,11040,0
2,11160,0
3,11280,0
1,11400,0
1,11520,0
0,11640,0
3,11640,0
2,11880,0
3,12120,0
0,12240,0
1,12360,0
3,12360,0
2,12480,0
1,12600,0
0,12720,0
2,12960,0
3,13080,0
1,13200,0
2,13320,0
2,13440,0
0,13560,0
3,13560,0
2,13800,0
1,14040,0
3,14160,0
2,14280,0
0,14280,0
1,14400,0
2,14520,0
0,14640,0
2,14880,0
3,15000,0
0,15120,0
1,15240,0
1,15360,0
0,15480,0
3,15480,0
2,15720,0
1,15960,0
0,16080,0
1,16200,0
3,16200,0
2,16320,0
3,16440,0
2,16560,0
1,16680,0
0,16800,0
2,16920,1,17100
1,17040,1,17220
0,17160,1,17340
3,17160,1,17280
2,17280,1,17400
1,17340,1,17400
0,17400,0
3,17400,1,18120
2,17520,0
1,17640,0
1,17760,0
0,17880,0
2,17880,0
0,18120,1,19320
1,18120,0
1,18240,0
2,18360,0
3,18360,0
3,18480,0
1,18600,0
2,18600,0
1,18720,0
3,18840,0
3,19080,0
2,19200,0
1,19320,0
3,19320,0
2,19440,0
1,19560,1,20040
0,19560,0
3,19680,0
2,19800,0
0,19920,0
2,20040,1,20520
3,20040,0
3,20160,0
0,20280,0
0,20400,0
3,20520,0
1,20520,0
1,20640,0
3,20760,1,21240
0,20760,0
2,20760,0
2,20880,0
1,21000,0
2,21120,0
1,21240,1,22680
0,21240,0
3,21360,0
0,21480,0
2,21600,0
0,21720,1,21960
3,21720,0
3,21960,0
3,22080,0
2,22200,1,22440
0,22200,0
3,22320,0
0,22440,0
2,22560,0
0,22680,1,22920
3,22680,1,22920
1,22920,0
1,23040,0
2,23160,1,23640
0,23160,1,23400
3,23280,0
1,23400,0
0,23520,0
1,23640,0
3,23640,1,24120
2,23760,0
1,23880,0
1,24000,0
0,24120,1,24600
2,24120,1,24360
3,24240,0
1,24360,0
2,24480,0
1,24600,0
3,24600,1,24780
2,24720,1,24780
0,24720,1,24900
1,24840,1,24900
3,24840,1,25020
2,24960,1,25080
0,24960,1,25020
1,25020,1,25080
0,25080,1,25800
3,25080,0
2,25200,0
3,25320,0
3,25440,0
1,25560,0
2,25560,0
1,25800,0
2,25800,0
3,25920,1,27000
0,26040,0
2,26040,0
2,26160,0
0,26280,0
1,26400,0
0,26520,0
2,26520,0
1,26640,0
0,26760,0
0,26880,0
2,27000,1,27720
1,27000,0
0,27120,0
1,27240,0
3,27240,0
1,27360,0
3,27480,0
0,27600,0
1,27720,1,28200
3,27720,0
0,27840,0
3,27960,0
3,28080,0
0,28200,0
2,28200,0
3,28320,0
0,28440,1,28920
1,28440,0
3,28560,0
1,28680,0
1,28800,0
2,28920,1,30360
3,28920,0
0,29040,0
1,29160,0
0,29280,0
3,29400,1,29640
1,29400,0
0,29640,0
0,29760,0
1,29880,1,30120
3,30000,0
0,30120,0
1,30240,0
3,30360,1,30600
0,30360,1,30600
2,30480,0
1,30600,0
1,30720,0
3,30840,1,31320
0,30840,0
2,30960,0
1,31080,0
0,31200,0
2,31320,1,31800
1,31320,0
0,31440,0
3,31560,0
0,31680,0
1,31800,1,32280
3,31800,0
2,31920,0
0,32040,0
2,32160,0
0,32280,1,32700
3,32280,1,32700
2,32400,0
1,32520,0
2,32640,0
0,32760,0
1,32760,1,32820
2,32790,1,32850
3,32820,1,35280
1,32880,0
0,33000,0
2,33120,0
1,33240,0
1,33480,0
0,33600,0
1,33720,0
2,33720,0
0,33720,0
2,33840,0
1,33960,0
2,34080,0
0,34200,0
2,34440,0
0,34560,0
1,34680,0
2,34680,0
2,34800,0
0,34920,0
1,34920,0
0,35040,0
1,35160,0
2,35250,1,35310
1,35280,1,35340
0,35310,1,35580
2,35400,0
1,35550,1,35610
2,35580,1,35640
3,35610,1,35910
0,35640,0
1,35760,0
2,35880,1,35952
1,35928,1,36000
0,35976,1,36072
1,36048,1,36120
2,36096,1,36528
3,36144,1,36216
1,36192,1,36264
0,36240,1,36384
1,36336,1,36408
3,36360,1,36480
1,36510,1,36585
0,36560,1,38460
3,36600,0
2,36600,0
2,36720,0
1,36840,0
3,36960,0
2,37080,0
3,37320,0
1,37440,0
1,37560,0
2,37560,0
3,37560,0
3,37680,0
1,37800,0
3,37920,0
2,38040,0
3,38280,0
1,38420,1,38520
2,38480,1,38580
3,38520,1,39300
0,38520,0
0,38760,0
1,38760,0
2,38880,0
1,39000,0
0,39120,0
2,39240,0
1,39360,0
3,39480,0
2,39480,0
0,39480,0
1,39560,1,39620
0,39580,1,40440
3,39600,0
2,39720,0
3,39840,0
1,39960,0
2,40080,0
1,40200,0
3,40320,0
1,40400,1,40460
2,40420,1,40480
3,40440,1,41280
0,40560,0
1,40680,0
0,40800,0
2,40920,0
1,41040,0
0,41160,0
2,41240,1,41300
1,41260,1,41320
0,41280,1,41640
2,41400,0
3,41400,0
1,41400,0
3,41520,0
1,41620,1,41680
2,41660,1,42100
3,41760,0
1,41880,0
3,42000,0
1,42080,1,42140
0,42105,1,42240
1,42320,1,42380
2,42340,1,42400
3,42360,1,42860
1,42480,0
2,42600,0
0,42600,0
1,42720,0
2,42820,1,42880
1,42840,1,44220
3,42960,0
0,43080,0
2,43200,0
3,43320,0
0,43320,0
2,43320,0
2,43560,0
0,43680,0
3,43800,0
2,43920,0
3,44040,0
2,44200,1,44280
3,44240,1,45960
1,44280,0
0,44280,0
0,44400,0
2,44520,0
1,44640,0
0,44760,0
0,44880,0
1,45000,0
0,45120,0
2,45240,0
0,45240,0
1,45240,0
2,45360,0
1,45480,0
2,45600,0
0,45720,0
2,45960,0
1,46020,0
3,46080,0
1,46140,0
0,46200,0
3,46200,0
2,46200,0
2,46320,0
0,46440,0
3,46440,0
1,46440,0
1,46560,0
2,46680,0
3,46680,0
2,46800,0
0,46920,0
0,47040,1,47280
3,47160,0
2,47160,1,47400
1,47160,0
3,47280,1,47400
0,47400,1,47520
1,47400,1,47640
2,47520,1,47760
0,47640,1,48060
3,47640,1,47760
1,47760,1,48060
2,47880,1,48060
3,48120,1,48300
0,48120,0
1,48120,0
2,48360,1,48420
3,48480,1,48540
1,48600,1,48660
2,48720,1,48780
0,48840,1,48900
1,48960,1,49020
2,49080,1,49140
0,49200,1,49260
1,49320,1,49380
3,49440,1,49500
0,49560,1,49620
2,49680,1,49740
3,49800,1,49860
1,49920,0
3,49960,0
0,50000,0
2,50040,1,50100
1,50040,0
0,50160,1,50220
2,50280,1,50340
3,50280,0
1,50400,1,50460
3,50520,1,50580
0,50520,0
2,50640,1,50700
0,50760,1,50820
1,50760,0
2,50880,1,50940
3,50880,0
1,51000,1,51060
0,51000,0
3,51120,1,51180
0,51240,1,51300
2,51240,0
1,51360,1,51420
2,51480,1,51540
0,51480,0
3,51600,1,51660
1,51600,0
2,51660,0
0,51720,1,51780
1,51720,0
2,51840,1,51900
3,51840,0
0,51900,0
1,51960,1,52080
3,51960,0
0,52080,1,52200
2,52200,1,52320
3,52200,0
1,52320,1,52440
3,52440,1,52560
0,52440,0
2,52560,1,52680
1,52680,1,52800
0,52680,0
3,52800,1,52920
2,52800,0
2,52920,1,53040
0,52920,0
0,53040,1,53160
3,53160,1,53280
1,53160,0
1,53280,1,53400
0,53400,1,53520
2,53400,0
2,53520,1,53640
1,53520,0
0,53580,0
1,53640,1,53760
3,53640,0
0,53760,0
3,53760,1,53880
2,53820,0
0,53880,0
1,53880,1,54120
2,54000,1,54240
3,54120,0
0,54120,1,54360
1,54240,1,54360
2,54360,0
3,54360,1,54480
1,54480,1,54720
2,54600,0
3,54600,1,54720
0,54720,1,55080
2,54720,1,54840
1,54840,0
3,54840,1,54960
2,54960,1,55200
3,55080,0
1,55080,1,55380
0,55200,1,55320
2,55320,1,55440
3,55320,0
0,55440,0
3,55440,1,55560
1,55500,0
2,55560,1,55680
0,55560,0
1,55680,1,55800
3,55680,0
2,55740,0
0,55800,1,55980
3,55800,1,56220
1,56040,1,56100
2,56040,1,56220
1,56160,1,56220
2,56280,1,56340
0,56280,0
3,56280,0
2,56400,1,56460
3,56520,1,56580
1,56520,0
0,56520,0
3,56640,1,56700
0,56760,1,56820
1,56760,0
2,56760,0
0,56880,1,56940
1,57000,1,57060
2,57000,0
3,57000,0
1,57120,1,57180
2,57240,1,57300
0,57240,0
3,57240,0
2,57360,1,57420
3,57480,1,57540
0,57480,0
1,57480,0
3,57600,1,57660
1,57600,0
0,57720,1,57900
3,57720,1,58140
2,57720,0
1,57960,1,58020
2,57960,1,58140
1,58080,1,58140
2,58200,1,58260
0,58200,0
3,58200,0
2,58320,1,58380
3,58440,1,58500
1,58440,0
0,58440,0
3,58560,1,58620
0,58680,1,58740
1,58680,0
2,58680,0
0,58800,1,58860
1,58920,1,58980
2,58920,0
3,58920,0
1,59040,1,59100
0,59160,0
2,59160,0
3,59160,1,59220
3,59280,1,59340
1,59280,0
0,59340,0
2,59400,1,59460
1,59400,0
2,59520,1,59580
0,59520,0
1,59580,0
2,59640,0
0,59640,1,59820
3,59640,1,59760
2,59760,0
1,59760,1,59820
3,59880,0
0,59880,0
1,59880,1,59940
3,60000,0
2,60000,1,60060
3,60120,0
1,60120,0
2,60120,1,60180
3,60240,0
0,60240,1,60300
3,60360,0
1,60360,0
0,60360,1,60420
3,60480,0
2,60480,1,60540
3,60600,1,60780
1,60600,1,60660
0,60600,1,60720
2,60720,1,60780
1,60720,0
0,60840,0
2,60840,0
3,60840,1,60900
0,60960,0
1,60960,1,61020
0,61080,1,61260
2,61080,1,61140
3,61080,1,61200
1,61200,1,61260
2,61200,0
3,61320,0
1,61320,0
0,61320,1,61380
2,61440,0
3,61440,1,61500
1,61560,0
2,61560,0
0,61620,0
3,61620,0
1,61680,0
2,61740,0
0,61800,0
3,61800,0
2,61860,0
1,61860,0
0,61920,0
3,61980,0
1,62040,0
2,62040,0
3,62100,0
0,62100,0
2,62160,0
1,62220,0
0,62280,0
3,62280,0
1,62340,0
2,62340,0
0,62400,0
3,62460,0
0,62520,0
1,62535,0
3,62560,0
2,62610,0
1,62670,0
0,62720,0
2,62745,0
3,62760,0
3,63000,0
2,63015,0
0,63040,0
1,63090,0
2,63150,0
3,63200,0
1,63225,0
0,63240,0
2,63480,0
3,63480,0
0,63480,0
1,63540,0
3,63600,0
1,63660,0
0,63720,0
2,63720,0
3,63780,0
2,63840,0
1,63840,0
0,63900,0
3,63960,0
1,63960,0
2,64020,0
0,64080,0
2,64140,0
1,64200,0
0,64200,0
3,64260,0
1,64320,0
3,64380,0
2,64440,0
0,64440,0
1,64500,0
2,64560,0
1,64620,0
0,64680,0
3,64680,0
2,64740,0
0,64800,0
2,64860,0
3,64920,0
1,64920,0
0,64980,0
2,65040,0
0,65100,0
3,65160,0
1,65160,0
2,65220,0
1,65280,0
0,65340,0
3,65400,0
2,65400,0
1,65460,0
0,65460,0
3,65520,0
0,65580,0
2,65640,0
3,65640,0
1,65700,0
0,65760,0
2,65820,0
3,65880,0
0,65880,0
1,65940,0
0,66000,0
2,66060,0
3,66120,0
1,66120,0
0,66180,0
2,66240,0
1,66300,0
2,66360,0
3,66360,0
1,66420,0
0,66480,0
2,66540,0
0,66600,0
1,66600,0
3,66660,0
2,66720,0
3,66780,0
1,66840,0
0,66840,0
2,66900,0
3,66900,0
0,66960,0
2,67020,0
1,67080,0
3,67140,0
1,67200,0
3,67260,0
2,67320,0
0,67320,0
1,67380,0
3,67380,0
2,67440,0
1,67500,0
0,67560,0
3,67560,0
2,67620,0
1,67680,0
0,67680,0
2,67740,0
3,67800,0
0,67800,0
1,67860,0
3,67920,0
1,67980,0
0,68040,0
2,68040,0
3,68100,0
1,68160,0
3,68220,0
1,68280,0
0,68280,0
2,68340,0
0,68400,0
2,68460,0
3,68520,0
0,68520,0
1,68580,0
2,68640,0
1,68700,0
2,68760,0
3,68760,0
0,68820,0
2,68880,0
0,68940,0
1,69000,0
3,69000,0
2,69060,0
1,69120,0
2,69180,0
0,69240,0
3,69240,0
2,69300,0
0,69360,0
1,69400,0
2,69440,0
3,69480,0
0,69480,0
1,69600,0
0,69640,0
2,69680,0
0,69720,0
3,69720,0
1,69780,0
3,69840,0
2,69880,0
1,69920,0
3,69960,0
0,69960,0
2,70020,0
1,70080,0
0,70080,0
1,70200,1,70680
2,70200,1,70360
0,70200,1,70340
3,70200,1,70380
0,70400,1,70600
2,70420,1,70620
3,70440,1,70640
2,70680,0
0,70680,0
1,70740,0
3,70800,0
2,70800,0
1,70860,0
0,70860,0
3,70920,0
2,70950,0
1,70980,0
0,71010,0
2,71040,0
3,71070,0
0,71100,0
1,71130,0
3,71160,0
2,71160,0
0,71220,0
2,71280,0
0,71340,0
1,71400,0
3,71400,0
2,71460,0
1,71520,0
0,71520,0
3,71580,0
2,71640,0
0,71640,0
1,71700,0
3,71760,0
2,71760,0
1,71820,0
0,71880,0
3,71880,0
2,71940,0
1,72000,0
0,72000,0
3,72060,0
2,72120,0
1,72120,0
3,72180,0
1,72240,0
0,72240,0
2,72300,0
3,72360,0
0,72360,0
1,72420,0
3,72480,0
2,72480,0
0,72540,0
1,72600,0
3,72600,0
2,72660,0
1,72720,0
0,72720,0
3,72780,0
2,72840,0
1,72840,0
3,72900,0
2,72960,0
0,72960,0
1,73020,0
0,73080,0
3,73080,0
2,73140,0
1,73200,0
2,73260,0
1,73320,0
0,73320,0
3,73380,0
2,73440,0
0,73440,0
1,73500,0
0,73560,0
3,73560,0
2,73620,0
1,73680,0
3,73680,0
2,73740,0
0,73800,0
1,73800,0
3,73860,0
2,73920,0
0,73920,0
1,73980,0
3,74040,0
2,74040,0
0,74100,0
1,74160,0
2,74160,0
3,74220,0
1,74280,0
0,74280,0
2,74340,0
3,74400,0
0,74400,0
1,74460,0
2,74520,0
3,74520,0
0,74580,0
3,74640,0
2,74640,0
1,74700,0
0,74700,0
3,74760,0
2,74760,0
1,74820,0
2,74880,0
3,74910,0
0,74940,0
1,74970,0
2,75000,0
3,75000,0
1,75060,0
0,75120,0
2,75180,0
3,75240,0
0,75240,0
1,75300,0
0,75360,0
2,75360,0
3,75420,0
0,75480,0
1,75480,0
3,75540,0
0,75600,0
2,75600,0
1,75660,0
0,75720,0
3,75720,0
2,75780,0
0,75840,0
1,75840,0
2,75900,0
3,75960,0
1,75960,0
0,76020,0
2,76080,0
3,76080,0
0,76140,0
3,76200,0
1,76200,0
0,76260,0
3,76320,0
2,76320,0
0,76380,0
3,76440,0
1,76440,0
0,76500,0
3,76560,0
2,76560,0
1,76620,0
0,76620,0
2,76680,0
3,76680,0
0,76740,0
3,76800,0
2,76830,0
1,76860,0
0,76890,0
3,76920,0
2,76920,0
1,76980,0
0,76980,0
2,77040,0
3,77040,0
0,77100,0
1,77160,0
2,77160,0
3,77220,0
1,77280,0
0,77280,0
2,77340,0
3,77340,0
1,77400,0
0,77400,0
2,77460,0
3,77520,0
0,77520,0
1,77580,0
3,77640,0
2,77670,0
0,77700,0
1,77730,0
2,77760,0
3,77790,0
1,77820,0
0,77850,0
2,77880,0
3,77920,0
1,77960,0
0,78000,0
2,78040,0
1,78080,0
3,78120,0
2,78160,0
0,78200,0
1,78240,0
2,78280,0
3,78320,0
0,78360,0
1,78394,0
2,78428,0
0,78462,0
3,78497,0
2,78531,0
1,78565,0
3,78600,0
0,78634,0
1,78668,0
2,78702,0
3,78737,0
1,78771,0
0,78805,0
2,78840,1,79020
3,78840,1,79020
1,78960,1,79140
0,79080,1,79140
2,79080,1,79260
3,79200,1,79260
0,79200,1,79380
3,79320,1,79560
1,79320,1,79440
2,79320,0
2,79440,1,79560
0,79440,1,79500
0,79560,1,79680
1,79560,1,79620
1,79680,1,79800
3,79680,1,79740
2,79800,1,79860
3,79800,1,79980
0,79800,1,79980
1,79920,1,79980
2,79920,1,80220
1,80040,1,80220
0,80040,1,80100
3,80160,1,80220
0,80160,1,80220
3,80280,1,80460
0,80280,1,80460
1,80280,0
2,80400,1,80460
1,80400,1,80460
2,80520,1,80700
0,80520,1,80580
3,80640,1,80700
0,80640,1,80700
0,80760,1,80940
2,80760,1,80820
3,80760,1,80940
1,80820,1,80880
2,80880,1,80940
1,80940,1,81000
3,81000,1,81180
0,81000,1,81060
2,81120,1,81180
0,81120,1,81240
1,81240,1,81420
2,81240,1,81420
3,81240,0
0,81360,1,81420
3,81360,1,81540
2,81480,1,81540
0,81480,1,81660
1,81600,1,81660
3,81600,1,81660
3,81720,1,81900
1,81720,1,81780
0,81720,1,81900
2,81780,1,81840
1,81840,1,81900
2,81900,1,81960
3,81960,1,82020
0,81960,1,82140
2,82080,1,82200
1,82080,1,82140
3,82200,1,82260
0,82200,1,82380
1,82200,0
2,82260,1,82320
1,82320,1,82380
1,82440,1,82560
2,82440,1,82500
3,82440,1,82500
0,82500,1,82620
3,82560,1,82680
2,82620,1,82680
1,82680,1,82860
0,82680,1,82860
2,82800,1,82980
3,82920,1,82980
1,82920,1,83100
0,83040,1,83100
3,83040,1,83220
0,83160,1,83400
2,83160,1,83280
1,83160,0
1,83280,1,83400
3,83280,1,83340
3,83400,1,83520
2,83400,1,83460
2,83520,1,83640
0,83520,1,83580
1,83640,1,83700
0,83640,1,83820
3,83640,1,83820
2,83760,1,83820
1,83760,1,84060
2,83880,1,84060
3,83880,1,83940
0,84000,1,84060
3,84000,1,84060
0,84120,1,84300
3,84120,1,84300
2,84120,0
1,84240,1,84300
2,84240,1,84300
1,84360,1,84540
3,84360,1,84420
0,84480,1,84540
3,84480,1,84540
3,84600,1,84780
1,84600,1,84660
0,84600,1,84780
2,84660,1,84720
1,84720,1,84780
2,84780,1,84840
0,84840,1,85020
3,84840,1,84900
1,84960,1,85020
3,84960,1,85020
0,85080,1,85260
3,85080,1,85260
2,85080,0
1,85140,1,85200
2,85200,1,85260
1,85260,1,85320
3,85320,1,85500
0,85320,1,85500
2,85380,1,85500
1,85440,1,85500
2,85560,1,86040
1,85560,1,85720
3,85560,1,85700
0,85560,1,85740
3,85760,1,85960
1,85780,1,85980
0,85800,1,86000
1,86040,0
3,86040,0
2,86100,0
0,86160,0
1,86160,0
2,86220,0
3,86220,0
0,86280,0
1,86310,0
2,86340,0
3,86370,0
1,86400,0
0,86430,0
3,86460,0
2,86490,0
1,86520,0
0,86520,0
3,86580,0
2,86640,0
0,86700,0
1,86760,0
3,86760,0
2,86820,0
1,86880,0
0,86880,0
3,86940,0
2,87000,0
0,87000,0
1,87060,0
3,87120,0
0,87120,0
2,87180,0
1,87240,0
3,87240,0
0,87300,0
3,87360,0
2,87360,0
1,87420,0
0,87420,0
2,87480,0
3,87480,0
0,87540,0
1,87600,0
2,87600,0
3,87660,0
2,87720,0
0,87720,0
1,87780,0
0,87840,0
3,87840,0
2,87900,0
1,87960,0
3,87960,0
0,88020,0
2,88080,0
3,88080,0
1,88140,0
0,88140,0
2,88200,0
3,88200,0
0,88260,0
3,88320,0
2,88350,0
1,88380,0
0,88410,0
3,88440,0
2,88440,0
1,88500,0
2,88560,0
1,88620,0
0,88680,0
3,88680,0
2,88740,0
1,88800,0
0,88800,0
3,88860,0
2,88920,0
0,88920,0
1,88980,0
2,89040,0
3,89040,0
1,89100,0
0,89160,0
3,89160,0
2,89220,0
0,89280,0
1,89280,0
3,89340,0
2,89340,0
0,89400,0
1,89400,0
3,89460,0
0,89520,0
2,89520,0
1,89580,0
3,89640,0
0,89640,0
2,89700,0
1,89760,0
0,89760,0
3,89820,0
2,89880,0
0,89880,0
1,89940,0
3,90000,0
2,90000,0
1,90060,0
3,90120,0
2,90150,0
0,90180,0
1,90210,0
2,90240,0
3,90270,0
1,90300,0
0,90330,0
2,90360,0
3,90360,0
1,90420,0
3,90480,0
2,90540,0
1,90600,0
0,90600,0
3,90660,0
2,90720,0
0,90720,0
1,90780,0
3,90840,0
0,90840,0
2,90900,0
1,90960,0
0,90960,0
3,91020,0
1,91080,0
2,91080,0
3,91140,0
0,91200,0
1,91200,0
2,91260,0
3,91260,0
1,91320,0
0,91320,0
3,91380,0
2,91440,0
0,91440,0
1,91500,0
3,91560,0
2,91560,0
0,91620,0
1,91680,0
3,91680,0
2,91740,0
1,91800,0
0,91800,0
3,91860,0
2,91920,0
0,91920,0
1,91980,0
3,91980,0
2,92040,0
0,92040,0
1,92100,0
3,92160,0
2,92190,0
0,92220,0
1,92250,0
2,92280,0
3,92280,0
0,92340,0
2,92400,0
3,92400,0
1,92460,0
0,92460,0
3,92520,0
2,92560,0
0,92600,0
3,92640,0
1,92680,0
0,92720,0
2,92760,0
1,92820,0
3,92880,0
2,92910,0
1,92940,0
0,92970,0
3,93000,0
2,93030,0
0,93060,0
1,93090,0
2,93120,0
3,93150,0
1,93180,0
0,93210,0
2,93240,0
3,93240,0
1,93288,0
0,93336,0
2,93384,0
3,93432,0
0,93480,0
1,93528,0
2,93576,0
0,93624,0
3,93672,0
1,93720,0
2,93760,0
3,93800,0
1,93840,0
2,93880,0
0,93920,0
1,93960,0
2,94000,0
3,94040,0
2,94080,0
1,94120,0
0,94160,0
2,94200,0
3,94200,0
2,94440,0
3,94680,0
0,94680,0
1,94920,0
0,95160,0
3,95160,0
2,95220,0
0,95280,0
2,95340,0
1,95400,0
3,95400,0
1,95640,0
2,95640,0
0,95880,0
1,96120,0
3,96120,0
1,96360,0
2,96600,0
0,96600,0
1,96840,0
2,96840,0
3,96900,0
1,96960,0
3,97020,0
2,97080,0
0,97080,0
1,97320,0
0,97560,0
3,97560,0
2,97800,0
0,98040,0
1,98040,0
1,98280,0
2,98520,0
0,98520,0
3,98760,0
0,99000,0
1,99000,0
2,99060,0
0,99120,0
2,99180,0
1,99240,0
3,99240,0
1,99480,0
2,99480,0
0,99720,0
3,99960,0
1,99960,0
2,100200,0
1,100440,0
0,100440,0
3,100680,0
0,100920,0
1,101160,0
3,101160,0
0,101400,0
2,101400,0
1,101640,0
3,101640,0
2,101820,0
1,101880,0
0,101880,0
3,101910,0
2,102000,0
1,102120,0
2,102360,0
0,102360,0
3,102600,0
0,102840,0
3,102840,1,102900
2,102900,0
0,102960,0
2,103020,0
1,103080,0
3,103080,0
1,103320,0
2,103320,1,103380
0,103560,0
3,103800,0
1,103800,1,103860
0,103800,1,103920
1,104040,0
2,104280,0
0,104280,0
1,104520,0
2,104520,0
3,104580,0
1,104640,0
3,104700,0
2,104760,0
0,104760,1,104820
2,105000,0
1,105000,1,105060
0,105240,0
3,105240,1,105300
2,105480,0
0,105720,0
2,105720,1,105780
3,105720,1,105840
1,105960,0
2,106200,0
0,106200,0
3,106440,0
0,106680,0
1,106680,0
2,106740,0
0,106800,0
2,106860,0
1,106920,0
3,106920,0
1,107160,0
2,107160,0
0,107400,0
3,107640,0
1,107640,1,107760
2,107640,1,107700
1,107880,0
2,108120,0
0,108120,0
1,108360,0
3,108360,0
2,108600,0
1,108840,0
3,108840,1,109440
0,109080,1,109440
2,109080,1,109440
1,109320,1,109560
0,109560,1,109620
2,109560,0
3,109560,1,109800
1,109680,1,109740
0,109800,1,109860
2,109920,1,109980
1,110040,1,110100
0,110040,0
3,110160,1,110220
2,110280,1,110340
1,110280,1,110520
0,110400,1,110460
2,110520,0
3,110520,1,110580
1,110640,1,110700
0,110760,1,111120
3,110760,1,110820
1,110880,1,110940
2,111000,1,111060
3,111000,0
1,111120,1,111180
3,111240,1,111480
0,111240,1,111300
1,111360,1,111420
2,111480,1,111720
0,111480,1,111540
3,111600,1,111660
0,111720,1,111780
3,111840,1,112080
2,111840,1,111900
0,111960,0
1,111960,1,112020
2,112080,1,112140
1,112200,1,112560
3,112200,1,112260
0,112320,1,112380
2,112440,1,112500
3,112440,0
0,112560,1,112620
2,112680,1,112920
1,112680,1,112740
3,112800,1,112860
0,112920,1,113040
1,112920,1,112980
3,113040,1,113280
2,113040,1,113100
1,113160,1,113220
0,113280,1,113340
1,113400,1,113640
3,113400,1,113460
2,113520,1,113580
3,113640,1,113700
1,113760,1,113820
0,113880,1,113940
2,113880,0
1,114000,1,114060
2,114120,1,114360
3,114120,1,114180
1,114240,1,114300
0,114360,1,114420
3,114360,0
2,114480,1,114540
0,114600,1,114840
1,114600,1,114660
2,114720,1,114780
1,114840,1,115080
3,114840,1,114900
0,114960,1,115020
2,115080,1,115320
3,115080,1,115140
1,115200,1,115260
3,115320,1,115560
0,115320,1,115380
1,115440,1,115500
0,115560,1,115620
1,115680,1,115920
3,115680,1,115740
0,115800,0
2,115800,1,115860
3,115920,1,115980
0,116040,1,116280
2,116040,1,116100
3,116160,1,116220
1,116280,1,116340
2,116280,0
0,116400,1,116460
2,116520,1,116760
1,116520,1,116580
3,116640,1,116700
1,116760,1,117000
0,116760,1,116820
3,116880,1,117180
2,116880,1,116940
0,117000,1,117180
1,117120,1,117180
0,117240,1,117420
2,117240,1,117420
3,117240,1,117420
1,117360,1,117600
0,117480,1,117600
2,117480,1,117600
3,117480,1,117600
0,117720,1,117780
1,117720,1,117900
3,117720,1,117780
2,117780,0
0,117840,1,117900
3,117840,1,117900
2,117960,0
3,118080,1,118140
1,118080,1,118140
0,118080,1,118320
1,118200,1,118320
2,118200,1,118320
3,118200,1,118260
3,118320,1,118500
1,118440,1,118620
0,118440,1,118800
2,118440,1,118500
3,118560,1,118620
2,118560,1,118620
3,118680,1,118800
1,118680,0
2,118680,1,118800
1,118800,1,119100
0,118920,1,119100
3,118920,1,119100
2,118920,1,119100
3,119160,1,119340
1,119160,1,119340
0,119160,1,119340
2,119280,1,119520
1,119400,1,119520
0,119400,1,119520
3,119400,1,119520
0,119640,1,119820
1,119640,1,119700
2,119640,1,119700
3,119700,0
1,119760,1,119820
2,119760,1,119820
1,119880,0
3,120000,1,120120
2,120040,1,120080
1,120080,1,120280
0,120120,1,120280
2,120160,1,120360
3,120200,1,120360
0,120360,1,120460
1,120400,1,120480
2,120440,1,120500
3,120480,1,120520
3,120600,1,120800
2,120640,1,120700
0,120680,1,120720
1,120720,1,120860
2,120760,1,120800
0,120800,1,120860
3,120840,1,120940
2,120880,1,120960
1,120920,1,120980
0,120960,1,121000
2,121080,1,121260
0,121080,0
3,121080,1,121140
3,121200,1,121260
0,121200,0
3,121320,1,121500
2,121320,1,121380
1,121320,0
2,121440,1,121500
1,121440,0
1,121560,1,121740
0,121560,1,121620
3,121560,0
0,121680,1,121740
3,121680,0
0,121800,1,121980
1,121800,1,121860
2,121800,0
2,121920,0
1,121920,1,122100
2,122040,1,122220
3,122040,1,122100
0,122040,0
3,122160,1,122220
0,122160,1,122340
3,122280,1,122460
2,122280,1,122340
1,122280,0
1,122400,1,122460
2,122400,1,122580
3,122520,0
1,122520,1,122580
0,122520,1,122700
3,122640,1,122760
1,122640,1,122700
2,122760,0
0,122760,1,122820
1,122760,1,122940
2,122880,1,122940
3,122880,1,122940
1,123000,0
3,123000,0
2,123060,0
3,123120,0
0,123120,0
1,123180,0
2,123240,0
0,123240,0
3,123300,0
2,123360,0
1,123360,0
0,123420,0
1,123480,0
3,123480,0
2,123540,0
3,123600,0
0,123600,0
1,123660,0
2,123720,0
0,123720,0
3,123780,0
2,123840,0
1,123840,0
0,123900,0
1,123960,0
3,123960,0
2,124020,0
3,124080,0
1,124140,0
2,124200,0
0,124260,0
1,124320,0
0,124380,0
2,124440,1,124500
3,124440,0
0,124800,0
3,124800,0
1,124840,0
2,124880,0
0,124920,1,125100
1,124920,1,125100
3,124920,1,125100
2,125160,1,125340
3,125160,1,125340
0,125160,1,125340
3,125400,1,125880
0,125400,1,125490
1,125430,1,125550
2,125520,1,125580
2,125640,1,125880
0,125640,1,125700
1,125760,1,125820
0,125760,1,125880
1,125880,1,126000
0,125940,1,126000
2,126000,1,126060
3,126000,1,126180
1,126060,1,126180
2,126120,1,126180
0,126120,1,126300
1,126240,1,126300
2,126240,1,126300
3,126300,1,126360
0,126360,1,126540
1,126360,1,126420
2,126420,1,126480
1,126480,1,126660
3,126480,1,126540
2,126600,1,126660
3,126600,1,126780
2,126720,1,126780
0,126720,1,126780
3,126840,1,127020
0,126840,1,127020
1,126840,1,127020
3,127080,1,127260
2,127080,1,127260
0,127080,1,127260
0,127320,1,127500
3,127320,1,127380
1,127320,0
2,127320,0
3,127440,1,127620
1,127440,1,127500
1,127560,1,127740
2,127560,1,127620
2,127680,1,127800
0,127680,1,127740
0,127800,1,127920
3,127800,1,127920
1,127860,1,127980
2,127920,1,128040
3,127980,1,128040
0,128040,1,128130
1,128070,1,128160
2,128100,1,128190
3,128130,1,128340
2,128280,1,128400
1,128310,1,128460
0,128370,1,128520
3,128400,1,128460
3,128520,1,128700
1,128520,1,128580
1,128640,1,128700
2,128640,1,128700
3,128760,1,128820
0,128760,1,128820
2,128760,1,128880
1,128820,1,128940
3,128880,1,129060
0,128880,1,129000
1,129000,1,129180
2,129000,1,129060
2,129120,1,129300
0,129120,1,129180
3,129240,0
0,129240,0
1,129240,1,129420
3,129360,1,129540
2,129360,1,129420
1,129480,1,129660
2,129480,1,129540
0,129600,1,129660
3,129600,1,129660
1,129720,1,129780
3,129720,1,129900
2,129780,1,129900
1,129840,1,129900
0,129840,1,129900
0,129960,1,130080
2,129960,1,130020
1,130020,1,130080
2,130080,1,130140
3,130080,1,130140
0,130140,1,130260
3,130200,0
1,130200,1,130380
2,130200,0
0,130320,1,130380
2,130320,1,130500
0,130440,1,130620
3,130440,1,130500
1,130560,1,130740
3,130560,1,130620
0,130680,1,130740
2,130680,1,130740
3,130680,1,130860
1,130800,1,130980
2,130800,1,130860
2,130920,1,130980
3,130920,1,130980
0,130920,1,130980
3,131040,1,131100
0,131040,1,131100
3,131160,1,131400
0,131160,0
2,131160,1,131220
1,131160,0
2,131280,1,131400
1,131280,1,131340
1,131400,1,131580
0,131400,1,131460
0,131520,1,131700
3,131520,1,131580
1,131640,1,131820
2,131640,1,131700
3,131640,1,131820
2,131760,1,131820
0,131760,1,131820
3,131880,1,131970
2,131910,1,132000
1,131940,1,132030
0,131970,1,132180
1,132120,1,132240
2,132150,1,132300
3,132180,1,132360
0,132240,1,132300
0,132360,1,132480
2,132360,1,132540
1,132480,1,132540
3,132480,1,132540
0,132600,1,132660
1,132600,1,132720
3,132600,1,132660
2,132660,1,132780
0,132720,1,132900
3,132720,1,132840
1,132840,1,132900
2,132870,1,132960
1,132960,1,133020
3,132990,1,133140
1,133080,1,133260
0,133080,0
2,133080,0
3,133200,1,133260
0,133200,1,133260
1,133320,1,133380
3,133320,1,133500
2,133440,1,133500
0,133440,1,133560
1,133470,1,133620
3,133560,1,133680
2,133620,1,133680
0,133680,1,133740
1,133680,1,133740
2,133740,1,133800
1,133800,1,133860
3,133800,1,133860
0,133800,1,133860
1,133920,1,134100
3,133920,1,133980
0,134040,1,134160
2,134040,0
3,134040,0
1,134160,1,134340
2,134160,1,134280
0,134280,1,134340
3,134280,1,134400
2,134400,1,134580
0,134400,1,134460
3,134520,1,134580
1,134520,1,134700
0,134520,1,134700
3,134640,1,134820
2,134640,1,134700
2,134760,1,134880
0,134760,1,134820
1,134760,1,134820
0,134880,1,135060
3,134880,1,134940
3,135000,1,135180
2,135000,0
1,135000,0
2,135120,1,135300
0,135120,1,135180
1,135240,1,135420
0,135240,1,135300
2,135360,1,135480
3,135360,1,135420
0,135360,1,135480
1,135480,1,135660
3,135480,1,135660
0,135600,1,135660
2,135600,1,135660
3,135720,1,135810
2,135750,1,135840
1,135780,1,135870
0,135810,1,136020
1,135960,1,136080
2,135990,1,136140
3,136020,1,136200
0,136080,1,136140
2,136200,1,136380
0,136200,1,136320
3,136320,1,136380
1,136320,1,136380
0,136440,1,136500
2,136440,1,136560
3,136440,1,136500
1,136500,1,136620
3,136560,1,136740
0,136560,1,136680
1,136680,1,136860
2,136680,1,136740
3,136800,1,136860
0,136800,1,136980
1,136920,1,137100
2,136920,0
3,136920,0
0,137040,1,137100
2,137040,1,137220
0,137160,1,137220
1,137160,1,137220
2,137280,1,137340
3,137280,1,137340
0,137280,1,137460
1,137340,1,137460
2,137400,1,137460
3,137400,1,137460
2,137520,1,137640
0,137520,1,137580
1,137640,1,137760
3,137640,1,137700
0,137640,1,137700
3,137760,1,137820
0,137760,1,137940
2,137880,0
3,137880,0
1,137880,1,137940
2,138000,1,138060
1,138000,1,138180
3,138120,1,138180
0,138120,1,138180
1,138240,1,138300
3,138240,1,138300
0,138300,1,138420
1,138360,1,138420
2,138360,1,138420
3,138360,1,138420
2,138480,1,138600
0,138480,1,138540
0,138600,1,138780
1,138600,1,138660
3,138600,1,138720
2,138720,1,138780
1,138720,1,138900
2,138840,1,139020
0,138840,0
3,138840,0
0,138960,1,139020
3,138960,1,139140
0,139080,1,139200
2,139080,1,139140
1,139200,1,139260
2,139200,1,139260
3,139200,1,139260
0,139260,1,139320
2,139320,1,139380
3,139320,1,139380
1,139380,1,139500
0,139440,1,139500
3,139440,1,139560
2,139500,1,139560
0,139560,1,139650
1,139590,1,139680
2,139620,1,139710
3,139650,1,139860
2,139800,1,139920
1,139830,1,139980
0,139860,1,140040
3,140040,1,140220
2,140100,1,140220
0,140160,1,140220
1,140220,1,140400
0,140280,1,140460
3,140280,1,140340
2,140340,1,140400
3,140400,1,140640
2,140460,1,140520
0,140520,1,140640
1,140520,1,140580
2,140580,1,140700
1,140640,1,140700
0,140700,1,140820
1,140760,1,140940
2,140820,1,140880
0,140880,1,141120
3,140880,1,140940
2,140940,1,141000
1,141000,1,141060
3,141060,1,141180
1,141120,1,141180
2,141180,1,141360
3,141240,1,141480
0,141240,1,141300
1,141300,1,141360
0,141360,1,141480
1,141420,1,141480
2,141480,1,141540
1,141540,1,141600
2,141600,1,141660
0,141600,1,141720
3,141660,1,141780
2,141720,1,141840
1,141780,1,141840
0,141840,1,142020
1,141900,1,141960
2,141960,1,142020
3,141960,1,142080
1,142020,1,142080
0,142080,1,142140
2,142140,1,142320
3,142200,1,142260
0,142200,1,142320
1,142260,1,142320
3,142320,1,142380
1,142380,1,142560
2,142440,1,142500
3,142440,1,142740
0,142500,1,142560
2,142560,1,142620
0,142620,1,142980
1,142680,1,142740
2,142740,1,142800
1,142800,1,143040
2,142860,1,142920
3,142920,1,142980
2,142980,1,143100
3,143040,1,143100
1,143100,1,143160
3,143160,1,143280
0,143160,1,143280
1,143220,1,143370
2,143280,1,143340
0,143340,1,143400
3,143400,1,143490
2,143430,1,143520
1,143460,1,143550
0,143490,1,143700
1,143640,1,143760
2,143670,1,143820
3,143700,1,143880
1,143880,1,144060
0,143880,1,143940
2,144000,1,144060
3,144120,1,144210
0,144120,1,144180
2,144150,1,144300
1,144180,1,144240
0,144240,1,144480
1,144300,1,144360
2,144360,1,144420
3,144360,1,144420
1,144420,1,144540
2,144480,1,144540
3,144540,1,144600
2,144600,1,144660
3,144660,1,144840
1,144720,1,144780
0,144720,1,144960
2,144780,1,144840
1,144840,1,144900
3,144900,1,145020
2,144960,1,145080
1,145020,1,145140
0,145080,1,145320
3,145080,1,145140
2,145140,1,145200
3,145200,1,145260
2,145260,1,145320
1,145320,1,145380
2,145380,1,145440
1,145440,1,145500
3,145440,1,145680
0,145500,1,145560
1,145560,1,145620
0,145620,1,145740
2,145680,1,145800
1,145740,1,145860
3,145800,1,145920
0,145800,1,145860
2,145860,1,145980
0,145920,1,145980
1,145980,1,146100
3,146040,1,146220
0,146040,1,146160
2,146100,1,146160
1,146160,1,146220
2,146220,1,146460
1,146280,1,146340
0,146280,1,146460
3,146340,1,146400
1,146400,1,146460
3,146460,1,146580
1,146520,1,146700
2,146580,1,146640
0,146640,1,146700
3,146640,1,146760
2,146700,1,146760
0,146760,1,146880
1,146820,1,146880
3,146880,1,146940
2,146920,1,147000
1,146960,1,147060
0,147000,1,147120
3,147000,1,147240
2,147060,1,147120
1,147120,1,147180
2,147180,1,147240
0,147240,1,147330
1,147270,1,147360
2,147300,1,147390
3,147330,1,147540
2,147480,1,147600
1,147510,1,147660
0,147540,1,147720
1,147720,1,147840
3,147720,1,147840
2,147840,1,147900
3,147900,1,147960
2,147960,1,148080
0,147960,1,148020
1,148020,1,148080
0,148080,1,148380
1,148140,1,148200
2,148200,1,148260
3,148200,1,148260
1,148260,1,148440
2,148320,1,148380
3,148380,1,148440
2,148440,1,148500
0,148440,1,148560
3,148500,1,148560
1,148560,1,148620
2,148620,1,148740
1,148680,1,148800
0,148740,1,148860
3,148800,1,148860
2,148860,1,148920
3,148920,1,149160
0,148920,1,149040
2,148980,1,149040
1,149040,1,149100
2,149100,1,149220
1,149160,1,149220
0,149220,1,149280
1,149280,1,149340
3,149280,1,149400
0,149340,1,149460
2,149400,1,149460
1,149460,1,149520
2,149520,1,149640
0,149580,1,149640
1,149640,1,149820
3,149640,1,149760
2,149700,1,149760
0,149760,1,149820
2,149820,1,149880
0,149880,1,150120
1,149880,1,149940
3,149940,1,150060
1,150000,1,150060
2,150060,1,150120
1,150120,1,150300
3,150120,1,150180
0,150180,1,150300
2,150240,1,150300
3,150300,1,150480
2,150360,1,150420
1,150420,1,150480
2,150480,1,150540
0,150480,1,150600
3,150540,1,150720
1,150600,1,150660
0,150660,1,150720
1,150720,1,150780
2,150780,1,150840
0,150840,1,150960
3,150840,1,150960
1,150900,1,151020
2,150960,1,151080
3,151020,1,151080
0,151080,1,151170
1,151110,1,151200
2,151140,1,151230
3,151170,1,151380
2,151320,1,151440
1,151350,1,151500
0,151380,1,151560
2,151560,1,151740
3,151560,1,151680
1,151680,1,151740
0,151800,1,151890
3,151800,1,151860
1,151830,1,151980
2,151860,1,151920
3,151920,1,151980
2,151980,1,152040
1,152040,1,152100
0,152040,1,152220
2,152100,1,152160
1,152160,1,152220
3,152220,1,152340
0,152280,1,152340
1,152340,1,152400
3,152400,1,152580
0,152400,1,152460
1,152460,1,152520
2,152520,1,152580
1,152580,1,152640
2,152640,1,152700
0,152700,1,152880
3,152760,1,152820
1,152760,1,152940
2,152820,1,152880
3,152880,1,153000
2,152940,1,153060
0,153000,1,153060
1,153060,1,153240
0,153120,1,153240
3,153120,1,153180
2,153180,1,153360
3,153240,1,153360
0,153300,1,153360
1,153360,1,153480
0,153420,1,153600
2,153480,1,153540
3,153480,1,153600
1,153540,1,153600
2,153600,1,153660
1,153660,1,153840
0,153720,1,153780
3,153720,1,153840
2,153780,1,153840
0,153840,1,153900
2,153900,1,154140
0,153960,1,154200
3,153960,1,154020
1,154020,1,154080
3,154080,1,154200
1,154140,1,154260
2,154200,1,154260
3,154260,1,154440
0,154320,1,154440
2,154320,1,154380
1,154380,1,154560
2,154440,1,154500
0,154500,1,154620
3,154560,1,154620
2,154600,1,154680
1,154640,1,154740
3,154680,1,154860
0,154680,1,154860
2,154740,1,154800
1,154800,1,154920
2,154860,1,154980
3,154920,1,154980
0,154980,1,155160
1,155040,1,155100
3,155040,1,155160
2,155100,1,155220
1,155160,1,155280
0,155220,1,155340
3,155280,1,155460
2,155340,1,155400
1,155400,1,155520
0,155400,1,155580
2,155460,1,155640
3,155520,1,155580
1,155580,1,155640
0,155640,1,155760
3,155640,0
1,155880,1,156000
3,156120,1,156180
0,156240,1,156300
2,156480,1,156540
3,156600,1,156660
0,156720,1,156780
1,156960,1,157020
2,157080,1,157140
0,157200,0
2,157320,0
1,157440,0
3,157560,1,157680
2,157620,1,157680
0,157800,1,157920
1,157860,1,157920
2,158040,1,158100
0,158160,1,158220
1,158400,1,158460
3,158520,1,158580
0,158640,1,158700
2,158880,1,158940
0,158940,1,159000
3,159000,0
1,159120,0
2,159240,0
0,159480,1,159600
1,159540,1,159600
3,159720,1,159840
2,159780,1,159840
0,159960,1,160020
2,160080,1,160140
3,160320,1,160380
1,160440,1,160500
2,160560,1,160620
1,160800,1,160860
3,160920,1,160980
1,161040,0
2,161160,0
0,161280,0
3,161400,1,161520
2,161460,1,161520
0,161640,1,161760
1,161700,1,161760
3,161880,1,161940
1,162000,1,162060
2,162240,1,162300
3,162360,1,162420
0,162480,1,162540
1,162720,1,162780
2,162840,1,162900
0,162960,0
3,163080,0
3,163320,0
2,163320,0
0,163320,0
0,163440,0
1,163560,0
2,163680,0
3,163680,0
3,163800,0
1,163920,0
0,164040,0
2,164040,0
3,164040,0
0,164160,0
1,164280,0
2,164400,0
3,164400,0
2,164520,0
0,164640,0
1,164760,0
1,164880,0
3,165000,0
0,165000,0
1,165120,0
3,165120,0
0,165240,0
2,165240,0
3,165240,0
2,165360,0
1,165480,0
0,165600,0
3,165600,0
0,165720,0
1,165840,0
2,165960,0
3,165960,0
0,165960,0
3,166080,0
2,166200,0
1,166320,0
0,166320,0
0,166440,0
2,166560,0
2,166680,0
1,166800,0
0,166920,0
3,166920,0
2,167040,0
0,167040,0
0,167160,0
1,167160,0
3,167160,0
1,167280,0
3,167400,0
2,167520,0
0,167520,0
0,167640,0
1,167760,0
2,167880,0
3,167880,0
0,167880,0
2,168000,0
3,168120,0
2,168240,0
0,168240,0
0,168360,0
1,168480,0
2,168600,0
2,168720,0
3,168840,0
0,168840,0
1,168960,0
3,168960,0
3,169080,0
2,169080,0
0,169080,0
1,169140,0
2,169200,0
3,169260,0
1,169320,0
0,169380,0
3,169440,0
2,169500,0
1,169560,0
3,169620,0
0,169680,0
1,169740,0
2,169800,0
3,169800,0
0,169860,0
3,169920,0
2,169980,0
1,170040,0
3,170100,0
2,170160,0
0,170220,0
3,170280,0
1,170340,0
2,170400,0
3,170460,0
1,170520,0
0,170520,0
0,171000,1,172920
2,171000,1,171240
1,171000,0
3,171240,0
3,171360,1,171600
1,171720,1,171960
3,171960,0
3,172080,1,172320
1,172440,1,172560
2,172680,1,172800
3,172920,1,174840
1,172920,1,173160
0,173160,0
0,173280,1,173520
2,173640,1,173880
1,174120,1,174240
2,174360,1,174480
0,174600,1,174840
2,174840,1,176760
1,174840,1,175080
3,175080,0
3,175200,1,175440
0,175560,1,175800
3,175800,0
3,175920,1,176160
0,176280,1,176400
1,176280,0
3,176520,1,176640
0,176760,1,178680
1,176760,1,177000
3,176800,0
2,177000,0
2,177120,1,177360
3,177480,1,177720
2,177720,0
1,177840,0
1,177960,1,178080
3,178200,1,178320
2,178440,1,178680
3,178680,1,180600
1,178680,1,178920
2,178920,0
2,179040,1,179280
0,179400,1,179640
2,179640,0
2,179760,1,180000
1,180120,1,180240
2,180360,1,180480
1,180600,1,182520
0,180600,1,180840
3,180840,0
3,180960,1,181200
2,181320,1,181560
0,181560,0
3,181680,0
0,181800,1,181920
2,182040,1,182160
3,182280,1,182520
0,182520,1,183480
2,182520,1,182760
3,182640,0
1,182760,0
1,182880,1,183120
2,183120,0
3,183240,1,183360
3,183480,1,184440
2,183480,0
2,183600,1,183840
1,183960,1,184080
2,184200,1,184320
0,184440,0
1,184500,0
2,184560,0
3,184620,0
2,184680,0
1,184740,0
0,184800,0
1,184860,0
0,184920,0
3,184920,0
2,184980,0
1,185040,0
0,185100,0
1,185160,0
2,185220,0
3,185280,0
2,185340,0
3,185400,0
0,185400,0
1,185460,0
2,185520,0
3,185580,0
2,185640,0
1,185700,0
0,185760,0
1,185820,0
3,185880,0
0,185880,0
2,185940,0
1,186000,0
3,186060,0
0,186120,0
1,186180,0
2,186240,0
0,186300,0
3,186360,0
2,186360,1,186420
1,186390,1,186450
0,186420,1,188880
2,186480,0
3,186600,0
1,186720,0
2,186840,0
3,187080,0
1,187200,0
1,187320,0
2,187320,0
3,187320,0
3,187440,0
1,187560,0
2,187680,0
3,187800,0
1,188040,0
3,188160,0
1,188280,0
2,188280,0
1,188400,0
2,188520,0
3,188520,0
3,188640,0
2,188760,0
1,188850,1,188910
2,188880,1,188940
3,188910,1,189180
1,189000,0
2,189150,1,189210
1,189180,1,189240
0,189210,1,189510
3,189240,0
2,189360,0
1,189480,1,189552
2,189528,1,189600
3,189576,1,189672
2,189648,1,189720
1,189696,1,190152
0,189744,1,189816
2,189792,1,189864
3,189840,1,189984
2,189936,1,190008
0,189960,1,190104
2,190110,1,190200
3,190140,1,192060
0,190200,0
1,190320,0
2,190440,0
0,190560,0
1,190680,0
0,190920,0
2,191040,0
1,191160,0
2,191160,0
0,191160,0
0,191280,0
2,191400,0
0,191520,0
1,191640,0
0,191880,0
2,192020,1,192120
1,192080,1,192180
3,192120,0
0,192120,1,192900
2,192360,0
3,192360,0
1,192480,0
2,192600,0
3,192720,0
1,192840,0
2,192960,0
1,193080,0
0,193080,0
3,193080,0
2,193160,1,193220
3,193180,1,194040
0,193200,0
1,193320,0
0,193440,0
2,193560,0
1,193680,0
2,193800,0
0,193920,0
2,194000,1,194060
1,194020,1,194080
0,194040,1,194880
3,194160,0
2,194280,0
3,194400,1,194640
1,194520,0
2,194640,0
3,194760,0
1,194840,1,194900
2,194860,1,194920
3,194880,1,195240
0,195000,0
1,195000,0
0,195120,1,195360
2,195220,1,195280
1,195260,1,195700
2,195360,0
3,195480,1,195600
0,195600,0
2,195680,1,195740
3,195705,1,195840
0,195720,1,195840
2,195920,1,195980
1,195940,1,196000
0,195960,1,196460
2,196080,0
3,196200,0
1,196200,0
3,196320,1,196560
1,196420,1,196480
2,196440,1,197880
0,196560,0
1,196680,1,196920
3,196800,0
3,196920,0
0,196920,0
1,197040,0
3,197160,0
0,197160,1,197280
3,197280,0
0,197400,0
1,197400,1,197520
3,197520,0
3,197640,1,197760
0,197640,0
0,197760,0
1,197880,1,198000
3,197880,1,199680
0,198000,0
1,198120,0
2,198240,1,198480
0,198360,0
0,198480,0
1,198600,1,198720
2,198600,0
2,198720,0
1,198840,0
0,198840,0
0,198960,1,199200
2,198960,0
2,199080,0
1,199200,0
1,199320,1,199440
2,199320,0
0,199440,0
0,199560,1,199680
2,199620,0
1,199680,0
0,199740,0
1,199800,1,199920
3,199800,1,199860
2,199860,1,199920
3,199920,1,199980
2,199980,1,200040
0,200040,1,200160
1,200040,1,200100
2,200100,1,200220
1,200160,1,200280
3,200220,1,200340
2,200280,1,200400
0,200280,1,200340
1,200340,1,200400
0,200400,1,200460
1,200460,1,200520
3,200520,1,200640
2,200520,1,200580
1,200580,1,200700
2,200640,1,200760
0,200700,1,200820
1,200760,1,200880
3,200760,1,200820
2,200820,1,200880
3,200880,1,200940
2,200940,1,201000
0,201000,1,201120
1,201000,1,201060
2,201060,1,201180
1,201120,1,201240
3,201180,1,201300
2,201240,1,201360
0,201240,1,201300
1,201300,1,201360
0,201360,1,201420
1,201420,1,201480
3,201480,1,201600
2,201480,1,201540
1,201540,1,201600
2,201600,1,201660
3,201660,1,201720
0,201720,0
2,201720,0
1,201720,0
2,201960,1,202080
3,202080,1,202200
0,202200,0
1,202200,1,202320
3,202320,1,202440
1,202440,1,202560
2,202560,1,202680
3,202680,0
0,202680,1,202800
1,202800,1,202920
2,202920,1,203040
0,203040,1,203160
2,203160,0
3,203160,1,203280
1,203280,1,203400
3,203400,1,203520
2,203520,1,203640
0,203640,1,203760
1,203640,0
2,203760,1,203880
3,203880,1,204000
1,204000,1,204120
2,204120,0
3,204120,1,204240
0,204240,1,204360
2,204360,1,204480
0,204480,1,204600
3,204600,0
1,204600,1,204720
2,204720,1,204840
0,204840,1,204960
2,204960,1,205080
3,205080,1,205200
0,205080,0
1,205200,0
0,205200,1,205320
2,205260,0
1,205320,0
3,205320,1,205440
0,205440,0
2,205440,1,205560
3,205500,0
1,205560,1,205620
0,205560,0
1,205680,1,205800
2,205800,1,205920
3,205800,0
0,205920,1,206040
3,206040,0
2,206040,1,206160
1,206160,1,206280
0,206280,0
3,206280,1,206400
2,206400,0
1,206400,1,206520
0,206520,0
3,206520,1,206640
2,206640,1,206760
3,206760,0
1,206760,1,206880
2,206880,1,207000
1,207000,0
0,207000,1,207120
2,207120,0
3,207120,1,207240
1,207180,0
2,207240,0
0,207240,1,207360
1,207360,1,207480
3,207360,0
0,207420,0
3,207480,1,207600
2,207480,0
1,207600,0
0,207720,1,207840
2,207720,0
3,207840,1,207960
0,207960,0
1,207960,1,208080
2,208080,1,208200
3,208200,0
0,208200,1,208320
2,208320,1,208440
1,208320,0
0,208440,0
3,208440,1,208560
1,208560,1,208680
3,208680,0
2,208680,1,208800
0,208800,1,208920
3,208920,1,209040
2,208920,0
0,209040,1,209160
1,209040,0
2,209100,0
3,209160,1,209280
1,209160,0
0,209280,0
2,209280,1,209400
3,209340,0
1,209400,1,209640
0,209400,0
2,209640,1,209760
3,209640,0
0,209760,1,209880
1,209880,0
3,209880,1,210000
1,210000,1,210120
3,210120,0
0,210120,1,210240
2,210240,1,210360
1,210360,0
3,210360,0
0,210360,1,210480
1,210480,1,210600
2,210600,0
3,210600,1,210720
0,210720,1,210840
3,210840,0
2,210840,1,210960
1,210960,1,211080
0,211080,0
3,211080,1,211200
0,211200,0
2,211200,1,211320
1,211320,1,211440
3,211320,0
0,211320,0
3,211440,1,211560
2,211560,0
0,211560,1,211680
1,211680,1,211800
0,211800,0
3,211800,1,211920
1,211920,1,212040
3,212040,0
0,212040,1,212160
2,212160,1,212280
0,212280,0
3,212280,0
1,212280,1,212400
2,212400,1,212520
0,212520,0
3,212520,1,212640
1,212640,1,212760
3,212760,0
2,212760,1,212880
0,212880,1,213000
1,212880,0
3,212940,0
2,213000,1,213120
1,213000,0
3,213120,1,213180
0,213120,0
1,213180,0
0,213240,0
2,213240,0
3,213240,0
3,213360,0
1,213360,0
0,213480,0
2,213480,0
0,213600,0
1,213600,0
3,213720,0
1,213720,0
0,213840,0
3,213840,0
0,213960,0
2,213960,0
3,214080,0
1,214080,0
3,214200,0
0,214200,0
1,214320,0
2,214320,0
3,214440,0
0,214440,0
0,214560,0
2,214560,0
3,214680,0
1,214680,0
3,214800,0
0,214800,0
0,214920,0
2,214920,0
1,215040,0
0,215040,0
2,215160,0
3,215160,0
1,215220,0
3,215280,0
0,215280,0
2,215340,0
3,215400,0
1,215400,0
0,215460,0
2,215520,0
1,215520,0
3,215580,0
0,215640,0
2,215640,0
1,215700,0
2,215760,0
3,215760,0
1,215820,0
3,215880,0
0,215880,0
2,215940,0
3,216000,0
0,216000,0
1,216060,0
3,216120,0
2,216135,0
0,216160,0
1,216210,0
2,216270,0
3,216320,0
1,216345,0
0,216360,0
0,216600,0
1,216615,0
3,216640,0
2,216690,0
1,216750,0
0,216800,0
2,216825,0
3,216840,0
0,217080,1,217260
1,217080,0
3,217080,1,217200
2,217140,1,217200
1,217200,1,217320
3,217260,1,217380
0,217320,1,217380
2,217320,1,217380
1,217380,1,217500
0,217440,1,217500
3,217440,0
2,217500,1,217620
1,217560,1,217620
3,217560,1,217740
0,217620,1,217740
1,217680,1,217800
2,217740,1,217800
3,217800,1,217920
0,217800,1,217980
2,217860,1,217920
1,217920,1,218040
2,217980,1,218100
3,218040,1,218160
0,218040,1,218100
1,218100,1,218160
0,218160,1,218280
2,218160,0
3,218220,1,218340
1,218280,1,218460
2,218280,1,218340
0,218340,1,218400
2,218400,1,218520
3,218460,1,218520
1,218520,0
0,218520,1,218700
2,218580,0
3,218580,1,218700
1,218640,1,218700
2,218700,1,218760
0,218760,0
1,218760,1,218880
3,218820,0
2,218820,1,219000
0,218880,1,218940
3,218940,1,219000
1,219000,1,219120
0,219000,1,219060
3,219060,1,219120
2,219120,1,219240
1,219180,1,219240
3,219240,1,219300
0,219240,1,219420
2,219300,1,219360
3,219360,1,219480
1,219360,0
2,219420,1,219480
0,219480,1,219540
1,219480,1,219600
2,219540,1,219720
3,219600,1,219660
0,219660,1,219720
3,219720,1,219900
1,219720,1,219840
0,219780,1,219900
2,219840,1,220020
1,219900,1,219960
3,219960,1,220080
0,219960,1,220020
1,220020,1,220140
2,220080,1,220140
0,220140,1,220200
3,220200,0
2,220200,1,220380
1,220260,0
0,220260,1,220380
3,220320,1,220380
1,220380,1,220440
2,220440,0
3,220440,1,220620
0,220500,0
1,220500,1,220620
2,220560,1,220620
0,220620,1,220680
3,220680,0
2,220680,1,220920
1,220740,0
0,220740,1,220860
3,220800,1,220860
1,220860,1,220920
0,220920,1,221100
3,220920,1,221040
1,220980,1,221040
2,221040,1,221160
1,221100,1,221160
0,221160,1,221220
3,221160,1,221280
2,221220,1,221340
0,221280,1,221400
1,221280,0
3,221340,1,221520
1,221400,1,221460
2,221400,1,221520
0,221460,1,221520
1,221520,1,221640
2,221580,1,221640
3,221640,1,221700
0,221640,1,221760
2,221700,1,221820
1,221760,1,221820
3,221820,1,221880
1,221880,1,221940
2,221880,1,222000
0,221940,1,222060
3,222000,1,222120
1,222000,0
2,222060,1,222120
1,222120,1,222180
0,222120,1,222300
3,222180,1,222300
2,222240,1,222360
1,222300,1,222360
3,222360,1,222540
0,222360,0
2,222420,0
1,222420,1,222540
0,222480,1,222540
2,222540,1,222600
0,222600,1,222780
3,222600,0
1,222660,0
2,222660,1,222840
3,222720,1,222780
1,222780,1,222840
3,222840,1,223080
0,222840,1,222960
1,222900,1,222960
2,222960,1,223020
0,223020,1,223080
1,223080,1,223140
2,223080,1,223200
3,223140,1,223200
0,223200,1,223320
1,223200,0
3,223260,1,223380
1,223320,1,223440
2,223320,1,223380
0,223380,1,223440
3,223440,1,223560
1,223500,1,223560
0,223560,1,223800
2,223560,1,223680
1,223620,1,223680
3,223680,1,223740
2,223740,1,223860
1,223800,1,223860
3,223800,1,223980
0,223860,1,223920
1,223920,1,224040
2,223980,1,224040
3,224040,0
0,224040,1,224220
1,224100,0
2,224100,1,224220
3,224160,1,224220
1,224220,1,224280
0,224280,0
3,224280,1,224460
2,224340,0
1,224340,1,224460
0,224400,1,224460
2,224460,1,224520
3,224520,0
0,224520,1,224700
1,224580,0
2,224580,1,224760
3,224640,1,224700
1,224700,1,224760
3,224760,1,224940
0,224760,1,224820
1,224820,1,224880
2,224880,1,225000
0,224940,1,225060
3,225000,1,225060
1,225000,1,225060
2,225060,1,225180
0,225120,0
3,225120,1,225180
1,225180,1,225300
2,225240,1,225300
0,225240,1,225420
3,225300,1,225420
2,225360,1,225480
1,225420,1,225480
0,225480,1,225600
3,225480,1,225660
1,225540,1,225600
2,225600,1,225720
1,225660,1,225780
0,225720,1,225840
3,225720,1,225780
2,225780,1,225840
3,225840,1,225960
1,225840,0
0,225900,1,226020
2,225960,1,226140
1,225960,1,226020
3,226020,1,226080
1,226080,1,226200
0,226140,1,226200
2,226200,0
3,226200,1,226380
1,226260,0
0,226260,1,226380
2,226320,1,226380
1,226380,1,226440
3,226440,0
2,226440,1,226620
0,226500,0
1,226500,1,226680
3,226560,1,226620
0,226620,1,226680
2,226680,1,226800
3,226680,1,226740
0,226740,1,226800
1,226800,1,226920
2,226860,1,226920
0,226920,1,226980
3,226920,1,227100
1,226980,1,227040
0,227040,1,227160
2,227040,0
1,227100,1,227160
3,227160,1,227220
2,227160,1,227280
1,227220,1,227400
0,227280,1,227340
3,227340,1,227400
0,227400,1,227580
2,227400,1,227520
3,227460,1,227580
1,227520,1,227700
2,227580,1,227640
0,227640,1,227760
3,227640,1,227700
2,227700,1,227820
1,227760,1,227820
3,227820,1,227880
0,227880,0
1,227880,1,228060
3,227940,1,228060
2,227940,0
0,228000,1,228060
2,228060,1,228120
1,228120,0
0,228120,1,228300
3,228180,0
2,228180,1,228300
1,228240,1,228300
3,228300,1,228360
0,228360,0
1,228360,1,228600
2,228420,0
3,228420,1,228540
0,228480,1,228540
2,228540,1,228600
3,228600,1,228780
0,228600,1,228720
2,228660,1,228720
1,228720,1,228840
2,228780,1,228840
3,228840,1,228900
0,228840,1,228960
1,228900,1,229020
3,228960,1,229080
2,228960,0
0,229020,1,229140
2,229080,1,229140
1,229080,1,229200
3,229140,1,229200
2,229200,1,229320
1,229260,1,229320
0,229320,1,229380
3,229320,1,229440
1,229380,1,229500
2,229440,1,229500
0,229500,1,229560
2,229560,1,229620
1,229560,1,229680
3,229620,1,229680
0,229680,1,229800
2,229680,0
1,229740,1,229800
2,229800,1,229860
3,229800,1,229980
0,229860,1,229980
1,229920,1,230040
2,229980,1,230040
3,230040,0
0,230040,1,230220
1,230100,0
2,230100,1,230280
3,230160,1,230220
1,230220,1,230280
0,230280,0
3,230280,1,230460
2,230340,0
1,230340,1,230580
0,230400,1,230460
2,230460,1,230520
0,230520,0
3,230520,1,230580
2,230580,1,230700
1,230640,0
0,230640,1,230700
3,230700,1,230820
2,230760,0
1,230760,1,230880
0,230820,1,230880
3,230880,0
2,230880,1,230940
0,230940,0
1,230940,1,231060
3,231000,1,231060
2,231000,0
0,231060,1,231180
2,231120,1,231180
1,231120,0
3,231180,1,231300
1,231240,1,231300
0,231240,0
2,231300,1,231360
0,231360,1,231420
1,231390,0
2,231420,1,231480
3,231450,1,231900
0,231480,1,231540
1,231495,1,231660
2,231600,1,231660
0,231705,0
1,231720,1,231780
2,231735,1,231900
1,231945,0
3,231960,1,232020
0,231960,1,232380
2,231975,1,232140
1,232080,1,232140
3,232185,0
2,232200,1,232245
1,232215,1,232380
0,232440,0
2,232440,1,232560
3,232440,1,232500
1,232500,1,232620
0,232560,1,232620
2,232620,1,232740
1,232680,0
3,232680,1,232740
0,232740,0
1,232800,1,232920
2,232800,1,232860
3,232860,1,233040
2,232920,1,232980
0,232920,1,233100
1,232980,1,233040
2,233040,1,233100
1,233100,0
0,233160,1,233340
3,233160,1,233280
2,233220,1,233280
1,233280,1,233340
2,233340,1,233460
1,233400,0
3,233400,1,233460
0,233460,0
1,233520,1,233640
2,233520,1,233580
3,233580,1,233700
0,233640,1,233700
2,233640,1,233760
1,233700,1,233760
0,233760,1,233880
2,233820,1,234000
1,233880,1,233940
3,233880,1,234060
0,233940,1,234000
1,234000,1,234060
2,234060,1,234120
0,234120,0
1,234120,1,234180
3,234180,1,234240
2,234180,0
0,234240,1,234300
1,234240,0
2,234300,1,234360
3,234300,0
0,234360,1,234420
1,234360,1,234480
2,234420,1,234540
3,234480,1,234540
1,234540,1,234660
2,234600,0
0,234600,1,234660
3,234660,0
2,234720,1,234840
1,234720,1,234780
0,234780,1,234960
1,234840,0
3,234840,1,234900
2,234900,1,235020
1,234960,1,235020
3,235020,0
0,235080,1,235380
2,235080,1,235140
3,235140,1,235260
1,235140,1,235200
2,235200,0
1,235260,0
3,235320,1,235380
2,235320,1,235500
1,235380,1,235440
0,235440,0
3,235500,0
0,235560,1,235620
1,235560,1,235680
3,235620,1,235740
2,235620,1,235680
0,235680,0
1,235740,1,235800
2,235800,1,235920
3,235800,1,235860
0,235860,1,235980
1,235860,1,235920
3,235920,0
2,235980,1,236040
0,236040,1,236100
1,236040,0
2,236100,1,236160
3,236100,0
0,236160,0
1,236160,1,236220
2,236220,0
3,236220,1,236280
1,236280,1,236460
0,236280,1,236400
2,236340,1,236400
3,236400,0
2,236460,1,236580
1,236520,0
0,236520,1,236580
3,236580,0
2,236640,1,236700
1,236640,1,236940
0,236700,1,236760
3,236760,1,236880
2,236760,0
0,236820,1,236880
2,236880,1,236940
3,236940,0
0,237000,1,237060
1,237000,1,237180
2,237060,1,237120
3,237120,0
0,237180,0
2,237240,0
3,237240,1,237360
0,237300,0
1,237360,1,237420
2,237360,1,237660
3,237420,1,237480
1,237480,0
0,237480,1,237600
3,237540,1,237600
1,237600,1,237660
0,237660,0
2,237720,1,237780
3,237720,1,237900
0,237780,1,237840
1,237780,1,237960
2,237840,0
0,237900,0
2,237960,0
3,237960,1,238020
1,238020,0
0,238020,1,238080
3,238080,0
2,238080,1,238140
1,238140,0
0,238140,1,238200
2,238200,1,238380
3,238200,1,238260
1,238260,1,238320
0,238320,1,238380
1,238380,1,238500
3,238440,0
2,238440,0
0,238500,0
1,238560,1,238620
3,238560,1,238860
2,238620,1,238680
0,238680,1,238740
1,238680,1,238800
2,238740,1,238860
0,238800,0
1,238860,0
0,238920,1,239100
2,238920,0
1,238980,1,239040
3,238980,0
2,239040,1,239160
1,239100,1,239220
3,239160,1,239280
0,239160,0
2,239220,1,239280
1,239280,0
3,239340,0
2,239400,0
1,239400,1,239580
3,239460,1,239580
0,239460,1,239520
2,239520,1,239580
0,239580,0
1,239640,0
2,239640,1,239880
0,239700,1,239820
3,239700,1,239760
1,239760,1,239820
3,239820,0
0,239880,1,239955
1,239910,1,239985
2,239940,1,240015
3,239970,1,240045
0,240000,0
1,240030,0
2,240060,0
3,240090,0
1,240120,1,240240
0,240120,1,240180
3,240180,1,240300
2,240240,1,240300
0,240240,1,240420
1,240300,0
3,240360,1,240420
2,240360,0
1,240420,0
0,240480,0
2,240480,1,240600
3,240540,1,240600
1,240600,1,240660
0,240600,1,240780
3,240660,0
1,240720,0
2,240720,1,240780
3,240780,0
2,240840,0
0,240840,1,240960
1,240900,1,240960
3,240960,1,241080
2,240960,1,241020
0,241020,1,241140
1,241080,0
2,241080,1,241140
3,241140,0
0,241200,1,241260
1,241200,1,241320
2,241260,1,241380
3,241320,1,241380
0,241320,0
1,241380,1,241500
3,241440,1,241500
2,241440,0
0,241500,0
1,241560,1,241620
2,241560,1,241740
3,241620,0
0,241680,1,241740
1,241680,0
3,241740,0
1,241800,1,241980
2,241800,1,241860
0,241860,0
2,241920,0
3,241920,1,241980
0,241980,0
1,242040,0
2,242080,0
3,242120,0
1,242160,0
0,242200,0
2,242240,0
3,242280,0
1,242320,0
2,242360,0
0,242400,0
1,242440,0
3,242480,0
2,242520,0
1,242554,0
0,242588,0
2,242622,0
3,242657,0
1,242700,0
3,242760,0
2,242790,0
1,242820,0
0,242850,0
2,242880,0
3,242940,0
0,243000,0
1,243000,0
2,243060,0
0,243120,0
1,243120,0
2,243180,0
0,243240,0
1,243280,0
3,243320,0
0,243360,0
2,243400,0
3,243440,0
1,243480,1,243540
0,243510,0
3,243540,1,243600
2,243570,0
0,243600,1,243660
1,243630,0
2,243660,1,243720
3,243690,0
1,243720,1,243780
0,243760,1,243860
3,243800,1,243860
1,243840,1,243900
2,243880,1,243940
3,243920,1,244140
1,243960,0
0,243960,1,244260
2,244200,1,244380
1,244200,1,244260
3,244200,0
1,244320,1,244500
3,244320,1,244380
0,244320,0
2,244440,0
0,244440,1,244500
3,244500,1,244620
1,244560,0
2,244560,1,244620
0,244620,1,244740
1,244680,1,244760
2,244720,1,244780
3,244760,1,244860
0,244800,1,244860
2,244840,1,244900
1,244880,1,244940
3,244920,1,245220
0,244920,1,245160
1,245160,0
2,245160,1,245220
0,245220,1,245340
1,245280,1,245340
3,245280,1,245400
2,245340,1,245400
1,245400,1,245460
0,245430,0
3,245460,1,245520
2,245490,0
0,245520,1,245580
1,245520,1,245640
2,245640,1,245700
3,245670,0
0,245700,1,245760
1,245730,0
2,245760,1,245880
3,245760,1,245820
0,245880,1,246060
1,245880,1,245940
3,245880,0
2,245940,1,246000
3,246000,1,246180
1,246000,0
2,246060,1,246120
1,246120,1,246240
0,246120,0
2,246180,1,246300
0,246240,1,246360
3,246240,0
1,246300,1,246360
3,246360,1,246540
2,246360,1,246420
1,246420,1,246480
0,246480,1,246660
2,246480,0
1,246540,1,246600
2,246600,1,246720
3,246600,0
1,246660,1,246780
0,246720,1,246780
3,246720,1,246840
2,246780,1,246840
0,246840,1,246960
1,246855,0
3,246885,1,247005
2,246945,1,247035
1,246990,1,247065
0,247035,1,247095
2,247080,1,247260
3,247095,0
1,247140,1,247200
3,247200,1,247260
0,247215,0
1,247260,1,247320
3,247320,1,247440
2,247335,0
0,247365,1,247485
1,247425,1,247515
2,247470,1,247545
3,247515,1,247575
1,247560,1,247740
0,247575,0
2,247620,1,247680
0,247680,1,247740
3,247695,0
2,247740,1,247800
3,247800,1,248520
0,247800,0
1,247920,0
2,248040,0
1,248160,0
0,248160,0
2,248280,0
0,248520,1,249720
1,248520,0
2,248640,0
3,248760,0
1,248880,0
3,249000,0
1,249120,0
2,249120,0
3,249240,0
1,249480,0
2,249600,0
1,249720,1,250440
3,249720,0
2,249840,0
0,249960,0
3,250080,0
2,250200,0
0,250200,0
3,250440,1,251160
2,250440,0
1,250560,0
0,250680,0
2,250680,0
1,250800,0
0,250920,0
1,251040,0
2,251040,0
0,251160,1,251640
2,251160,0
1,251280,0
3,251400,0
1,251640,1,252120
3,251640,0
2,251760,0
3,251880,0
0,252000,0
3,252120,1,252600
2,252120,0
0,252240,0
2,252360,0
1,252480,0
0,252600,1,253080
2,252600,0
3,252720,0
2,252840,0
3,252960,0
1,252960,0
2,253080,1,253560
1,253080,0
0,253200,0
3,253320,0
1,253560,0
0,253560,1,254040
3,253680,0
1,253800,0
2,253920,0
3,253920,0
3,254040,1,254520
1,254040,0
2,254160,0
0,254280,0
2,254520,1,255000
0,254520,0
3,254640,0
1,254760,0
0,254880,0
3,254880,0
1,255000,1,255120
0,255000,0
3,255120,1,255240
0,255240,1,255360
1,255240,0
2,255360,1,255480
0,255480,1,256200
3,255480,0
1,255600,0
2,255720,0
3,255840,0
1,255840,0
2,255960,0
2,256200,1,257400
3,256200,0
1,256320,0
0,256440,0
3,256440,0
1,256560,0
3,256680,0
1,256800,0
0,256800,0
3,256920,0
0,257040,0
1,257160,0
1,257400,1,258120
3,257400,0
0,257520,0
3,257640,0
0,257760,0
2,257760,0
3,257880,0
2,258000,0
3,258120,1,258840
0,258120,0
2,258240,0
0,258360,0
1,258360,0
2,258480,0
0,258600,0
1,258720,0
0,258840,1,259320
2,258840,0
1,258960,0
3,259080,0
2,259320,1,260280
3,259320,0
1,259440,0
0,259560,0
3,259680,0
1,259680,0
0,259800,0
3,259920,0
1,260040,0
3,260280,0
0,260280,1,260760
1,260400,0
3,260520,0
2,260640,0
1,260640,0
3,260760,1,261240
1,260760,0
2,260880,0
1,261000,0
0,261240,1,261720
2,261240,0
1,261360,0
2,261480,0
3,261600,0
2,261720,1,262200
1,261720,0
3,261840,0
1,261960,0
0,262080,0
1,262200,1,262680
3,262200,0
2,262320,0
0,262440,0
2,262560,0
3,262560,0
0,262680,1,263160
2,262680,0
1,263160,1,263256
2,263208,1,263304
3,263256,1,265752
2,265040,0
1,265080,0
0,265120,0
2,265704,1,265800
1,265752,1,266040
2,266000,1,266080
3,266040,1,266400
2,266280,1,266340
0,266280,1,266400
1,266340,1,266400
2,266400,1,266460
1,266460,1,266700
3,266520,1,266820
0,266520,1,266580
2,266580,1,266640
0,266640,1,266700
2,266700,1,266760
0,266760,1,266856
1,266808,1,266904
2,266856,1,266952
3,266904,1,268920
0,267000,0
1,267030,0
2,267060,0
2,268840,1,268960
1,268880,1,269000
0,268920,1,269640
1,269940,1,270030
2,269970,1,270060
3,270000,1,270840
2,270780,1,270870
1,270810,1,270900
0,270840,1,271710
1,271650,1,271740
2,271680,1,272070
1,272010,1,272100
0,272040,1,272520
1,272460,1,272550
2,272490,1,272580
3,272520,1,272760
2,272700,1,272790
1,272730,1,272820
0,272760,1,273240
2,273180,1,273300
3,273240,1,274680
2,274620,1,274710
1,274650,1,274740
0,274680,1,275640
2,274920,1,274960
1,275580,1,275670
2,275610,1,275700
3,275640,1,276480
1,275880,1,275920
2,276540,1,276630
1,276570,1,276660
0,276600,1,278520
2,278520,1,283320
1,278520,1,283320
3,278520,0
