0,1916,1,2839
3,1916,0
2,2031,0
1,2262,0
3,2492,0
1,2608,0
2,2723,0
1,2839,1,3762
3,2839,0
0,2954,0
2,3069,0
0,3185,0
3,3416,0
2,3531,0
2,3762,1,4223
0,3762,0
1,3877,0
0,4108,0
3,4223,1,4685
1,4339,0
2,4454,0
0,4569,0
1,4685,1,5146
2,4685,0
3,4800,0
0,4916,0
2,5031,0
0,5146,1,5608
3,5262,0
1,5377,0
3,5608,1,6531
2,5608,0
1,5723,0
0,5954,0
2,6185,0
1,6300,0
0,6416,0
2,6531,1,7454
1,6531,0
3,6646,0
0,6762,0
1,6877,0
3,7108,0
0,7223,0
1,7454,1,7916
3,7454,0
2,7569,0
0,7685,0
3,7800,0
0,7916,1,8377
2,7916,0
1,8031,0
2,8146,0
1,8262,0
3,8377,1,8839
2,8377,0
1,8492,0
0,8608,0
2,8723,0
1,8839,1,9300
0,8954,0
3,9069,0
0,9185,0
2,9300,1,10223
3,9300,0
1,9416,0
0,9646,0
3,9877,0
1,9992,0
3,10108,0
0,10223,1,11146
1,10223,0
3,10339,0
2,10454,0
1,10569,0
2,10800,0
1,10916,0
1,11146,1,12069
3,11146,0
2,11262,0
0,11492,0
2,11723,0
3,11839,0
2,11954,0
3,12069,1,12531
0,12069,0
2,12185,0
1,12300,0
0,12416,0
2,12531,1,12992
1,12646,0
3,12762,0
3,12992,1,13916
0,12992,0
1,13108,0
0,13223,0
2,13339,0
1,13569,0
0,13685,0
2,13800,0
1,13916,1,14839
0,13916,0
2,14031,0
3,14262,0
0,14492,0
2,14608,0
3,14723,0
0,14839,1,15762
2,14839,0
1,14954,0
3,15069,0
2,15185,0
3,15416,0
2,15531,0
1,15646,0
2,15762,1,16685
3,15762,0
0,15877,0
1,15992,0
0,16108,0
3,16339,0
1,16454,0
3,16685,1,20377
0,16685,0
1,16800,0
2,16916,0
0,17031,0
2,17262,0
1,17377,0
0,17492,0
2,17723,0
2,17839,0
1,17954,0
1,18069,0
0,18185,0
0,18300,0
2,18416,0
2,18531,0
0,18646,0
1,18762,0
2,18877,0
1,19108,0
0,19223,0
2,19339,0
0,19569,0
0,19685,0
1,19800,0
1,19916,0
2,20031,0
2,20146,0
1,20262,0
0,20377,1,24069
1,20377,0
2,20492,0
3,20608,0
1,20723,0
2,20839,0
3,20954,0
1,21416,0
3,21531,0
2,21646,0
1,21762,0
3,21877,0
2,21992,0
3,22339,0
1,22454,0
2,22569,0
3,22685,0
1,22800,0
2,22916,0
3,23262,0
1,23377,0
3,23492,0
2,23608,0
1,23723,0
3,24069,1,27762
2,24069,0
1,24185,0
2,24300,0
1,24416,0
0,24531,0
2,25339,0
0,25569,0
1,25685,0
0,25916,0
2,26262,0
1,26492,0
0,26608,0
1,26839,0
0,27185,0
2,27416,0
1,27531,0
0,27762,1,31454
2,28108,0
1,28339,0
3,28454,0
2,28685,0
1,29031,0
2,29262,0
1,29377,0
3,29608,0
2,29954,0
3,30185,0
1,30300,0
2,30531,0
3,30877,0
1,31108,0
2,31223,0
2,31454,1,34685
1,31454,0
0,31800,0
1,32031,0
3,32146,0
0,32377,0
3,32723,0
1,32954,0
0,33069,0
3,33300,0
1,33646,0
0,33877,0
3,33992,0
1,34223,0
1,34685,0
0,34685,0
0,34800,0
1,34800,0
2,34916,0
3,34916,0
2,35031,0
3,35031,0
1,35146,1,36992
0,35146,0
3,35146,0
2,35608,1,35954
3,35954,1,36992
2,36992,1,38839
0,36992,0
0,37454,1,37800
1,37800,1,38839
0,38839,1,40685
3,38839,0
2,39300,1,39646
1,39646,1,40685
3,40685,1,42531
2,40685,0
1,41146,1,41377
0,41377,1,41839
2,41839,0
1,41896,0
0,41954,0
2,42069,0
0,42185,0
1,42300,0
2,42416,0
1,42531,0
0,42531,0
0,42646,0
1,42646,0
2,42877,0
3,42877,0
3,42992,0
1,42992,0
0,42992,0
2,43223,0
1,43223,0
1,43339,0
2,43339,0
3,43569,0
2,43569,0
0,43685,0
1,43685,0
3,43916,0
2,43916,0
0,43916,0
1,44031,0
0,44031,0
3,44146,0
2,44146,0
1,44377,0
0,44377,0
0,44492,0
1,44492,0
2,44723,0
3,44723,0
0,44839,0
2,44839,0
1,44839,0
3,45069,0
1,45069,0
2,45185,0
0,45185,0
0,45416,0
2,45416,0
1,45531,0
3,45531,0
3,45762,0
2,45762,0
0,45762,0
1,45877,0
3,45877,0
0,45992,0
2,45992,0
1,46108,0
3,46108,0
0,46223,0
1,46223,0
2,46223,0
2,46339,0
3,46339,0
1,46454,0
0,46454,0
0,46569,0
3,46569,0
1,46685,0
2,46685,0
2,46800,0
3,46800,0
1,46916,0
0,46916,0
0,47031,0
3,47031,0
2,47146,0
3,47146,0
1,47204,0
0,47204,0
2,47262,0
3,47262,0
1,47319,0
0,47319,0
2,47377,0
3,47377,0
1,47435,0
0,47435,0
2,47492,0
3,47492,0
1,47550,0
0,47550,0
2,47608,0
3,47608,0
1,47666,0
0,47666,0
2,47723,0
3,47723,0
1,47781,0
0,47781,0
2,47839,0
3,47839,0
1,47896,0
0,47896,0
2,47954,0
3,47954,0
1,48012,0
0,48012,0
3,48069,1,48992
2,48069,0
0,48992,0
1,48992,0
2,49050,0
3,49108,0
0,49108,0
2,49223,0
1,49223,0
3,49281,0
0,49339,0
2,49339,0
1,49454,0
3,49454,0
2,49512,0
0,49569,0
1,49569,0
0,49685,0
2,49685,0
3,49685,0
3,49916,0
1,49916,0
2,50031,0
0,50031,0
0,50146,0
3,50146,0
3,50262,0
2,50262,0
1,50377,0
0,50377,0
0,50492,0
3,50492,0
3,50608,0
2,50608,0
1,50666,0
0,50666,0
2,50723,0
3,50723,0
0,50839,0
1,50839,0
2,50954,0
3,50954,0
1,51012,0
0,51012,0
3,51069,0
2,51069,0
0,51185,0
3,51185,0
2,51300,0
1,51300,0
0,51358,0
3,51358,0
2,51416,0
1,51416,0
0,51531,0
3,51531,0
0,51646,0
1,51646,0
2,51762,0
3,51762,0
3,51877,0
1,51877,0
0,51992,0
2,51992,0
1,52108,0
0,52108,0
3,52223,0
2,52223,0
0,52339,0
3,52339,0
1,52454,0
0,52454,0
2,52512,0
3,52512,0
1,52569,0
0,52569,0
2,52685,0
3,52685,0
1,52800,0
0,52800,0
2,52858,0
3,52858,0
0,52916,0
1,52916,0
3,53031,0
2,53031,0
0,53146,0
1,53146,0
2,53204,0
3,53204,0
1,53262,0
0,53262,0
2,53319,0
3,53319,0
0,53377,0
1,53406,0
2,53435,0
3,53464,0
0,53492,0
1,53521,0
2,53550,0
3,53579,0
0,53608,0
1,53608,0
1,53723,0
2,53723,0
3,53839,0
2,53839,0
1,53954,0
0,53954,0
0,54069,0
2,54069,0
1,54185,0
3,54185,0
3,54300,0
2,54300,0
1,54358,0
0,54358,0
2,54416,0
3,54416,0
1,54531,0
2,54531,0
1,54646,0
0,54646,0
2,54704,0
3,54704,0
1,54762,0
0,54762,0
3,54877,0
2,54877,0
0,54992,0
3,54992,0
2,55050,0
1,55050,0
0,55108,0
3,55108,0
1,55223,0
0,55223,0
2,55339,0
3,55339,0
1,55454,0
0,55454,0
3,55454,0
2,55569,0
3,55569,0
1,55627,0
0,55627,0
2,55685,0
3,55685,0
1,55742,0
0,55742,0
2,55800,0
3,55800,0
0,55916,0
1,55916,0
2,55973,0
3,55973,0
1,56031,0
0,56031,0
2,56089,0
3,56089,0
0,56146,0
1,56146,0
3,56262,0
2,56262,0
3,56377,0
0,56377,0
1,56492,0
2,56608,0
1,56723,0
0,56839,0
3,56954,0
1,57069,0
2,57069,0
0,57069,1,57300
1,57300,0
2,57300,0
3,57300,0
0,57416,0
3,57416,0
1,57531,0
0,57531,0
3,57646,0
2,57646,0
1,57762,0
2,57762,0
0,57877,0
1,57877,0
2,57992,0
3,57992,0
1,58050,0
0,58050,0
2,58108,0
3,58108,0
1,58223,0
3,58223,0
1,58339,0
0,58339,0
2,58396,0
3,58396,0
1,58454,0
0,58454,0
2,58569,0
0,58569,0
2,58685,0
3,58685,0
1,58742,0
0,58742,0
3,58800,0
2,58829,0
1,58858,0
0,58887,0
3,58916,1,59146
2,59146,0
1,59146,0
0,59146,0
2,59262,0
3,59262,0
0,59377,0
3,59377,0
1,59492,0
0,59492,0
1,59608,0
2,59608,0
2,59723,0
3,59723,0
0,59839,0
1,59839,0
2,59896,0
3,59896,0
1,59954,0
0,59954,0
2,60069,0
3,60069,0
1,60127,0
0,60127,0
2,60185,0
3,60185,0
0,60300,0
3,60300,0
2,60358,0
1,60358,0
0,60416,0
3,60416,0
2,60531,0
1,60531,1,60762
0,60762,1,60992
2,60992,0
3,60992,0
1,61050,0
0,61050,0
2,61108,0
3,61108,0
1,61166,0
0,61166,0
2,61223,0
3,61223,0
0,61339,0
1,61339,0
1,61454,0
3,61454,0
2,61569,0
0,61569,0
3,61685,0
2,61699,0
0,61800,0
1,61815,0
0,61916,0
2,61916,0
3,61916,0
1,62031,0
2,62031,0
0,62089,0
3,62089,0
2,62146,0
1,62146,0
0,62262,0
3,62262,0
2,62319,0
1,62319,0
0,62377,0
3,62377,1,62608
2,62608,1,62839
1,62839,0
0,62839,0
3,62839,0
2,62954,0
3,62954,0
1,63069,1,63300
2,63300,0
3,63300,0
0,63358,0
1,63358,0
2,63416,0
3,63416,0
1,63473,0
0,63473,0
2,63531,1,63762
1,63762,0
3,63762,1,63992
0,63992,1,64223
2,64108,0
3,64108,0
1,64223,1,64685
0,64685,0
3,64685,0
2,64685,0
3,64800,0
2,64916,0
1,64916,0
0,64916,0
0,65031,0
2,65146,0
3,65146,0
1,65262,0
0,65377,0
2,65377,0
3,65377,1,65492
1,65492,0
2,65608,0
0,65608,1,65709
3,65723,0
2,65839,0
0,65839,0
1,65839,0
1,65954,0
3,66069,0
2,66069,1,66185
0,66185,0
1,66300,0
2,66300,0
3,66300,0
3,66416,0
2,66531,0
0,66531,0
1,66646,0
0,66762,0
2,66762,0
3,66762,0
3,66877,0
2,66992,0
1,66992,0
0,67108,0
1,67223,0
2,67223,0
3,67223,1,67339
1,67339,0
3,67454,0
0,67454,1,67569
2,67569,0
3,67685,0
1,67685,0
0,67685,0
0,67800,0
2,67916,1,68146
1,68146,1,68377
0,68377,0
3,68377,0
0,68492,0
3,68492,0
2,68723,0
3,68723,0
2,68839,0
1,68839,0
0,68839,0
0,69069,0
1,69069,0
2,69185,0
3,69185,0
2,69416,0
3,69416,0
1,69531,0
0,69531,0
1,69762,0
2,69762,0
3,69762,0
0,69877,0
2,69992,0
3,69992,0
1,70223,0
0,70223,0
0,70339,0
1,70339,0
2,70569,0
3,70569,0
3,70685,0
1,70685,0
0,70685,0
2,70916,0
1,70916,0
1,71031,0
0,71031,0
2,71262,0
3,71262,0
3,71377,0
1,71377,0
0,71608,1,72069
1,71839,1,72069
2,72069,0
3,72069,0
3,72185,0
2,72300,0
1,72300,0
0,72300,0
0,72416,0
1,72531,0
2,72531,0
3,72646,0
2,72762,0
1,72762,0
0,72762,1,72877
1,72877,0
2,72992,0
3,72992,1,73108
0,73108,0
1,73223,0
2,73223,0
3,73223,0
2,73339,0
0,73454,0
1,73454,1,73569
3,73569,0
2,73685,0
1,73685,0
0,73685,0
0,73800,0
2,73916,0
3,73916,0
1,74031,0
0,74146,0
2,74146,0
3,74146,0
2,74262,0
1,74377,0
0,74377,0
3,74492,0
2,74608,0
1,74608,0
0,74608,1,74723
1,74723,0
2,74839,0
3,74839,1,74954
0,74954,0
1,75069,0
2,75069,0
3,75069,0
1,75185,0
0,75300,1,75531
3,75531,1,75762
1,75762,0
0,75762,0
0,75877,0
1,75877,0
0,75992,0
2,75992,0
3,75992,0
2,76108,0
1,76108,0
1,76223,0
2,76223,0
1,76339,0
0,76339,0
3,76339,0
2,76454,0
3,76454,0
2,76569,0
3,76569,0
2,76685,0
1,76685,0
0,76685,0
0,76800,0
3,76800,0
3,76916,0
0,76916,0
1,77031,0
2,77031,0
3,77031,0
0,77146,0
1,77146,0
0,77262,0
1,77262,0
0,77377,0
2,77377,0
3,77377,0
1,77492,0
2,77492,0
0,77550,0
3,77550,0
2,77608,0
1,77608,0
0,77723,0
3,77723,0
1,77839,0
2,77839,0
3,77839,0
0,77954,0
2,77954,0
1,78069,0
3,78069,0
0,78185,0
1,78185,0
2,78185,0
2,78300,0
3,78300,0
1,78416,0
0,78416,0
3,78531,0
2,78589,0
1,78646,0
0,78704,0
3,78762,0
2,78877,0
1,78992,0
0,78992,1,79223
3,79223,1,79454
0,79454,0
2,79454,0
1,79454,1,82454
2,79685,1,79916
0,80146,1,80377
3,80723,1,80954
2,81069,1,81300
0,81646,1,81877
2,82108,1,82339
3,82454,0
2,82512,0
1,82569,0
0,82627,0
3,82685,0
1,82800,0
2,82916,0
0,83031,0
1,83146,0
2,83146,0
3,83146,1,84069
0,84069,0
1,84069,0
2,84069,1,84992
0,84992,0
1,85050,0
2,85108,0
3,85108,0
1,85166,0
0,85166,0
2,85223,0
3,85223,0
0,85339,0
1,85396,0
2,85454,0
3,85454,0
1,85512,0
0,85512,0
2,85569,0
3,85569,0
0,85685,0
1,85742,0
2,85800,0
3,85800,0
1,85858,0
0,85916,0
2,85916,0
3,85916,0
1,86031,0
2,86146,0
1,86262,0
3,86377,0
2,86435,0
1,86492,0
0,86608,0
2,86608,0
3,86608,0
0,86839,0
1,86839,0
3,86839,0
1,86954,0
2,87069,0
3,87069,0
2,87185,0
0,87300,0
1,87300,0
0,87416,0
1,87531,0
3,87531,0
3,87646,0
2,87762,0
0,87762,0
2,87877,0
0,87992,0
1,87992,0
0,88108,0
2,88223,0
3,88223,0
3,88339,0
2,88454,0
0,88454,0
0,88569,0
1,88685,0
3,88685,0
1,88800,0
2,88916,0
3,88916,0
3,89031,0
0,89146,0
1,89146,0
0,89262,0
2,89377,0
1,89377,0
2,89492,0
3,89608,0
0,89608,0
1,89666,0
2,89723,0
3,89781,0
1,89839,0
0,89839,0
2,89896,0
3,89954,0
1,90012,0
2,90069,0
0,90069,0
1,90127,0
3,90185,0
0,90242,0
1,90300,0
2,90300,0
3,90358,0
0,90416,0
1,90473,0
2,90531,0
3,90531,0
1,90589,0
0,90589,0
2,90646,0
3,90646,0
1,90762,0
0,90762,0
1,90877,0
2,90877,0
2,90992,0
3,90992,0
1,91108,0
0,91223,0
3,91223,0
0,91339,0
2,91454,0
3,91454,0
3,91569,0
1,91685,0
2,91685,0
1,91800,0
0,91916,0
3,91916,0
0,92031,0
2,92146,0
3,92146,0
2,92262,0
1,92377,0
0,92377,0
1,92492,0
0,92608,0
3,92608,0
3,92723,0
1,92839,0
0,92839,0
1,92954,0
0,93069,0
2,93069,0
2,93185,0
1,93300,0
3,93300,0
0,93300,0
1,93473,0
2,93473,0
3,93473,0
2,93646,0
1,93646,0
0,93646,0
2,93762,0
3,93762,0
0,93762,0
1,93877,0
2,93992,0
3,94108,0
2,94223,0
1,94223,0
0,94223,0
1,94339,1,94454
0,94454,0
3,94454,0
1,94569,1,94685
2,94685,0
0,94685,0
1,94800,1,94916
2,94916,0
3,94916,0
0,95031,1,95146
3,95146,0
1,95146,0
0,95262,1,95377
2,95377,0
1,95377,0
0,95492,1,95608
3,95608,0
2,95608,0
1,95723,0
2,95738,0
3,95839,0
1,95954,0
0,95954,0
2,96012,0
3,96012,0
1,96069,0
0,96069,0
2,96185,0
3,96185,0
1,96300,1,96416
0,96416,0
3,96416,0
2,96531,1,96646
1,96646,0
0,96646,0
2,96762,1,96877
3,96877,0
1,96877,0
2,96992,1,97108
0,97108,0
3,97108,0
1,97166,0
2,97223,0
0,97339,0
3,97339,0
1,97454,0
2,97454,0
1,97627,0
2,97627,0
0,97800,0
3,97800,0
0,97916,0
1,97916,0
2,97916,0
3,98031,1,98146
2,98146,0
1,98146,0
3,98262,1,98377
0,98377,0
2,98377,0
1,98492,0
3,98608,0
0,98608,0
2,98666,0
1,98723,0
0,98781,0
2,98839,0
3,98839,0
1,98954,0
0,98954,0
0,99069,0
2,99069,0
3,99069,0
3,99185,1,99300
2,99300,0
1,99300,0
0,99300,0
0,99416,0
1,99416,0
2,99531,0
3,99531,0
1,99589,0
0,99646,0
3,99762,0
2,99762,0
1,99819,0
0,99819,0
2,99877,0
3,99877,0
0,99935,0
1,99935,0
2,99992,0
3,99992,0
0,100108,0
1,100108,0
0,100223,0
3,100223,0
2,100281,0
1,100281,0
0,100339,0
3,100339,0
1,100396,0
2,100396,0
0,100454,0
3,100454,0
1,100569,0
2,100569,0
3,100685,0
0,100685,1,101608
3,101146,0
2,101262,0
1,101377,0
2,101492,0
1,101608,0
3,101608,1,103454
2,101954,0
1,102012,0
0,102069,0
0,102416,0
1,102473,0
2,102531,0
0,102762,0
1,102992,0
2,103108,0
0,103223,0
1,103339,0
2,103454,1,105300
0,103454,0
1,103800,0
3,103858,0
0,103916,0
3,104262,0
1,104319,0
0,104377,0
1,104608,0
0,104839,0
3,104839,0
1,104954,0
0,105069,0
1,105300,0
0,105300,0
2,105358,0
3,105358,0
1,105416,0
0,105416,0
2,105531,0
3,105531,0
3,105646,0
1,105646,0
2,105762,0
0,105762,0
1,105819,0
3,105819,0
2,105877,0
0,105877,0
1,105992,0
3,105992,0
0,106108,0
1,106137,0
2,106166,0
3,106194,0
0,106223,0
1,106252,0
2,106281,0
3,106310,0
1,106339,0
0,106339,0
1,106454,0
2,106454,0
2,106569,0
3,106569,0
1,106627,0
0,106627,0
2,106685,0
3,106685,0
0,106800,0
1,106800,0
3,106916,0
2,106944,0
1,106973,0
0,107002,0
2,107031,0
3,107031,0
1,107089,0
0,107089,0
2,107146,0
3,107146,0
1,107204,0
0,107204,0
2,107262,0
3,107262,0
0,107377,0
3,107377,0
2,107435,0
1,107435,0
0,107492,0
3,107492,0
2,107550,0
1,107550,0
0,107608,0
3,107608,0
1,107723,0
0,107752,0
2,107781,0
3,107810,0
1,107839,0
0,107839,0
2,107954,0
3,107954,0
1,108012,0
0,108012,0
2,108069,0
3,108069,0
1,108127,0
0,108127,0
2,108185,0
3,108185,0
1,108300,0
0,108300,0
2,108358,0
3,108358,0
1,108416,0
0,108416,0
2,108473,0
3,108473,0
1,108531,0
0,108531,0
3,108646,0
0,108646,0
1,108704,0
2,108704,0
0,108762,0
3,108762,0
2,108819,0
1,108819,0
0,108877,0
3,108877,0
2,108992,0
1,108992,1,110839
0,109223,0
2,109281,0
3,109339,0
3,109685,0
2,109742,0
0,109800,0
2,110146,0
0,110377,0
2,110492,0
3,110608,0
2,110723,0
0,110839,1,112685
3,110839,0
1,111185,0
2,111242,0
3,111300,0
3,111646,0
2,111704,0
1,111762,0
2,111992,0
3,112223,0
1,112223,0
2,112339,0
3,112454,0
3,112685,0
2,112714,0
1,112742,0
0,112771,0
2,112800,0
3,112800,0
0,112858,0
1,112887,0
2,112916,0
3,112944,0
1,112973,0
0,112973,0
3,113031,0
2,113060,0
1,113089,0
0,113117,0
2,113146,0
3,113146,0
1,113204,0
0,113204,0
2,113262,0
3,113262,0
1,113319,0
0,113319,0
3,113377,0
2,113406,0
0,113435,0
1,113464,0
3,113492,0
2,113521,0
0,113550,0
1,113579,0
2,113608,0
3,113608,0
1,113666,0
0,113666,0
2,113723,0
3,113723,0
1,113781,0
0,113781,0
2,113839,0
3,113839,0
1,113896,0
0,113896,0
2,113954,0
3,113954,0
1,114012,0
0,114012,0
2,114069,0
3,114069,0
0,114185,1,114300
1,114300,0
3,114300,0
2,114416,1,114531
0,114531,0
1,114531,0
2,114589,0
3,114589,0
0,114646,0
1,114675,0
2,114704,0
3,114733,0
1,114762,0
0,114762,0
2,114877,0
3,114877,0
3,114992,0
0,114992,0
1,115108,0
2,115108,0
0,115223,0
2,115339,0
3,115339,0
0,115454,0
1,115483,0
2,115512,0
3,115541,0
1,115569,0
0,115569,0
2,115627,0
3,115627,0
0,115685,0
1,115714,0
2,115742,0
3,115771,0
1,115800,0
0,115800,0
2,115858,0
3,115858,0
1,115916,0
0,115916,0
2,115973,0
3,115973,0
1,116031,0
0,116031,0
2,116089,0
3,116089,0
1,116146,0
0,116146,0
2,116204,0
3,116204,0
1,116262,0
0,116262,0
2,116319,0
3,116319,0
1,116377,0
0,116377,1,119608
2,119608,0
3,119608,0
2,119723,0
3,119723,0
1,119839,0
0,119839,0
0,119954,0
1,119954,0
0,120069,0
3,120069,0
2,120069,1,121916
1,120531,1,120877
0,120877,1,121916
1,121916,0
3,121916,1,123762
1,122377,1,122723
2,122723,1,123762
0,123762,0
1,123762,1,125608
0,124223,1,124569
3,124569,1,125608
2,125608,0
0,125608,1,127454
2,126069,1,126416
1,126416,1,126762
3,126762,0
2,126819,0
1,126877,0
3,126992,0
2,127108,0
1,127223,0
3,127454,0
2,127454,0
2,127569,0
3,127569,0
0,127800,0
1,127800,0
0,127916,0
2,127916,0
3,127916,0
2,128146,0
1,128146,0
0,128262,0
3,128262,0
0,128492,0
3,128492,0
2,128608,0
1,128608,0
0,128839,0
1,128839,0
3,128839,0
2,128954,0
3,128954,0
1,129069,0
0,129069,0
2,129300,0
3,129300,0
3,129416,0
2,129416,0
0,129646,0
1,129646,0
1,129762,0
2,129762,0
3,129762,0
0,129992,0
2,129992,0
1,130108,0
3,130108,0
1,130339,0
3,130339,0
2,130454,0
0,130454,0
1,130685,0
2,130685,0
3,130685,0
0,130800,0
2,130800,0
1,130916,0
3,130916,0
0,131031,0
2,131031,0
1,131146,0
0,131146,0
2,131223,0
3,131223,0
1,131300,0
0,131300,0
2,131377,0
3,131377,0
1,131454,0
0,131454,0
2,131531,0
3,131531,0
1,131608,0
0,131608,0
2,131685,0
3,131685,0
1,131762,0
0,131762,0
2,131839,0
3,131839,0
1,131916,0
0,131916,0
2,131992,0
3,131992,0
1,132069,0
0,132069,0
2,132146,1,132262
3,132262,0
1,132262,0
0,132262,0
0,132416,0
2,132416,0
3,132416,0
2,132569,0
1,132569,0
0,132569,0
1,132723,0
2,132723,0
3,132723,0
0,132877,0
1,132877,0
3,132877,0
2,132992,1,133916
0,133569,0
1,133685,0
3,133800,0
0,133916,0
1,133916,0
2,133973,0
3,134031,0
0,134031,0
2,134146,0
1,134146,0
3,134204,0
0,134262,0
2,134262,0
1,134377,0
3,134377,0
2,134435,0
1,134492,0
0,134492,0
2,134608,0
3,134608,0
1,134839,0
0,134839,0
2,134916,0
3,134916,0
1,134992,0
0,134992,0
2,135069,0
3,135069,0
1,135146,0
0,135146,0
2,135223,0
3,135223,0
1,135300,0
0,135300,0
2,135377,0
3,135377,0
1,135454,0
0,135454,0
2,135531,0
3,135531,0
1,135608,0
0,135608,0
2,135685,0
3,135685,0
1,135762,0
0,135762,0
2,135839,0
3,135839,0
1,135916,0
0,135916,0
2,135992,0
3,135992,0
1,136069,0
0,136069,0
3,136146,0
2,136146,0
1,136223,0
0,136223,0
2,136300,0
3,136300,0
1,136377,0
0,136377,0
0,136685,0
3,136685,0
1,136762,0
2,136762,0
0,136839,0
3,136839,0
2,136916,0
1,136916,0
0,136992,0
3,136992,0
2,137069,0
1,137069,0
0,137146,0
3,137146,0
1,137223,0
2,137223,0
0,137300,0
3,137300,0
2,137377,0
1,137377,0
0,137454,0
3,137454,0
1,137531,0
2,137531,0
0,137608,0
3,137608,0
2,137685,0
1,137685,0
0,137762,0
3,137762,0
1,137839,0
2,137839,0
0,137916,0
3,137916,0
2,137992,0
1,137992,0
3,138069,0
0,138069,0
1,138146,0
2,138146,0
0,138223,0
3,138223,0
1,138531,0
3,138531,0
2,138608,0
0,138608,0
1,138685,0
3,138685,0
2,138762,0
0,138762,0
1,138839,0
3,138839,0
2,138916,0
0,138916,0
1,138992,0
3,138992,0
2,139069,0
0,139069,0
1,139146,0
3,139146,0
2,139223,0
0,139223,0
1,139300,0
3,139300,0
2,139377,0
0,139377,0
1,139454,0
3,139454,0
2,139531,0
0,139531,0
1,139608,0
3,139608,0
2,139685,0
0,139685,0
1,139762,0
3,139762,0
2,139839,0
0,139839,0
1,139916,0
3,139916,0
2,139992,0
0,139992,0
1,140069,0
3,140069,0
2,140377,0
3,140377,0
1,140454,0
0,140454,0
3,140531,0
2,140531,0
1,140608,0
0,140608,0
2,140685,0
3,140685,0
1,140762,0
0,140762,0
2,140839,0
3,140839,0
1,140916,0
0,140916,0
2,140992,0
3,140992,0
1,141069,0
0,141069,0
2,141146,0
3,141146,0
1,141223,0
0,141223,0
2,141300,0
3,141300,0
0,141300,0
3,141473,0
1,141473,0
0,141473,0
0,141646,0
1,141646,0
2,141646,0
1,141762,0
2,141762,0
3,141762,0
2,142223,0
3,142223,0
0,142339,0
1,142339,0
0,142454,0
3,142454,0
1,142569,0
2,142569,0
2,142685,0
3,142685,0
0,142800,0
1,142800,0
2,142916,0
3,142916,0
1,142973,0
0,142973,0
2,143031,0
3,143031,0
0,143146,0
2,143146,0
1,143262,0
0,143262,0
2,143319,0
3,143319,0
1,143377,0
0,143377,0
2,143492,0
3,143492,0
3,143608,0
0,143608,0
1,143666,0
2,143666,0
0,143723,0
3,143723,0
1,143839,0
0,143839,0
2,143954,0
3,143954,0
1,144069,0
2,144069,0
0,144185,0
3,144185,0
1,144300,0
0,144300,0
2,144416,0
3,144416,0
0,144531,0
2,144531,0
1,144646,0
3,144646,0
2,144762,0
3,144762,0
1,144819,0
0,144819,0
2,144877,0
3,144877,0
0,144992,0
3,144992,0
1,145108,0
0,145108,0
2,145166,0
3,145166,0
1,145223,0
0,145223,0
3,145339,0
1,145339,0
2,145454,0
3,145454,0
1,145512,0
0,145512,0
3,145569,0
2,145598,0
1,145627,0
0,145656,0
3,145685,0
2,145714,0
0,145742,0
1,145771,0
3,145800,0
2,145829,0
0,145858,0
1,145887,0
2,145916,0
3,145916,0
0,146031,0
3,146031,0
0,146146,0
1,146146,0
3,146262,0
1,146262,0
2,146377,0
0,146377,0
2,146492,0
3,146492,0
1,146608,0
0,146608,0
2,146666,0
3,146666,0
1,146723,0
0,146723,0
1,146839,0
2,146839,0
2,146954,0
3,146954,0
1,147012,0
0,147012,0
2,147069,0
3,147069,0
0,147185,0
3,147185,0
2,147300,0
1,147300,0
0,147358,0
3,147358,0
2,147416,0
1,147416,0
0,147531,0
1,147531,0
2,147646,0
3,147646,0
3,147762,0
0,147762,0
1,147877,0
2,147877,0
1,147992,0
0,147992,0
3,148108,0
2,148108,0
3,148223,0
1,148223,0
2,148339,0
0,148339,0
1,148454,0
0,148454,0
2,148512,0
3,148512,0
0,148569,0
1,148569,0
3,148685,0
2,148742,0
1,148800,0
0,148858,0
3,148916,0
2,149031,0
1,149146,0
0,149146,1,149262
2,149262,1,149377
3,149377,1,149492
1,149492,1,149608
0,149608,0
2,149608,0
3,149608,0
0,149723,0
3,149839,0
2,149839,0
1,149896,0
0,149954,0
2,150012,0
3,150069,0
1,150069,0
0,150069,0
3,150185,0
1,150300,0
0,150300,0
2,150358,0
3,150416,0
1,150473,0
0,150531,0
2,150531,0
3,150531,0
3,150646,0
1,150762,0
0,150762,0
2,150819,0
3,150877,0
0,150935,0
1,150992,0
2,150992,0
3,150992,0
2,151108,0
1,151223,0
0,151223,0
2,151281,0
3,151339,0
1,151396,0
0,151454,0
2,151454,0
3,151454,0
3,151569,0
1,151685,0
0,151685,0
2,151742,0
3,151800,0
0,151858,0
1,151916,0
2,151916,0
3,151916,0
1,152031,0
0,152146,0
3,152146,0
2,152204,0
1,152262,0
2,152319,0
3,152377,0
0,152377,0
1,152377,0
3,152492,0
1,152608,0
0,152608,0
2,152666,0
3,152723,0
1,152781,0
0,152839,0
2,152839,0
3,152839,0
0,152954,0
2,153069,0
3,153069,0
1,153127,0
0,153185,0
3,153242,0
2,153300,0
1,153300,0
0,153300,0
2,153416,0
0,153531,0
3,153531,0
1,153589,0
2,153646,0
0,153704,0
1,153762,0
3,153762,0
2,153762,0
3,153877,0
1,153992,0
0,153992,0
2,154050,0
3,154108,0
1,154166,0
0,154223,0
2,154223,0
3,154223,0
2,154339,0
3,154454,0
0,154454,0
1,154512,0
2,154569,0
0,154627,0
1,154685,0
2,154685,0
3,154685,0
3,154800,0
2,154916,0
0,154916,0
1,154916,0
3,154973,0
2,155031,0
1,155089,0
0,155146,0
3,155146,0
1,155262,0
2,155262,0
2,155492,0
3,155492,0
3,155608,0
1,155608,0
0,155608,0
2,155839,0
0,155839,0
1,155954,0
3,155954,0
1,156185,0
3,156185,0
2,156300,0
0,156300,0
1,156531,0
2,156531,0
3,156531,0
0,156646,0
1,156646,0
3,156762,0
2,156762,0
0,156877,0
3,156877,0
2,156992,0
1,156992,0
0,156992,0
1,157108,0
0,157223,0
3,157223,0
2,157281,0
1,157339,0
3,157396,0
2,157454,0
1,157454,0
0,157454,0
0,157569,0
2,157685,0
3,157685,0
1,157742,0
0,157800,0
2,157858,0
3,157916,0
1,157916,0
0,157916,0
1,158031,0
0,158146,0
3,158146,0
2,158204,0
1,158262,0
3,158319,0
2,158377,0
1,158377,0
0,158377,0
0,158492,0
2,158608,0
3,158608,0
1,158666,0
0,158723,0
2,158781,0
0,158839,0
1,158839,0
3,158839,0
1,158954,0
0,159069,0
3,159069,0
2,159127,0
1,159185,0
3,159242,0
2,159300,0
1,159300,0
0,159300,0
1,159416,0
0,159531,0
3,159531,0
2,159589,0
1,159646,0
2,159704,0
3,159762,0
1,159762,0
0,159762,0
3,159877,0
1,159992,0
0,159992,0
2,160050,0
3,160108,0
0,160166,0
1,160223,0
2,160223,0
3,160223,0
3,160339,0
1,160454,0
0,160454,0
2,160512,0
3,160569,0
2,160627,0
1,160685,0
0,160685,0
3,160685,0
1,160800,0
0,160916,0
3,160916,0
2,160973,0
1,161031,0
0,161089,0
1,161146,0
3,161146,0
2,161146,0
2,161262,0
1,161377,0
0,161377,0
2,161435,0
3,161492,0
1,161550,0
0,161608,0
2,161608,0
3,161608,0
3,161723,0
1,161839,0
0,161839,0
2,161896,0
3,161954,0
0,162012,0
1,162069,0
2,162069,0
3,162069,0
2,162185,0
3,162300,0
0,162300,0
1,162358,0
2,162416,0
3,162473,0
0,162531,1,163454
2,162531,0
1,162531,0
3,162762,1,162992
2,162992,1,163223
1,163223,1,163454
3,163454,1,164377
2,163454,1,163685
0,163685,1,163916
1,163916,0
2,164031,0
0,164146,0
1,164262,0
0,164377,0
2,164377,1,167146
1,167146,1,168069
0,168069,1,171762
3,171762,1,174531
2,171762,0
1,171762,0
2,172223,0
1,172223,0
2,172685,0
1,172685,0
2,173146,0
1,173146,0
2,173608,0
1,173608,0
2,174069,0
1,174069,0
2,174531,1,175454
1,174531,0
0,174531,0
1,174992,0
0,174992,0
1,175454,1,177300
0,175454,0
0,175916,0
2,175916,0
0,176377,0
2,176377,0
0,176839,0
2,176839,0
2,177300,1,179146
0,177300,0
3,177300,0
3,177762,0
0,177762,0
3,178223,0
0,178223,0
1,178223,1,179146
3,178685,0
0,178685,0
3,179146,0
0,179146,0
2,179262,0
0,179492,0
1,179723,0
2,179839,0
1,179954,0
3,180069,0
0,180185,0
1,180300,0
2,180416,0
3,180646,0
0,180762,0
2,180992,1,181050
1,181108,1,181166
3,181339,1,181396
0,181569,1,181627
1,181685,1,181742
2,181800,1,181858
3,181916,1,181973
1,182031,1,182089
0,182146,1,182204
2,182262,1,182319
1,182492,1,182550
2,182608,1,182666
3,182839,0
2,182954,0
1,183185,0
0,183416,0
1,183531,0
2,183646,0
3,183762,0
1,183877,0
0,183992,0
3,184108,0
2,184339,0
1,184454,0
0,184569,0
3,184685,1,184742
2,184800,1,184858
1,185031,1,185089
0,185262,1,185319
2,185377,1,185435
1,185492,1,185550
3,185608,1,185666
2,185723,1,185781
1,185839,1,185896
0,185954,1,186012
2,186069,1,186127
3,186185,1,186242
1,186300,1,186358
2,186416,1,186473
1,186531,0
0,186646,0
3,186877,0
1,187108,0
2,187223,0
1,187339,0
3,187454,0
2,187569,0
0,187685,0
1,187800,0
2,187916,0
3,188031,0
1,188146,0
0,188262,0
2,188377,0
1,188492,0
3,188608,0
2,188723,0
0,188839,0
1,188954,0
2,189069,0
3,189185,0
0,189300,0
2,189992,0
1,190108,0
2,190223,0
0,190569,0
2,190627,0
3,190685,0
1,191377,0
0,191608,0
2,191839,0
2,192069,0
3,192762,0
3,192992,0
3,193454,0
1,193512,0
2,193569,0
0,193627,0
3,193685,0
1,193742,0
2,193800,0
0,193858,0
1,193916,0
3,193916,1,194839
2,194031,0
0,194262,0
2,194492,0
1,194608,0
2,194723,0
1,194839,1,195762
0,194839,0
2,194954,0
3,195069,0
2,195185,0
0,195416,0
3,195531,0
0,195762,1,196223
2,195762,0
1,195877,0
3,196108,0
2,196223,1,196685
1,196339,0
0,196454,0
3,196569,0
1,196685,1,197146
0,196685,0
2,196800,0
3,196916,0
0,197031,0
3,197146,1,197608
2,197262,0
1,197377,0
2,197608,1,198531
0,197608,0
1,197723,0
3,197954,0
0,198185,0
3,198300,0
0,198416,0
1,198531,1,199454
3,198531,0
2,198646,0
0,198762,0
3,198877,0
2,199108,0
3,199223,0
0,199454,1,199916
2,199454,0
1,199569,0
2,199685,0
3,199800,0
2,199916,1,200377
1,199916,0
0,200031,0
3,200146,0
1,200262,0
3,200377,1,200839
0,200377,0
2,200492,0
1,200608,0
0,200723,0
1,200839,1,201300
2,200954,0
3,201069,0
2,201185,0
0,201300,1,202223
3,201300,0
2,201416,0
1,201646,0
3,201877,0
2,201992,0
1,202108,0
3,202223,1,203146
2,202223,0
1,202339,0
0,202454,0
1,202569,0
2,202800,0
0,202916,0
2,203146,1,203608
1,203146,0
3,203262,0
0,203492,0
1,203608,1,204069
3,203723,0
2,203839,0
0,203954,0
3,204069,1,204531
2,204069,0
0,204185,0
1,204300,0
2,204416,0
0,204531,1,204992
1,204646,0
3,204762,0
1,204992,1,205916
2,204992,0
0,205108,0
2,205223,0
3,205339,0
0,205569,0
2,205685,0
0,205800,0
2,205916,1,206839
3,205916,0
1,206031,0
0,206262,0
1,206492,0
3,206608,0
1,206723,0
3,206839,1,208223
0,206839,0
1,206954,0
2,207069,0
0,207185,0
1,207416,0
2,207531,0
1,207646,0
0,207877,0
1,207992,0
2,208108,0
1,208223,0
0,208223,0
0,208339,0
1,208339,0
2,208454,0
3,208454,0
3,208569,0
2,208569,0
3,208685,0
1,208685,1,209608
0,208685,1,208800
2,208800,1,208916
3,209031,1,209146
0,209262,1,209377
2,209377,1,209492
3,209492,1,209608
2,209608,1,210531
0,209608,1,209723
1,209723,1,209839
3,209839,1,209954
0,210069,1,210185
1,210185,1,210300
3,210300,1,210416
1,210416,1,210531
0,210531,1,211454
3,210531,1,210646
2,210646,1,210762
1,210877,1,210992
2,211108,1,211223
3,211223,1,211339
2,211339,1,211454
3,211454,1,212377
1,211454,1,211569
0,211569,1,211685
2,211685,1,211800
1,211916,1,212031
0,212146,1,212262
1,212262,1,212377
2,212377,1,213300
0,212377,1,212492
3,212492,1,212608
1,212723,1,212839
0,212954,1,213069
3,213069,1,213185
0,213185,1,213300
1,213300,1,214223
3,213300,1,213416
2,213416,1,213531
0,213531,1,213646
3,213646,1,213762
2,213877,1,213992
0,213992,1,214108
3,214108,1,214223
0,214223,1,215146
2,214223,1,214339
1,214454,1,214569
2,214569,1,214685
3,214685,1,214800
1,214800,1,214916
2,214916,1,215031
1,215031,1,215146
3,215146,1,216069
2,215146,1,215262
0,215262,1,215377
1,215377,1,215492
2,215492,1,215608
0,215608,1,215723
2,215723,1,215839
1,215839,1,215954
0,215954,1,216069
1,216069,0
2,216069,0
2,216185,0
3,216185,0
0,216300,0
1,216300,0
2,216416,0
0,216416,0
1,216531,0
3,216531,0
2,216531,0
1,216646,0
0,216646,0
2,216762,0
3,216762,0
3,216877,0
1,216877,0
2,216992,0
1,216992,0
0,216992,0
0,217108,0
3,217108,0
2,217223,0
1,217223,0
2,217339,0
3,217339,0
1,217454,0
0,217454,0
3,217454,0
2,217569,0
0,217569,0
1,217685,0
3,217685,0
3,217800,0
0,217800,0
2,217916,0
1,217916,0
0,217916,0
2,218031,0
3,218031,0
3,218146,0
1,218146,0
2,218262,0
0,218262,0
0,218377,0
1,218377,0
3,218377,0
2,218492,0
1,218492,0
2,218608,0
3,218608,0
1,218723,0
0,218723,0
0,218839,0
2,218839,0
3,218839,0
1,218954,0
2,218954,0
0,219069,0
3,219069,0
1,219185,0
0,219185,0
2,219300,0
3,219300,0
1,219300,0
0,219416,0
2,219416,0
1,219531,0
3,219531,0
2,219646,0
3,219646,0
0,219762,0
1,219762,0
2,219819,0
3,219877,0
0,219935,0
1,219992,0
2,219992,0
3,220050,0
0,220108,0
1,220166,0
2,220223,0
3,220223,0
1,220281,0
0,220339,0
3,220396,0
2,220454,0
1,220454,0
0,220512,0
3,220569,0
2,220627,0
1,220685,0
0,220685,0
2,220742,0
3,220800,0
1,220858,0
0,220916,0
2,220916,0
3,220973,0
0,221031,0
1,221089,0
2,221146,0
3,221146,0
1,221204,0
0,221262,0
3,221319,0
2,221377,0
1,221377,0
0,221435,0
3,221492,0
2,221550,0
1,221608,0
0,221608,0
2,221666,0
3,221723,0
0,221781,0
1,221839,0
2,221839,0
3,221896,0
0,221954,0
1,222012,0
2,222069,0
3,222069,0
1,222127,0
0,222185,0
3,222242,0
2,222300,0
1,222300,0
0,222358,0
1,222416,0
3,222473,0
2,222531,0
1,222646,0
2,222762,0
1,222877,0
2,222992,0
1,223108,0
2,223223,0
1,223339,0
3,223454,0
0,223454,1,224377
2,224377,0
3,224377,0
1,224435,0
0,224492,0
3,224492,0
1,224608,0
2,224608,0
3,224666,0
2,224723,0
0,224723,0
1,224839,0
3,224839,0
2,224896,0
1,224954,0
0,224954,0
3,225069,1,225300
2,225300,0
1,225300,0
0,225300,0
2,225416,0
3,225416,0
1,225531,0
0,225531,0
0,225646,0
3,225646,0
2,225762,0
1,225762,0
3,225877,0
2,225877,0
1,225992,0
0,225992,0
0,226108,0
2,226108,0
1,226223,0
3,226223,0
3,226339,0
2,226339,0
1,226454,0
0,226454,0
0,226569,0
2,226569,0
3,226685,0
1,226685,0
3,226800,0
0,226800,0
0,226916,0
1,226916,0
3,227031,0
2,227031,0
1,227089,0
0,227089,0
2,227146,0
3,227146,0
3,227262,0
1,227262,0
1,227377,0
0,227377,0
0,227492,0
2,227492,0
3,227608,0
2,227608,0
0,227723,0
1,227723,0
0,227839,0
3,227839,0
1,227954,0
2,227954,0
2,228069,0
3,228069,0
1,228185,0
0,228185,0
0,228300,0
3,228300,0
2,228416,0
1,228416,0
2,228531,0
3,228531,0
1,228646,0
0,228646,0
2,228762,0
3,228762,0
1,228819,0
0,228819,0
2,228877,0
3,228877,0
1,228935,0
0,228935,0
2,228992,0
3,228992,0
0,229108,0
3,229108,0
2,229223,0
1,229223,0
1,229339,0
0,229339,0
3,229454,0
2,229454,0
3,229569,0
1,229569,0
2,229685,0
0,229685,0
0,229800,0
1,229800,0
2,229916,0
3,229916,0
3,230031,0
0,230031,0
1,230146,0
2,230146,0
1,230262,0
0,230262,0
0,230377,0
2,230377,0
1,230492,0
3,230492,0
3,230608,0
2,230608,0
1,230723,0
0,230723,0
2,230781,0
3,230781,0
1,230839,0
0,230839,0
2,230896,0
3,230896,0
1,230954,0
0,230954,0
2,231069,0
3,231069,0
3,231185,0
0,231185,0
1,231242,0
2,231242,0
0,231300,0
3,231300,0
1,231416,0
0,231416,0
2,231531,0
3,231531,0
1,231589,0
0,231589,0
2,231646,0
3,231646,0
0,231762,0
2,231762,0
1,231877,0
0,231877,0
2,231935,0
3,231935,0
1,231992,0
0,231992,0
3,232108,0
1,232108,0
2,232223,0
3,232223,0
1,232281,0
0,232281,0
2,232339,0
3,232339,0
1,232396,0
0,232396,0
3,232454,0
2,232483,0
0,232512,0
1,232541,0
3,232569,0
2,232598,0
0,232627,0
1,232656,0
2,232685,0
3,232685,0
1,232800,0
0,232800,0
0,232916,0
3,232916,0
3,233031,0
2,233031,0
2,233146,0
1,233146,0
1,233262,0
0,233262,0
2,233377,0
3,233377,0
0,233492,0
3,233492,0
1,233550,0
2,233550,0
0,233608,0
3,233608,0
1,233723,0
0,233723,0
3,233839,0
1,233839,0
3,233954,0
2,233954,0
1,234069,0
0,234069,0
2,234127,0
3,234127,0
1,234185,0
0,234185,0
2,234242,0
3,234242,0
1,234300,0
0,234300,0
3,234416,0
2,234444,0
1,234473,0
0,234502,0
3,234531,0
2,234531,0
0,234646,0
1,234646,0
1,234762,0
2,234762,0
3,234877,0
0,234877,0
2,234992,0
3,234992,0
2,235108,0
0,235108,0
1,235223,0
3,235223,0
1,235339,0
0,235339,0
2,235396,0
3,235396,0
1,235454,0
0,235454,0
2,235569,0
3,235569,0
1,235627,0
0,235627,0
2,235685,0
3,235685,0
1,235742,0
0,235742,0
2,235800,0
3,235800,0
0,235916,0
1,235916,0
2,235973,0
3,235973,0
1,236031,0
0,236031,0
2,236089,0
3,236089,0
0,236146,0
1,236175,0
3,236204,0
2,236233,0
0,236262,0
1,236291,0
3,236319,0
2,236348,0
1,236377,0
0,236377,0
3,236492,0
2,236521,0
1,236550,0
0,236579,0
2,236608,0
3,236608,0
1,236723,0
0,236723,0
0,236839,0
3,236839,0
2,236896,0
1,236896,0
0,236954,0
3,236954,0
2,237069,0
3,237069,0
1,237185,0
0,237185,0
2,237242,0
3,237242,0
1,237300,0
0,237300,0
1,237416,0
2,237416,0
2,237531,0
3,237531,0
1,237589,0
0,237589,0
2,237646,0
3,237646,0
1,237704,0
0,237704,0
2,237762,0
3,237762,0
0,237877,0
1,237906,0
2,237935,0
3,237964,0
1,237992,0
0,237992,0
3,238108,0
2,238137,0
1,238166,0
0,238194,0
2,238223,0
3,238223,0
0,238339,0
1,238367,0
2,238396,0
3,238425,0
1,238454,0
0,238454,0
1,238569,0
2,238569,0
3,238685,0
2,238714,0
1,238742,0
0,238771,0
2,238800,0
3,238800,0
1,238916,0
3,238916,0
0,239031,0
1,239060,0
2,239089,0
3,239117,0
1,239146,0
0,239146,0
3,239262,0
2,239291,0
1,239319,0
0,239348,0
2,239377,0
3,239377,0
0,239492,0
1,239521,0
2,239550,0
3,239579,0
1,239608,0
0,239608,0
1,239723,0
2,239723,0
3,239839,0
2,239867,0
1,239896,0
0,239925,0
2,239954,0
3,239954,0
0,240069,0
1,240069,0
3,240069,1,243762
2,243762,0
0,243762,0
1,243762,1,244685
0,244685,0
3,244685,0
2,244685,1,245608
0,245608,0
1,245608,0
0,245723,0
1,245723,0
0,245839,0
1,245839,0
0,245954,0
1,245954,0
2,246069,0
3,246069,0
3,246185,0
2,246185,0
2,246300,0
3,246300,0
3,246416,0
2,246416,0
1,246531,0
0,246531,0
2,246589,0
3,246589,0
1,246646,0
0,246646,0
2,246704,0
3,246704,0
1,246762,0
0,246762,0
2,246819,0
3,246819,0
1,246877,0
0,246877,0
2,246935,0
3,246935,0
1,246992,0
0,246992,0
2,247050,0
3,247050,0
1,247108,0
0,247108,0
2,247166,0
3,247166,0
1,247223,0
0,247223,0
2,247281,0
3,247281,0
1,247339,0
0,247339,0
2,247396,0
3,247396,0
0,247454,1,248377
1,247454,0
2,248031,0
1,248146,0
2,248262,0
1,248377,0
3,248377,1,249069
0,249069,0
2,249069,0
1,249069,0
2,249300,0
3,249300,0
1,249358,0
0,249358,0
2,249416,0
3,249416,0
1,249473,0
0,249473,0
2,249531,0
3,249531,0
1,249589,0
0,249589,0
2,249646,0
3,249646,0
1,249704,0
0,249704,0
2,249762,0
3,249762,0
1,249819,0
0,249819,0
2,249877,0
3,249877,0
0,249935,0
1,249935,0
2,249992,0
3,249992,0
1,250050,0
0,250050,0
2,250108,0
3,250108,0
1,250166,0
0,250166,0
3,250223,0
2,250223,0
1,250281,0
0,250281,0
2,250339,0
3,250339,0
1,250396,0
0,250396,0
2,250454,0
3,250454,0
1,250512,0
0,250512,0
2,250569,0
3,250569,0
1,250627,0
0,250627,0
2,250685,0
3,250685,0
1,250742,0
0,250742,0
2,250800,0
3,250800,0
1,250858,0
0,250858,0
2,250916,0
3,250916,0
1,250973,0
0,250973,0
2,251031,0
3,251031,0
1,251089,0
0,251089,0
2,251146,0
3,251146,0
1,251204,0
0,251204,0
2,251262,0
3,251262,0
1,251319,0
0,251319,0
2,251377,0
3,251377,0
1,251435,0
0,251435,0
2,251492,0
3,251492,0
1,251550,0
0,251550,0
2,251608,0
3,251608,0
1,251666,0
0,251666,0
2,251723,0
3,251723,0
1,251781,0
0,251781,0
2,251839,0
3,251839,0
1,251896,0
0,251896,0
2,251954,0
3,251954,0
1,252012,0
0,252012,0
2,252069,0
3,252069,0
1,252127,0
0,252127,0
2,252185,0
3,252185,0
1,252242,0
0,252242,0
3,252300,0
2,252300,0
1,252358,0
0,252358,0
2,252416,0
3,252416,0
1,252473,0
0,252473,0
3,252531,0
2,252531,0
1,252589,0
0,252589,0
2,252646,0
3,252646,0
1,252704,0
0,252704,0
2,252762,0
3,252762,0
1,252819,0
0,252819,0
2,252877,0
3,252877,0
1,252935,0
0,252935,0
2,252992,0
3,252992,0
1,253050,0
0,253050,0
2,253108,0
3,253108,0
1,253166,0
0,253166,0
2,253223,0
3,253223,0
1,253281,0
0,253281,0
2,253339,0
3,253339,0
1,253396,0
0,253396,0
2,253454,0
3,253454,0
1,253512,0
0,253512,0
2,253569,0
3,253569,0
1,253627,0
0,253627,0
2,253685,0
3,253685,0
1,253742,0
0,253742,0
2,253800,0
3,253800,0
1,253858,0
0,253858,0
2,253916,0
3,253916,0
1,253973,0
0,253973,0
3,254031,0
2,254031,0
1,254089,0
0,254089,0
2,254146,0
3,254146,0
1,254204,0
0,254204,0
2,254262,0
3,254262,0
0,254319,0
1,254319,0
2,254377,0
3,254377,0
1,254435,0
0,254435,0
2,254492,0
3,254492,0
1,254550,0
0,254550,0
2,254608,0
3,254608,0
1,254666,0
0,254666,0
2,254723,0
3,254723,0
1,254781,0
0,254781,0
2,254839,0
3,254839,0
0,254896,0
1,254896,0
2,254954,0
3,254954,0
1,255012,0
0,255012,0
3,255069,0
2,255098,0
0,255127,0
1,255156,0
3,255185,0
2,255214,0
0,255242,0
1,255271,0
2,255300,0
3,255300,0
1,255358,0
0,255358,0
3,255416,0
2,255444,0
1,255473,0
0,255502,0
2,255531,0
3,255531,0
1,255589,0
0,255589,0
3,255646,0
2,255675,0
1,255704,0
0,255733,0
2,255762,0
3,255762,1,256685
0,255877,0
1,255992,0
0,256108,0
2,256223,0
1,256339,0
2,256454,1,256685
0,256685,0
1,256685,0
2,256742,0
3,256742,0
0,256800,0
1,256800,0
2,256858,0
3,256858,0
0,256916,0
1,256944,0
2,256973,0
3,257002,0
1,257031,0
0,257031,0
2,257089,0
3,257089,0
0,257146,0
1,257175,0
2,257204,0
3,257204,0
1,257262,0
0,257262,0
3,257319,0
2,257348,0
1,257377,0
0,257377,0
2,257435,0
3,257435,0
0,257492,0
1,257521,0
2,257550,0
3,257579,0
1,257608,0
0,257608,0
2,257666,0
3,257666,0
1,257723,0
0,257723,0
2,257781,0
3,257781,0
0,257839,0
1,257867,0
2,257896,0
3,257925,0
1,257954,0
0,257954,0
2,258012,0
3,258012,0
0,258069,0
1,258098,0
3,258127,0
2,258156,0
0,258185,0
1,258214,0
3,258242,0
2,258271,0
1,258300,0
0,258300,1,258531
2,258531,0
3,258531,0
1,258589,0
0,258589,0
3,258646,0
2,258675,0
0,258704,0
1,258733,0
3,258762,0
2,258791,0
0,258819,0
1,258848,0
2,258877,0
3,258877,0
0,258935,0
1,258935,0
3,258992,0
2,259021,0
1,259050,0
0,259050,0
3,259108,0
2,259137,0
0,259166,0
1,259166,0
3,259223,0
2,259223,0
1,259281,0
0,259281,0
3,259339,0
2,259367,0
0,259396,0
1,259425,0
3,259454,0
2,259483,0
0,259512,0
1,259541,0
2,259569,0
3,259569,0
1,259627,0
0,259627,0
3,259685,0
2,259714,0
1,259742,0
0,259771,0
2,259800,0
3,259800,0
1,259858,0
0,259858,0
2,259916,1,260031
3,260031,1,260146
1,260146,1,260262
0,260262,1,260377
3,260377,0
2,260406,0
1,260435,0
0,260464,0
2,260492,0
3,260492,0
1,260550,0
0,260550,0
3,260608,0
2,260637,0
1,260666,0
0,260666,0
3,260723,0
2,260752,0
1,260781,0
0,260781,0
3,260839,0
2,260867,0
0,260896,0
1,260925,0
3,260954,0
2,260983,0
0,261012,0
1,261041,0
2,261069,0
3,261069,0
1,261127,0
0,261127,0
2,261185,0
3,261185,0
1,261242,0
0,261242,0
3,261300,0
2,261329,0
0,261358,0
1,261358,0
3,261416,0
2,261444,0
1,261473,0
0,261473,0
3,261531,0
2,261560,0
1,261589,0
0,261617,0
3,261646,0
2,261675,0
1,261704,0
0,261733,0
3,261762,0
2,261791,0
0,261819,0
1,261848,0
3,261877,0
2,261906,0
0,261935,0
1,261964,0
3,261992,0
2,262021,0
0,262050,0
1,262079,0
3,262108,0
2,262137,0
0,262166,0
1,262194,0
2,262223,0
3,262223,0
1,262281,0
0,262281,0
3,262339,0
2,262339,0
1,262396,0
0,262396,0
3,262454,0
2,262454,0
1,262512,0
0,262512,0
2,262569,0
3,262569,0
1,262627,0
0,262627,0
2,262685,0
3,262685,0
1,262742,0
0,262742,0
2,262800,0
3,262800,0
0,262858,0
1,262858,0
3,262916,0
2,262944,0
0,262973,0
1,263002,0
3,263031,0
2,263060,0
0,263089,0
1,263117,0
3,263146,0
2,263175,0
0,263204,0
1,263233,0
3,263262,0
2,263291,0
0,263319,0
1,263348,0
3,263377,0
2,263406,0
0,263435,0
1,263464,0
3,263492,0
2,263521,0
0,263550,0
1,263579,0
3,263608,1,263839
2,263608,0
1,263839,1,264069
3,264069,0
2,264069,0
0,264069,1,266839
2,264416,1,266839
3,264762,0
3,264877,0
3,264992,0
1,265108,0
1,265223,0
1,265339,0
3,265454,0
3,265569,0
3,265685,0
1,265800,0
1,265916,0
1,266031,0
3,266146,0
3,266262,0
3,266377,0
1,266492,0
1,266608,0
1,266723,0
3,266839,0
