0,4510,0
1,4510,1,4586
2,4510,1,4586
3,4586,0
0,4661,0
2,4737,0
0,4813,0
2,4889,0
1,4964,0
3,5040,0
1,5116,0
0,5192,0
1,5267,0
0,5343,0
2,5419,0
1,5495,0
2,5570,0
0,5646,0
2,5722,0
0,5798,0
3,5874,0
1,5949,0
3,6025,0
2,6101,0
3,6177,0
2,6252,0
1,6328,0
0,6404,0
2,6480,0
1,6555,0
0,6631,0
1,6707,0
2,6783,0
1,6858,0
3,6934,0
2,7010,0
1,7086,0
2,7161,0
1,7237,0
0,7313,0
2,7389,0
1,7464,0
0,7540,0
1,7616,0
2,7692,0
1,7767,0
3,7843,0
2,7919,0
1,7995,0
2,8070,0
0,8146,0
1,8146,1,8222
3,8146,1,8222
2,8222,0
1,8298,0
3,8374,0
1,8449,0
2,8525,0
3,8601,0
0,8677,0
2,8752,0
3,8828,0
0,8904,0
1,8980,0
3,9055,0
1,9131,0
2,9207,0
0,9283,0
2,9358,0
3,9434,0
1,9510,0
3,9586,0
0,9661,0
2,9737,0
0,9813,0
1,9889,0
2,9964,0
3,10040,0
2,10116,0
1,10192,0
3,10267,0
1,10343,0
2,10419,0
0,10495,0
2,10570,0
0,10646,0
1,10722,0
0,10798,0
1,10874,0
2,10949,0
3,11025,0
1,11101,0
3,11177,0
1,11252,0
2,11328,0
1,11404,0
3,11480,0
2,11555,0
1,11631,0
0,11707,0
1,11783,0
2,11783,1,11858
3,11783,1,11858
0,11858,0
1,11934,0
2,12010,0
0,12086,0
2,12161,0
1,12237,0
3,12313,0
1,12389,0
2,12464,0
3,12540,0
2,12616,0
0,12692,0
1,12767,0
2,12843,0
3,12919,0
1,12995,0
0,13070,0
3,13146,0
2,13222,0
1,13298,0
3,13374,0
2,13449,0
0,13525,0
3,13601,0
2,13677,0
1,13752,0
0,13828,0
2,13904,0
1,13980,0
0,14055,0
1,14131,0
3,14207,0
2,14283,0
0,14358,0
1,14434,0
0,14510,0
2,14586,0
3,14661,0
2,14737,0
0,14813,0
1,14889,0
2,14964,0
1,15040,0
0,15116,0
2,15192,0
1,15267,0
3,15343,0
0,15419,0
1,15419,1,15495
2,15419,1,15495
3,15495,0
1,15570,0
0,15646,0
2,15722,0
1,15798,0
0,15874,0
1,15949,0
2,16025,0
3,16101,0
2,16177,0
1,16252,0
2,16328,0
3,16404,0
1,16480,0
0,16555,0
2,16631,0
1,16707,0
3,16783,0
2,16858,0
1,16934,0
2,17010,0
1,17086,0
0,17161,0
1,17237,0
2,17237,1,17313
3,17237,1,17313
0,17313,0
2,17389,0
1,17464,0
3,17540,0
0,17616,0
2,17692,0
1,17767,0
0,17843,0
1,17919,0
3,17995,0
2,18070,0
0,18146,0
1,18222,0
0,18298,0
2,18374,0
3,18449,0
2,18525,0
0,18601,0
2,18677,0
1,18752,0
3,18828,0
2,18904,0
1,18980,0
0,19055,0
2,19055,1,19131
3,19055,1,19131
1,19131,0
0,19207,0
2,19283,0
0,19358,0
2,19434,0
1,19510,0
3,19586,0
1,19661,0
0,19737,0
1,19813,0
0,19889,0
2,19964,0
1,20040,0
2,20116,0
0,20192,0
2,20267,0
0,20343,0
3,20419,0
1,20495,0
3,20570,0
2,20646,0
3,20722,0
2,20798,0
1,20874,0
0,20949,0
2,21025,0
1,21101,0
0,21177,0
1,21252,0
2,21328,0
1,21404,0
3,21480,0
2,21555,0
1,21631,0
2,21707,0
1,21783,0
0,21858,0
2,21934,0
1,22010,0
0,22086,0
1,22161,0
2,22237,0
1,22313,0
3,22389,0
2,22464,0
1,22540,0
2,22616,0
0,22692,0
1,22692,1,22767
3,22692,1,22767
2,22767,0
1,22843,0
3,22919,0
1,22995,0
2,23070,0
3,23146,0
0,23222,0
2,23298,0
3,23374,0
0,23449,0
1,23525,0
3,23601,0
1,23677,0
2,23752,0
0,23828,0
2,23904,0
3,23980,0
1,24055,0
3,24131,0
0,24207,0
2,24283,0
0,24358,0
1,24434,0
2,24510,0
3,24586,0
2,24661,0
1,24737,0
3,24813,0
1,24889,0
2,24964,0
0,25040,0
2,25116,0
0,25192,0
1,25267,0
0,25343,0
1,25419,0
2,25495,0
3,25570,0
1,25646,0
3,25722,0
1,25798,0
2,25874,0
1,25949,0
3,26025,0
2,26101,0
1,26177,0
0,26252,0
1,26328,0
2,26328,1,26404
3,26328,1,26404
0,26404,0
1,26480,0
2,26555,0
0,26631,0
2,26707,0
1,26783,0
3,26858,0
1,26934,0
2,27010,0
3,27086,0
2,27161,0
0,27237,0
1,27313,0
2,27389,0
3,27464,0
1,27540,0
0,27616,0
3,27692,0
2,27767,0
1,27843,0
3,27919,0
2,27995,0
0,28070,0
3,28146,0
2,28222,0
1,28298,0
0,28374,0
2,28449,0
1,28525,0
0,28601,0
1,28677,0
3,28752,0
2,28828,0
0,28904,0
1,28980,0
0,29055,0
2,29131,0
3,29207,0
2,29283,0
0,29358,0
1,29434,0
2,29510,0
1,29586,0
0,29661,0
2,29737,0
1,29813,0
3,29889,0
0,29964,0
1,29964,1,30040
2,29964,1,30040
3,30040,0
1,30116,0
0,30192,0
2,30267,0
1,30343,0
0,30419,0
1,30495,0
2,30570,0
3,30646,0
2,30722,0
1,30798,0
2,30874,0
3,30949,0
1,31025,0
0,31101,0
2,31177,0
1,31252,0
3,31328,0
2,31404,0
1,31480,0
2,31555,0
1,31631,0
0,31707,0
2,31783,0
3,31783,1,31839
1,31839,0
2,31896,0
1,31953,0
2,32010,0
0,32067,0
2,32124,0
0,32180,0
1,32237,0
3,32294,0
1,32351,0
3,32408,0
1,32464,0
2,32521,0
1,32578,0
2,32635,0
3,32692,0
0,32749,0
3,32805,0
0,32862,0
3,32919,0
1,32976,0
3,33033,0
1,33089,0
0,33146,0
2,33203,0
0,33260,0
2,33317,0
0,33374,0
3,33430,0
1,33487,0
3,33544,0
0,33601,1,33828
1,33601,0
2,33601,0
3,33714,0
2,33828,0
0,33942,0
1,33942,0
2,34055,0
3,34055,1,34283
0,34169,0
1,34283,0
2,34283,0
3,34396,0
0,34510,1,34737
1,34510,0
2,34624,0
3,34737,0
0,34851,0
2,34851,0
1,34964,0
3,34964,1,35192
0,35078,1,35192
1,35192,0
2,35192,0
3,35305,0
0,35419,1,35646
2,35419,0
1,35533,0
3,35646,0
0,35760,0
2,35760,0
1,35874,0
3,35874,1,36101
0,35987,0
1,36101,0
2,36101,0
3,36214,0
0,36328,1,36555
2,36328,0
1,36442,0
3,36555,0
1,36669,0
2,36669,0
0,36783,1,36896
3,36783,1,37010
1,36896,1,37010
0,37010,0
2,37010,0
3,37124,0
0,37237,1,37464
1,37237,0
2,37351,0
3,37464,0
1,37578,0
2,37578,0
0,37692,0
3,37692,1,37919
2,37805,0
0,37919,0
1,37919,0
3,38033,0
0,38146,1,38374
1,38146,0
2,38260,0
3,38374,0
0,38487,0
2,38487,0
1,38601,0
3,38601,1,38828
0,38714,1,38828
1,38828,0
2,38828,0
3,38942,0
0,39055,1,39283
2,39055,0
1,39169,1,39283
2,39283,0
0,39396,1,39510
3,39396,0
1,39510,1,39624
2,39510,0
3,39624,0
1,39737,1,39851
2,39737,0
0,39851,1,39964
1,39964,0
3,39964,0
2,40078,1,40192
3,40192,1,40305
1,40305,0
2,40305,0
0,40419,0
3,40419,1,40533
2,40533,1,40646
0,40646,0
1,40646,1,40760
2,40760,0
0,40874,1,41101
1,40874,0
2,40987,0
3,41101,0
1,41214,0
2,41214,0
0,41328,0
3,41328,1,41555
2,41442,0
0,41555,0
1,41555,0
3,41669,0
0,41783,1,42010
1,41783,0
2,41896,0
3,42010,0
0,42124,0
2,42124,0
1,42237,0
3,42237,1,42464
0,42351,1,42464
1,42464,0
2,42464,0
3,42578,0
0,42692,1,42919
2,42692,0
3,42805,0
1,42919,0
0,43033,0
2,43033,0
1,43146,0
3,43146,1,43374
2,43260,0
0,43374,0
1,43374,0
3,43487,0
0,43601,1,43828
1,43601,0
2,43714,0
3,43828,0
1,43942,0
2,43942,0
0,44055,1,44169
3,44055,1,44283
2,44169,1,44283
0,44283,0
1,44283,0
3,44396,0
0,44510,1,44737
1,44510,0
2,44624,0
3,44737,0
1,44851,0
2,44851,0
0,44964,0
3,44964,1,45192
2,45078,0
0,45192,0
1,45192,0
3,45305,0
0,45419,1,45646
1,45419,0
2,45533,0
3,45646,0
0,45760,0
2,45760,0
1,45874,0
3,45874,1,46101
0,45987,1,46101
1,46101,0
2,46101,0
3,46214,0
0,46328,1,46555
1,46328,0
2,46442,1,46555
3,46555,0
1,46669,0
2,46669,1,46783
0,46783,0
3,46783,1,46896
2,46896,0
1,47010,1,47124
3,47010,0
0,47124,1,47237
2,47237,0
3,47237,1,47408
0,47351,1,47464
1,47464,1,47578
3,47464,1,47635
0,47578,0
2,47692,1,47805
3,47692,1,47862
1,47805,1,47919
0,47919,1,48033
3,47919,1,48089
1,48033,0
0,48146,0
2,48146,0
3,48146,0
1,48260,0
3,48374,0
0,48487,0
2,48487,0
0,48601,0
1,48601,0
2,48601,0
3,48714,0
0,48828,0
1,48828,0
2,48942,0
0,49055,0
1,49055,0
3,49055,0
2,49112,0
3,49169,0
1,49226,0
2,49283,0
0,49396,0
3,49396,0
0,49510,0
1,49510,0
3,49510,0
1,49624,0
2,49624,0
0,49737,1,49908
3,49737,0
1,49851,0
0,49964,0
2,49964,0
3,49964,0
1,50078,1,50249
2,50192,0
1,50305,1,50419
3,50305,0
0,50419,0
2,50419,0
3,50419,0
1,50533,0
0,50646,0
2,50646,1,50817
1,50760,0
0,50874,0
2,50874,0
3,50874,1,51044
1,50987,0
2,51101,0
3,51101,1,51214
0,51214,0
1,51214,0
0,51328,0
1,51328,0
2,51328,0
2,51442,0
3,51442,1,51612
0,51555,0
1,51555,0
3,51669,1,51783
0,51783,0
1,51783,0
2,51783,0
3,51896,0
0,52010,0
1,52124,0
3,52124,0
1,52237,0
2,52237,0
3,52237,0
0,52351,0
2,52464,0
3,52464,0
1,52578,0
0,52692,0
2,52692,0
3,52692,0
1,52749,0
3,52805,0
2,52862,0
1,52919,0
0,53033,0
3,53033,0
0,53146,0
2,53146,0
3,53146,0
1,53260,0
2,53260,0
0,53374,0
3,53374,1,53544
2,53487,0
0,53601,0
1,53601,0
3,53601,0
2,53714,1,53885
1,53828,0
0,53942,0
2,53942,1,54055
0,54055,0
1,54055,0
3,54055,0
2,54169,0
1,54283,0
3,54283,1,54453
0,54396,0
1,54510,0
2,54510,1,54680
3,54510,0
0,54624,0
2,54737,1,54851
0,54851,0
3,54851,0
0,54964,0
1,54964,0
2,54964,0
3,55078,1,55249
0,55192,0
1,55305,0
3,55305,1,55419
0,55419,0
1,55419,0
2,55476,0
3,55476,0
0,55533,0
1,55533,0
2,55589,0
3,55589,0
0,55646,0
1,55646,0
2,55760,0
3,55760,0
1,55874,0
0,55874,0
3,55874,0
0,55987,0
2,55987,0
1,56101,0
3,56101,0
0,56214,0
2,56214,0
0,56328,0
1,56328,0
3,56328,0
2,56442,0
3,56442,0
0,56555,0
1,56555,0
2,56669,0
3,56669,0
0,56783,0
1,56783,0
2,56783,0
1,56896,0
3,56896,0
0,57010,0
2,57010,0
1,57124,0
3,57124,0
2,57237,0
3,57237,0
0,57294,0
1,57294,0
2,57351,0
3,57351,0
0,57408,0
1,57408,0
2,57464,0
3,57464,0
0,57578,0
1,57578,0
3,57692,0
2,57692,0
0,57692,0
1,57805,0
3,57805,0
0,57919,0
2,57919,0
1,58033,0
3,58033,0
0,58146,0
2,58146,0
3,58146,0
0,58260,0
1,58260,0
2,58374,0
3,58374,0
0,58487,0
1,58487,0
1,58601,0
2,58601,0
3,58601,0
0,58714,0
2,58714,0
1,58828,0
3,58828,0
0,58942,0
2,58942,0
0,59055,0
1,59055,0
2,59112,0
3,59112,0
0,59169,0
1,59169,0
2,59226,0
3,59226,0
0,59283,0
1,59283,0
2,59396,0
3,59396,0
0,59510,0
1,59510,0
3,59510,0
1,59624,0
2,59624,0
0,59737,0
2,59737,0
3,59737,0
0,59851,0
1,59851,0
1,59964,0
2,59964,0
3,59964,0
0,60078,0
1,60078,0
3,60078,0
0,60192,0
2,60192,0
3,60192,0
0,60305,0
1,60305,0
2,60305,0
1,60419,0
2,60419,0
3,60419,0
0,60533,0
1,60533,0
3,60533,0
0,60646,0
2,60646,0
3,60646,0
0,60760,0
1,60760,0
2,60760,0
2,60874,0
3,60874,0
0,62692,1,63070
2,62692,0
3,62692,0
1,62919,0
2,62957,0
3,62995,0
2,63070,0
0,63146,1,63374
1,63146,1,63260
3,63146,0
3,63260,1,63374
2,63317,1,63487
1,63374,1,63544
3,63430,1,63544
0,63487,1,63544
0,63601,0
2,63601,1,63752
3,63601,0
1,63677,1,63828
2,63828,1,63980
0,63904,1,63980
0,64055,0
1,64055,0
2,64055,1,64207
3,64131,1,64283
0,64283,0
1,64311,0
2,64339,0
3,64368,0
0,64396,0
1,64510,1,64680
2,64510,1,64737
3,64510,0
0,64680,1,64737
1,64851,0
3,64851,0
1,64964,0
2,64964,0
3,64964,0
0,65021,0
2,65078,0
1,65135,0
0,65192,1,65362
3,65192,1,65419
0,65419,0
1,65419,0
2,65419,0
3,65476,0
1,65533,0
2,65589,0
0,65646,1,65874
3,65646,1,65817
1,65874,1,66328
2,65874,1,66044
3,65874,0
2,66101,1,66271
0,66328,0
2,66328,0
3,66328,1,66707
2,66555,0
1,66593,0
0,66631,0
1,66707,0
0,66783,0
2,66783,1,66896
3,66783,1,67010
0,66896,1,67010
1,66953,1,67124
2,67010,1,67180
0,67067,1,67180
3,67124,1,67180
0,67237,0
1,67237,1,67389
3,67237,0
2,67313,1,67464
1,67464,1,67616
3,67540,1,67616
1,67692,1,67843
2,67692,0
3,67692,0
0,67767,1,67919
3,67919,0
2,67947,0
1,67976,0
0,68004,0
3,68033,0
2,68089,0
0,68146,1,68487
1,68146,1,68374
3,68146,1,68260
3,68374,0
2,68487,1,68544
0,68601,0
1,68601,0
3,68601,0
2,68658,0
0,68714,0
1,68771,0
2,68828,1,68885
2,68942,1,68999
0,69055,0
1,69055,1,69396
3,69055,1,69396
0,69396,1,69453
2,69396,1,69737
0,69510,1,69737
1,69510,0
3,69510,0
1,69737,1,69908
3,69737,1,69908
0,69964,1,70343
1,69964,0
3,69964,0
1,70192,0
2,70230,0
3,70267,0
2,70343,0
0,70419,1,70646
1,70419,1,70533
3,70419,0
2,70533,1,70646
3,70589,1,70760
1,70646,1,70817
2,70703,1,70817
0,70760,1,70817
0,70874,1,71025
1,70874,0
2,70874,0
3,70949,1,71101
0,71101,1,71252
2,71177,1,71252
0,71328,1,71480
2,71328,0
3,71328,0
1,71404,1,71555
2,71555,1,71612
2,71707,1,71745
0,71783,1,71953
1,71783,0
3,71783,1,71953
0,72010,1,72180
3,72010,1,72180
0,72237,0
2,72237,0
3,72237,0
1,72294,0
2,72351,0
1,72408,0
0,72464,1,72635
3,72464,1,72635
0,72692,0
1,72692,0
3,72692,0
2,72749,0
1,72805,0
3,72862,0
0,72919,0
2,72976,0
0,73033,0
2,73089,0
0,73146,1,73374
1,73146,1,73374
3,73146,1,73260
3,73374,1,73544
2,73430,1,73544
1,73487,1,73544
0,73544,0
1,73601,0
2,73601,0
3,73601,1,73980
2,73828,0
1,73866,0
0,73904,0
1,73980,0
0,74055,1,74283
2,74055,1,74226
3,74055,1,74169
1,74283,0
2,74339,0
1,74396,0
2,74453,0
0,74510,0
1,74510,0
3,74510,0
2,74624,0
2,74737,0
2,74851,0
0,74964,0
1,74964,0
3,74964,1,75021
2,75021,1,75078
1,75078,1,75135
2,75135,1,75192
0,75192,1,75249
0,75305,1,75362
0,75419,1,75533
1,75419,1,75533
2,75419,0
0,75646,1,75760
1,75646,1,75760
0,75874,1,75987
1,75874,1,75987
3,75874,0
2,76101,1,76214
3,76101,1,76214
0,76328,0
1,76328,1,76783
2,76328,0
2,76669,0
3,76669,0
0,76783,0
3,76783,0
1,76896,0
2,76896,0
3,77010,0
1,77124,0
0,77237,1,77294
2,77237,0
3,77237,1,77616
2,77464,0
1,77502,0
0,77540,0
1,77616,0
0,77692,0
2,77692,1,77805
3,77692,1,77919
0,77805,1,77919
1,77862,1,78033
2,77919,1,78089
0,77976,1,78089
3,78033,1,78089
0,78146,0
2,78146,1,78298
3,78146,0
1,78222,1,78374
2,78374,1,78525
3,78374,1,78449
0,78449,1,78525
0,78601,1,78677
1,78601,0
2,78601,1,78752
3,78677,1,78828
0,78828,1,78885
1,78856,0
2,78885,0
3,78913,0
0,78942,0
1,79055,1,79283
2,79055,1,79226
3,79055,0
0,79226,1,79283
3,79283,1,79339
2,79396,0
3,79396,1,79453
0,79510,0
1,79510,0
2,79510,0
3,79567,0
0,79624,1,79680
1,79624,0
2,79680,0
0,79737,1,79794
3,79737,1,79908
0,79964,0
2,79964,0
3,79964,0
1,80021,1,80078
3,80078,0
2,80135,0
0,80192,1,80305
3,80192,1,80249
1,80249,1,80362
2,80305,1,80362
0,80362,0
1,80419,0
2,80419,1,80646
3,80419,1,80533
0,80533,1,80703
1,80589,1,80760
3,80646,1,80817
2,80760,1,80817
0,80874,1,81252
1,80874,0
3,80874,1,80930
1,81101,0
2,81139,0
3,81177,0
2,81252,0
0,81328,1,81555
1,81328,1,81442
3,81328,0
3,81442,1,81555
2,81499,1,81669
1,81555,1,81726
3,81612,1,81726
0,81669,1,81726
0,81783,0
1,81783,1,81934
3,81783,0
2,81858,1,82010
0,82010,1,82086
1,82010,1,82161
3,82086,1,82161
1,82237,1,82389
2,82237,0
3,82237,1,82313
0,82313,1,82464
3,82464,1,82521
2,82493,0
1,82521,0
0,82550,0
3,82578,0
2,82635,0
1,82692,1,82805
3,82692,1,82805
0,82805,1,82862
2,82805,0
1,82862,0
0,82919,1,82976
2,82919,0
1,83033,0
3,83033,0
0,83146,0
1,83146,1,83203
2,83203,1,83260
3,83203,0
0,83260,0
1,83260,1,83317
2,83317,1,83374
3,83317,0
0,83374,0
1,83374,1,83430
2,83487,0
3,83487,0
0,83601,0
1,83601,1,83885
3,83601,1,83885
0,83942,1,83999
1,83942,0
2,83942,1,84283
0,84055,1,84226
3,84055,0
1,84169,0
0,84283,0
1,84283,1,84453
3,84283,1,84453
2,84396,0
0,84510,1,84889
1,84510,0
3,84510,1,84567
1,84737,0
2,84775,0
3,84813,0
2,84889,0
0,84964,1,85192
1,84964,1,85078
3,84964,0
3,85078,1,85192
2,85135,1,85305
1,85192,1,85362
3,85249,1,85362
0,85305,1,85362
0,85419,1,85570
1,85419,0
2,85419,0
3,85495,1,85646
0,85646,1,85817
1,85646,1,85722
2,85722,1,85798
0,85874,1,86025
2,85874,0
3,85874,1,85949
1,85949,1,86101
0,86101,1,86177
2,86101,1,86158
2,86252,1,86290
0,86328,0
1,86328,1,86499
3,86328,1,86499
0,86555,1,86612
1,86555,1,86726
3,86555,1,86726
0,86669,1,86726
1,86783,0
2,86783,0
3,86783,0
0,86839,0
1,86896,0
3,86896,1,86953
2,86953,0
0,87010,1,87180
1,87010,1,87180
3,87010,1,87067
0,87237,0
2,87237,0
3,87237,0
1,87294,1,87351
3,87351,0
2,87408,0
0,87464,1,87578
3,87464,1,87521
1,87521,1,87635
2,87578,1,87635
0,87635,0
1,87692,1,87919
2,87692,1,87805
3,87692,0
3,87805,1,87919
0,87862,1,88033
2,87919,1,88033
1,87976,1,88033
3,88033,1,88089
2,88089,1,88146
0,88146,1,88317
1,88146,1,88317
3,88146,1,88203
0,88374,1,88544
1,88374,1,88544
2,88374,1,88430
1,88601,1,88714
2,88601,1,88828
3,88601,1,88771
0,88828,0
1,88828,0
3,88828,0
2,88885,0
1,88942,0
2,88999,0
0,89055,1,89112
1,89055,0
3,89055,0
0,89169,1,89226
2,89169,0
0,89283,0
1,89283,0
3,89283,0
2,89339,0
1,89396,1,89453
0,89510,0
2,89510,0
3,89510,1,89567
1,89624,0
3,89624,1,89680
0,89737,0
2,89737,0
3,89737,0
1,89794,0
2,89851,1,89908
0,89964,0
1,89964,0
3,89964,0
1,90192,1,90249
1,90305,1,90362
0,90419,1,90817
2,90419,0
3,90419,1,90817
1,90533,1,90589
2,90646,1,90703
1,90703,1,90760
2,90760,1,90817
1,90817,1,90874
0,90874,1,91271
2,90874,1,91271
3,90874,1,91271
1,91101,1,91271
0,91328,1,91726
1,91328,1,91726
3,91328,1,91726
0,91783,1,92161
1,91783,0
2,91783,0
1,92010,0
2,92048,0
3,92086,0
2,92161,0
0,92237,1,92464
1,92237,1,92464
3,92237,1,92464
2,92464,1,92692
0,92692,0
1,92692,0
3,92692,0
2,92749,0
3,92805,0
1,92919,0
2,92976,0
1,93033,0
2,93089,0
0,93146,1,93317
1,93146,1,93317
3,93146,1,93317
0,93374,1,93544
2,93374,1,93544
0,93601,0
2,93601,0
3,93601,0
1,93658,0
0,93714,0
2,93828,0
1,93885,0
2,93942,0
1,93999,0
0,94055,1,94226
2,94055,1,94226
3,94055,1,94226
0,94283,1,94453
1,94283,1,94453
3,94283,1,94453
0,94510,0
1,94510,0
3,94510,0
2,94567,0
3,94624,0
2,94737,0
0,94794,0
2,94851,0
0,94908,0
1,94964,1,95192
2,94964,1,95192
3,94964,1,95192
0,95192,0
2,95249,0
0,95305,0
2,95362,0
0,95419,0
1,95419,0
3,95419,1,95798
2,95646,0
1,95684,0
0,95722,0
1,95798,0
0,95874,1,96101
2,95874,1,96101
3,95874,1,96101
1,96101,1,96328
0,96328,0
2,96328,0
3,96328,0
1,96385,0
0,96442,0
1,96555,0
3,96612,0
1,96669,0
3,96726,0
0,96783,1,96953
1,96783,1,96953
2,96783,1,96953
0,97010,1,97180
3,97010,1,97180
0,97237,0
1,97237,0
3,97237,0
2,97294,0
3,97351,0
0,97464,0
2,97521,0
0,97578,0
2,97635,0
0,97692,1,97862
1,97692,1,97862
3,97692,1,97862
2,97919,0
0,97957,0
1,98004,0
3,98033,0
2,98070,0
0,98118,0
1,98146,0
3,98146,0
2,98203,0
0,98260,0
2,98317,0
1,98374,0
3,98430,0
2,98487,0
1,98544,0
0,98601,1,98771
3,98601,1,98771
2,98658,0
1,98714,0
2,98771,0
3,98828,0
0,98885,0
1,98942,0
2,98999,0
0,99055,1,99434
1,99055,0
3,99055,0
1,99283,0
2,99320,0
3,99358,0
2,99434,0
0,99510,0
1,99510,0
3,99510,1,99624
2,99567,1,99851
1,99624,1,99737
0,99680,1,99737
3,99737,1,99851
0,99794,1,99851
1,99851,1,99908
0,99964,0
2,99964,0
3,99964,0
1,100029,0
0,100094,0
2,100192,0
1,100257,0
2,100322,0
0,100419,0
1,100419,0
3,100419,0
2,100484,0
3,100549,0
1,100646,0
2,100711,0
1,100776,0
0,100874,0
2,100874,0
3,100874,0
1,100938,0
0,101003,0
2,101101,0
1,101166,0
2,101231,0
0,101328,0
1,101328,0
3,101328,0
2,101393,0
3,101458,0
1,101555,0
2,101620,0
1,101685,0
0,101783,0
2,101783,0
3,101783,0
1,101858,0
2,101934,0
3,102010,0
0,102048,0
1,102086,0
2,102124,0
0,102161,0
1,102199,0
2,102237,0
3,102237,0
1,102294,0
0,102351,0
2,102408,0
1,102464,0
3,102502,0
2,102540,0
0,102578,0
3,102616,0
2,102654,0
0,102692,0
1,102692,0
3,102805,0
1,102862,0
3,102919,0
3,103033,0
0,103146,0
1,103146,0
2,103146,0
3,103203,0
1,103260,0
1,103374,0
1,103487,0
2,103544,0
0,103601,0
1,103601,0
3,103601,0
2,103714,0
2,103828,0
0,103885,0
2,103942,0
0,104055,0
1,104055,0
3,104055,0
0,104169,0
2,104226,0
0,104283,0
0,104396,0
1,104510,0
2,104510,0
3,104510,1,104624
3,104737,1,104851
3,104964,1,105078
3,105192,1,105305
0,105419,0
2,105419,0
3,105419,1,105533
2,105646,1,105760
1,105760,0
3,105760,0
0,105874,0
1,105874,1,105987
2,105987,0
3,105987,0
0,106101,1,106214
2,106101,0
1,106214,0
0,106328,1,106707
2,106328,0
3,106328,0
1,106555,0
2,106593,0
3,106631,0
2,106707,0
0,106783,1,107010
1,106783,1,107010
3,106783,1,107010
2,107010,1,107237
0,107237,0
1,107237,0
3,107237,0
2,107294,0
3,107351,0
1,107464,0
3,107521,0
1,107578,0
3,107635,0
0,107692,1,107862
1,107692,1,107862
2,107692,1,107862
0,107919,1,108089
3,107919,1,108089
0,108146,0
2,108146,0
3,108146,0
1,108203,0
0,108260,0
2,108374,0
1,108430,0
2,108487,0
1,108544,0
0,108601,1,108771
2,108601,1,108771
3,108601,1,108771
0,108828,1,108999
1,108828,1,108999
3,108828,1,108999
0,109055,0
1,109055,0
3,109055,0
2,109112,0
3,109169,0
0,109283,0
2,109339,0
0,109396,0
2,109453,0
0,109510,1,109737
1,109510,1,109737
3,109510,1,109737
2,109737,0
0,109794,0
2,109851,0
0,109908,0
1,109964,0
2,109964,0
3,109964,1,110343
2,110192,0
1,110230,0
0,110267,0
1,110343,0
0,110419,1,110646
2,110419,1,110646
3,110419,1,110646
1,110646,1,110874
0,110874,0
2,110874,0
3,110874,0
1,110930,0
0,110987,0
3,111101,0
1,111158,0
3,111214,0
1,111271,0
0,111328,1,111499
2,111328,1,111499
3,111328,1,111499
0,111555,1,111726
1,111555,1,111726
0,111783,0
1,111783,0
3,111783,0
2,111839,0
3,111896,0
0,112010,0
3,112067,0
0,112124,0
3,112180,0
0,112237,1,112408
1,112237,1,112408
2,112237,1,112408
3,112464,0
2,112502,0
0,112540,0
3,112578,0
1,112616,0
0,112654,0
2,112692,0
3,112692,0
1,112749,0
3,112805,0
0,112862,0
2,112862,0
1,112919,0
3,112976,0
0,113033,0
1,113033,0
3,113089,0
0,113146,0
1,113146,1,113260
2,113203,0
0,113260,0
1,113317,0
3,113317,0
2,113374,0
0,113430,0
2,113487,0
3,113487,0
0,113544,0
1,113601,0
2,113601,0
3,113601,1,113980
2,113828,0
1,113866,0
0,113904,0
1,113980,0
0,114055,1,114169
2,114055,0
3,114055,0
1,114112,1,114396
2,114169,1,114283
3,114226,1,114283
0,114283,1,114396
3,114339,1,114396
2,114396,1,114453
0,114510,0
1,114510,0
3,114510,0
2,114575,0
3,114640,0
0,114737,0
1,114737,0
2,114802,0
1,114867,0
0,114964,0
2,114964,0
1,115029,0
0,115094,0
2,115192,0
3,115192,0
1,115257,0
2,115322,0
0,115419,0
1,115419,0
3,115419,0
2,115484,0
3,115549,0
0,115646,0
1,115646,0
2,115711,0
1,115776,0
0,115874,0
2,115874,0
1,115938,0
0,116003,0
2,116101,0
3,116101,0
1,116166,0
2,116231,0
0,116328,0
1,116328,0
3,116328,0
2,116442,0
0,116555,0
3,116555,0
0,116669,0
3,116669,0
0,116783,1,116896
1,116783,1,116839
2,116783,0
3,116839,1,116896
2,116896,1,116953
1,116953,1,117010
0,117010,0
3,117010,1,117067
2,117067,1,117124
0,117124,0
1,117124,1,117180
3,117180,1,117237
0,117237,0
1,117237,0
2,117237,0
2,117351,0
0,117464,0
1,117464,0
3,117464,0
3,117578,0
0,117692,0
1,117692,0
2,117692,0
2,117805,0
0,117919,0
1,117919,0
3,117919,0
0,118033,0
1,118089,0
0,118146,0
2,118146,0
3,118146,0
1,118260,0
0,118374,0
2,118374,0
3,118374,0
0,118487,0
1,118601,0
2,118601,0
3,118601,0
3,118714,0
2,118771,0
0,118828,0
1,118828,0
2,118885,0
3,118885,0
0,118942,0
1,118942,0
2,118999,0
3,118999,0
0,119055,0
1,119055,1,119226
2,119169,1,119226
3,119283,1,119396
0,119510,1,119680
1,119510,1,119908
0,119737,1,119908
0,119964,0
2,119964,1,120362
3,119964,1,120135
0,120192,0
3,120192,1,120362
1,120305,0
1,120419,1,120589
2,120419,0
3,120419,1,120817
0,120533,0
0,120646,1,120817
1,120646,0
2,120760,0
0,120874,0
1,120874,0
3,120874,0
2,120930,0
3,120987,0
1,121044,0
2,121101,0
0,121139,0
1,121177,0
3,121214,0
2,121252,0
0,121290,0
1,121328,0
0,121555,0
2,121555,0
1,121612,0
0,121669,0
1,121783,0
2,121783,0
3,121783,0
0,121839,0
2,121896,0
3,121953,0
1,122010,0
2,122048,0
3,122086,0
0,122124,0
1,122152,0
2,122180,0
3,122464,0
0,122521,0
3,122578,0
0,122635,0
1,122692,0
2,122692,0
3,122692,0
0,122749,0
2,122805,0
3,122862,0
1,122919,0
2,122957,0
3,122995,0
0,123033,0
1,123061,0
2,123089,0
0,123374,0
2,123374,0
1,123430,0
2,123487,0
0,123601,0
1,123601,0
3,123601,0
2,123658,0
3,123714,0
0,123771,0
1,123828,0
2,123828,0
1,123942,0
2,123942,0
0,124055,0
3,124055,0
1,124112,0
0,124169,0
1,124283,0
3,124283,0
2,124339,0
3,124396,0
0,124510,0
2,124510,0
3,124510,0
1,124567,0
0,124624,0
2,124680,0
1,124737,0
3,124775,0
2,124813,0
0,124851,0
1,124889,0
3,124927,0
2,124964,0
1,125192,0
3,125192,0
2,125249,0
3,125305,0
0,125419,0
1,125419,0
2,125419,0
3,125476,0
1,125533,0
0,125589,0
2,125646,0
1,125684,0
0,125722,0
3,125760,0
2,125788,0
1,125817,0
0,126101,0
3,126158,0
0,126214,0
3,126271,0
0,126328,0
1,126328,0
2,126328,0
3,126385,0
1,126442,0
0,126499,0
2,126555,0
1,126593,0
0,126631,0
3,126669,0
2,126697,0
1,126726,0
0,126896,0
2,126896,0
1,126953,0
2,127010,0
1,127124,0
3,127124,0
0,127237,0
1,127237,0
2,127237,0
3,127294,0
0,127351,0
2,127408,0
1,127464,0
3,127502,0
0,127540,0
2,127578,0
3,127616,0
1,127654,0
0,127692,0
2,127730,0
1,127767,0
3,127805,0
0,127843,0
2,127881,0
3,127919,0
1,127976,0
2,128033,0
0,128089,0
1,128146,0
2,128146,0
3,128146,0
0,128203,0
1,128260,0
2,128317,0
0,128374,0
3,128411,0
2,128449,0
1,128487,0
0,128525,0
3,128563,0
2,128601,0
0,128828,0
2,128828,0
1,128885,0
0,128942,0
1,129055,0
2,129055,0
3,129055,0
0,129112,0
2,129169,0
3,129226,0
1,129283,0
2,129320,0
3,129358,0
0,129396,0
1,129425,0
2,129453,0
3,129737,0
0,129794,0
3,129851,0
0,129908,0
1,129964,0
2,129964,0
3,129964,0
0,130021,0
2,130078,0
3,130135,0
1,130192,0
2,130230,0
3,130267,0
0,130305,0
1,130334,0
2,130362,0
1,130646,0
2,130646,0
0,130703,0
2,130760,0
0,130874,0
1,130874,0
3,130874,0
2,130930,0
3,130987,0
1,131044,0
0,131101,0
2,131139,0
1,131177,0
0,131214,0
3,131252,0
2,131290,0
0,131328,0
1,131328,0
3,131385,0
1,131442,0
2,131499,0
0,131555,0
3,131555,0
1,131593,0
2,131631,0
3,131669,0
0,131726,0
1,131783,0
2,131783,0
3,131783,0
0,131839,0
2,131896,0
1,131953,0
3,132010,0
2,132048,0
0,132086,0
1,132124,0
3,132161,0
2,132199,0
0,132237,0
1,132237,0
0,132464,0
3,132464,0
2,132521,0
0,132578,0
1,132578,0
1,132692,0
2,132692,0
3,132692,0
0,132749,0
1,132805,0
2,132862,0
0,132919,0
3,132919,0
1,132976,0
2,133033,0
3,133033,0
0,133146,0
1,133146,0
2,133146,0
2,133345,0
3,133374,0
0,133430,0
3,133487,0
0,133544,0
1,133601,0
2,133601,0
3,133601,0
0,133658,0
2,133714,0
3,133714,0
0,133828,0
1,133828,0
3,133828,0
2,133885,0
0,133942,0
1,133942,0
0,134055,0
2,134055,0
3,134055,0
1,134112,0
2,134169,0
3,134169,0
0,134283,0
1,134283,0
2,134283,0
3,134339,0
0,134396,0
1,134396,0
1,134510,0
2,134510,0
3,134510,0
0,134737,1,134851
1,134737,1,134794
3,134964,1,135021
1,135021,1,135078
2,135078,1,135135
0,135135,1,135192
2,135192,1,135249
1,135249,1,135305
3,135305,1,135362
1,135362,1,135419
0,135419,0
2,135419,0
3,135419,0
0,135874,0
3,135949,0
1,136025,0
2,136101,0
1,136177,0
2,136252,0
3,136328,0
1,136404,0
0,136480,0
2,136555,0
3,136631,0
2,136707,0
0,136783,0
2,136858,0
1,136934,0
0,137010,0
3,137086,0
2,137161,0
1,137237,0
2,137313,0
0,137389,0
1,137464,0
2,137540,0
3,137616,0
1,137692,0
3,137767,0
1,137843,0
0,137919,0
3,137995,0
2,138070,0
1,138146,0
0,138222,0
1,138298,0
3,138374,0
0,138449,0
2,138525,0
3,138601,0
0,138677,0
1,138752,0
0,138828,0
3,138904,0
2,138980,0
1,139055,0
0,139964,0
2,139964,0
0,140116,0
1,140116,0
2,140267,0
3,140267,0
0,140419,0
2,140419,0
0,140570,0
1,140570,0
1,140722,0
3,140722,0
0,140874,0
2,140874,0
1,141328,0
2,141404,0
3,141480,0
1,141555,0
2,141555,0
1,142010,0
2,142086,0
3,142161,0
0,142237,0
2,142237,0
1,142313,0
3,142389,0
1,142464,0
0,142540,0
2,142616,0
0,142692,1,142767
1,142692,1,142767
3,142692,1,142767
0,142919,0
3,142919,0
1,143089,0
3,143089,0
1,143260,0
2,143260,0
1,143459,0
3,143459,0
0,143639,0
3,143639,0
0,143828,0
2,143828,0
1,144017,0
3,144017,0
0,144207,0
1,144207,0
2,144396,0
3,144396,0
0,144586,0
3,144586,0
0,144775,0
2,144775,0
0,144964,0
1,144964,0
2,145135,0
3,145135,0
0,145305,0
2,145305,0
0,145495,0
3,145495,0
1,145722,0
3,145722,0
1,146063,0
2,146063,0
3,146063,0
0,146328,0
1,146328,0
2,146328,0
2,146783,0
1,146858,0
2,146934,0
0,147010,0
3,147086,0
1,147161,0
3,147237,0
1,147313,0
0,147389,0
2,147464,0
1,147540,0
2,147616,0
0,147692,0
1,147767,0
3,147843,0
1,147919,0
2,147995,0
1,148070,0
0,148146,0
3,148222,0
2,148298,0
0,148374,0
3,148449,0
2,148525,0
1,148601,0
3,148677,0
1,148752,0
2,148828,0
0,148904,0
2,148980,0
0,149964,0
2,149964,0
3,149964,0
3,150040,0
0,150116,0
2,150192,0
0,150267,0
2,150343,0
1,150419,0
3,150495,0
1,150570,0
0,150646,0
1,150722,0
0,150798,0
2,150874,0
1,150949,0
2,151025,0
0,151101,0
2,151177,0
0,151252,0
3,151328,0
1,151404,0
3,151480,0
2,151555,0
3,151631,0
2,151707,0
1,151783,0
0,151858,0
2,151934,0
1,152010,0
0,152086,0
1,152161,0
2,152237,0
1,152313,0
3,152389,0
2,152464,0
1,152540,0
2,152616,0
1,152692,0
0,152767,0
2,152843,0
1,152919,0
0,152995,0
1,153070,0
2,153146,0
1,153222,0
3,153298,0
2,153374,0
1,153449,0
2,153525,0
0,153601,0
1,153601,0
3,153601,0
3,153677,0
1,153752,0
3,153828,0
1,153904,0
2,153980,0
3,154055,0
0,154131,0
2,154207,0
3,154283,0
0,154358,0
1,154434,0
3,154510,0
1,154586,0
2,154661,0
0,154737,0
2,154813,0
3,154889,0
1,154964,0
3,155040,0
0,155116,0
2,155192,0
0,155267,0
1,155343,0
2,155419,0
3,155495,0
2,155570,0
1,155646,0
3,155722,0
1,155798,0
2,155874,0
0,155949,0
2,156025,0
0,156101,0
1,156177,0
0,156252,0
1,156328,0
2,156404,0
3,156480,0
1,156555,0
3,156631,0
1,156707,0
2,156783,0
1,156858,0
3,156934,0
2,157010,0
1,157086,0
0,157161,0
1,157237,0
2,157237,0
3,157237,0
2,157313,0
0,157389,0
2,157464,0
0,157540,0
2,157616,0
1,157692,0
3,157767,0
1,157843,0
2,157919,0
3,157995,0
2,158070,0
0,158146,0
1,158222,0
2,158298,0
3,158374,0
1,158449,0
0,158525,0
3,158601,0
2,158677,0
1,158752,0
3,158828,0
2,158904,0
0,158980,0
3,159055,0
2,159131,0
1,159207,0
0,159283,0
2,159358,0
1,159434,0
0,159510,0
1,159586,0
3,159661,0
2,159737,0
0,159813,0
1,159889,0
0,159964,0
2,160040,0
3,160116,0
2,160192,0
0,160267,0
1,160343,0
2,160419,0
1,160495,0
0,160570,0
2,160646,0
1,160722,0
3,160798,0
0,160874,0
1,160874,0
2,160874,0
2,160949,0
1,161025,0
0,161101,0
2,161177,0
1,161252,0
0,161328,0
1,161404,0
2,161480,0
3,161555,0
2,161631,0
1,161707,0
2,161783,0
3,161858,0
1,161934,0
0,162010,0
2,162086,0
1,162161,0
3,162237,0
2,162313,0
1,162389,0
2,162464,0
1,162540,0
0,162616,0
1,162692,0
2,162692,0
3,162692,0
3,162767,0
1,162843,0
2,162919,0
0,162995,0
3,163070,0
0,163146,1,163222
2,163222,1,163298
1,163298,0
0,163374,0
2,163374,0
3,163374,0
3,163449,0
1,163525,0
2,163601,0
0,163677,0
2,163752,0
1,163828,1,163980
0,163904,1,163980
3,163980,0
0,164055,0
1,164055,0
2,164055,0
0,164131,0
1,164207,0
2,164283,0
3,164283,0
0,164358,0
2,164396,0
3,164396,0
1,164434,0
0,164510,0
2,164510,0
3,164510,0
0,164586,0
1,164661,0
3,164737,0
0,164813,0
3,164889,0
1,164964,0
2,164964,0
0,165040,0
1,165116,0
3,165192,0
1,165267,0
3,165343,0
0,165419,0
2,165419,0
1,165495,0
2,165570,0
0,165646,0
2,165722,0
0,165798,0
3,165874,0
1,165949,0
3,166025,0
2,166101,0
3,166177,0
2,166252,0
0,166328,0
1,166328,0
3,166328,0
2,166404,0
1,166480,0
0,166555,0
2,166631,0
3,166707,0
0,166783,0
1,166783,0
3,166858,0
2,166934,0
1,167010,0
0,167086,0
1,167161,0
0,167237,1,167313
3,167237,1,167389
1,167313,1,167389
2,167389,1,167464
3,167464,1,167540
0,167502,0
1,167540,0
2,167578,0
0,167616,0
1,167654,0
2,167692,1,167767
3,167692,1,167843
0,167767,1,167843
1,167843,1,167919
0,167919,1,167995
3,167957,0
2,167995,0
1,168033,0
3,168070,0
2,168108,0
0,168146,0
1,168146,0
0,168222,0
2,168298,0
3,168374,0
0,168449,0
1,168525,0
2,168601,0
3,168601,0
1,168677,0
2,168752,0
3,168828,0
0,168904,0
1,168980,0
2,169055,0
3,169055,0
1,169131,0
2,169207,0
0,169283,0
1,169358,0
0,169434,0
3,169510,0
2,169586,0
3,169661,0
1,169737,0
0,169813,0
1,169889,0
0,169964,0
2,169964,0
3,169964,0
1,170040,0
2,170116,0
0,170192,0
3,170267,0
1,170343,0
2,170419,0
3,170419,0
0,170495,0
2,170570,0
0,170646,0
1,170722,0
2,170798,0
0,170874,1,171328
1,170874,1,171328
3,170874,0
2,171328,1,171385
3,171328,1,171385
0,171385,1,171442
1,171385,1,171442
2,171442,1,171499
3,171442,1,171499
0,171499,1,171555
1,171499,1,171555
2,171555,1,171612
3,171555,1,171612
0,171612,1,171669
1,171612,1,171669
2,171669,1,171726
3,171669,1,171726
0,171726,1,171783
1,171783,0
2,171783,0
3,171783,0
3,171858,0
0,171934,0
2,172010,0
0,172086,0
1,172161,0
2,172237,0
3,172237,0
1,172313,0
0,172389,0
3,172464,0
1,172540,0
2,172616,0
0,172692,0
1,172692,0
2,172767,0
3,172843,0
2,172919,0
1,172995,0
0,173070,0
3,173146,0
2,173222,0
1,173298,0
3,173374,0
2,173449,0
0,173525,0
1,173601,0
2,173601,0
3,173601,0
0,173677,0
2,173752,0
1,173828,0
0,173904,0
2,173980,0
0,174055,0
1,174055,0
2,174131,0
3,174207,0
1,174283,0
0,174358,0
2,174434,0
0,174510,0
1,174510,0
3,174510,1,174661
2,174586,1,174661
1,174661,1,174737
0,174737,1,174813
3,174775,0
2,174813,0
1,174851,0
3,174889,0
2,174927,0
0,174964,1,175116
1,174964,1,175040
3,175040,1,175116
2,175116,1,175192
3,175192,1,175267
0,175230,0
1,175267,0
2,175305,0
0,175343,0
1,175381,0
2,175419,0
3,175419,0
3,175495,0
1,175570,0
0,175646,0
2,175722,0
1,175798,0
2,175874,0
3,175874,0
0,175949,0
1,176025,0
3,176101,0
2,176177,0
1,176252,0
2,176328,0
3,176328,0
0,176404,0
2,176480,0
1,176555,0
2,176631,0
0,176707,0
3,176783,0
2,176858,0
0,176934,0
2,177010,0
1,177086,0
0,177161,0
2,177237,0
3,177237,0
1,177294,0
2,177351,0
1,177408,0
2,177464,0
0,177521,0
2,177578,0
0,177635,0
1,177692,0
3,177749,0
1,177805,0
3,177862,0
1,177919,0
2,177976,0
1,178033,0
2,178089,0
3,178146,0
0,178203,0
3,178260,0
0,178317,0
3,178374,0
1,178430,0
3,178487,0
1,178544,0
0,178601,0
2,178658,0
0,178714,0
2,178771,0
0,178828,0
3,178885,0
1,178942,0
3,178999,0
0,179055,1,179284
1,179055,0
2,179055,0
2,179169,0
3,179284,0
0,179398,0
1,179398,0
0,179513,0
2,179513,0
3,179513,1,179742
1,179627,0
0,179742,0
2,179742,0
1,179856,0
0,179971,1,180200
2,179971,0
3,179971,0
1,180085,0
2,180200,0
0,180314,0
1,180314,0
0,180429,0
2,180429,0
3,180429,1,180658
1,180543,1,180658
0,180658,0
2,180658,0
1,180772,0
0,180887,1,181117
2,180887,0
3,180887,0
1,181002,0
3,181117,0
0,181233,0
1,181233,0
0,181348,0
2,181348,0
3,181348,1,181579
1,181463,0
1,181579,0
2,181579,0
3,181694,0
0,181810,1,182040
2,181810,0
3,181810,0
1,181925,0
3,182040,0
1,182156,0
2,182156,0
0,182271,0
2,182271,1,182387
3,182271,1,182502
1,182387,1,182502
0,182502,0
2,182502,0
1,182617,0
0,182733,1,182969
2,182733,0
3,182733,0
1,182851,0
3,182969,0
0,183087,0
1,183087,0
0,183205,0
2,183205,0
3,183205,1,183441
1,183323,0
1,183441,0
2,183441,0
3,183559,0
0,183677,1,183914
2,183677,0
3,183677,0
1,183795,0
2,183914,0
0,184032,0
1,184032,0
0,184150,0
2,184150,0
3,184150,1,184386
1,184268,1,184386
0,184386,0
2,184386,0
1,184504,0
0,184622,1,184740
2,184622,1,184858
3,184622,0
1,184740,1,184858
3,184858,0
0,184977,0
1,184977,0
3,184977,1,185095
0,185095,1,185331
1,185095,0
2,185095,1,185213
3,185213,0
1,185331,1,185449
2,185331,0
0,185449,1,185567
1,185567,0
2,185567,1,185803
3,185567,0
0,185685,1,185803
3,185803,1,185921
0,185921,0
1,185921,0
0,186040,1,186158
2,186040,0
3,186040,1,186276
1,186158,1,186276
0,186276,0
2,186276,1,186394
1,186394,0
3,186394,1,186512
0,186512,1,186755
1,186512,0
2,186512,0
3,186633,0
2,186755,0
0,186877,0
1,186877,0
0,186999,0
2,186999,0
3,186999,1,187243
1,187121,0
1,187243,0
2,187243,0
3,187365,0
0,187487,1,187731
2,187487,0
3,187487,0
1,187548,0
2,187609,0
1,187670,0
2,187731,0
3,187731,0
0,187853,0
1,187853,0
0,187975,0
2,187975,0
3,187975,1,188219
1,188097,1,188219
0,188219,0
2,188219,0
1,188341,0
0,188463,1,188707
2,188463,0
3,188463,0
1,188585,0
3,188707,0
0,188829,0
1,188829,0
0,188951,0
2,188951,0
3,188951,1,189194
1,189072,0
1,189194,0
2,189194,0
3,189316,0
0,189438,1,189682
2,189438,0
3,189438,0
1,189560,0
3,189682,0
1,189804,0
2,189804,0
0,189926,0
2,189926,1,190048
3,189926,1,190170
1,190048,1,190170
0,190170,0
2,190170,0
1,190292,0
0,190414,1,190661
2,190414,0
3,190414,0
1,190537,0
3,190661,0
0,190785,0
1,190785,0
0,190909,0
2,190909,0
3,190909,1,191157
1,191033,0
1,191157,0
2,191157,0
3,191281,0
0,191405,1,191653
2,191405,0
3,191405,0
1,191467,0
2,191529,0
3,191591,0
1,191653,0
2,191653,0
0,191777,0
1,191777,0
0,191901,0
2,191901,0
3,191901,1,192149
1,192025,1,192149
0,192149,0
2,192149,0
1,192273,0
0,192397,1,192525
2,192397,1,192653
3,192397,0
1,192525,1,192653
0,192653,0
1,192717,0
2,192781,0
3,192781,1,192909
0,192909,1,193166
1,192909,0
2,192909,1,193038
3,193038,0
1,193166,1,193294
2,193166,0
0,193294,1,193358
3,193294,0
2,193358,0
0,193422,1,193679
1,193422,0
3,193422,1,193550
2,193550,1,193679
1,193679,1,193807
3,193679,1,193935
2,193807,1,193935
0,193935,1,194063
1,193935,1,194191
3,194063,1,194191
0,194191,1,194320
2,194191,1,194320
3,194320,1,194437
0,194437,0
1,194437,0
2,194437,0
3,194500,0
0,194564,0
1,194564,0
3,194627,0
0,194691,0
1,194691,0
2,194691,0
2,194818,0
3,194818,0
0,194945,0
1,194945,0
2,194945,0
3,194945,0
0,195072,0
1,195072,0
1,195199,0
2,195199,0
3,195199,0
0,195326,0
3,195326,0
0,195453,0
1,195453,0
2,195453,0
3,195453,0
1,195581,0
2,195581,0
0,195708,0
1,195708,0
2,195708,0
0,195835,0
3,195835,0
0,195962,0
1,195962,0
2,195962,0
3,195962,0
0,196089,0
2,196089,0
1,196216,0
2,196216,0
3,196216,0
0,196343,0
1,196343,0
1,196470,0
2,196470,0
3,196470,0
0,196535,0
2,196600,0
3,196600,0
0,196665,0
1,196730,0
2,196730,0
3,196730,0
0,196861,0
1,196861,0
0,196991,0
1,196991,0
2,196991,0
3,196991,0
2,197122,0
3,197122,0
0,197252,0
1,197252,0
2,197252,0
1,197383,0
3,197383,0
0,197513,0
1,197513,0
2,197513,0
3,197513,0
0,197643,0
2,197643,0
1,197774,0
2,197774,0
3,197774,0
0,197904,0
1,197904,0
0,198035,0
1,198035,1,198296
2,198035,0
3,198035,1,198568
0,198296,1,198491
2,198568,0
1,198568,0
0,198568,0
3,198634,0
0,198700,0
1,198700,0
3,198767,0
0,198833,0
1,198833,0
2,198833,0
2,198966,0
3,198966,0
0,199098,0
1,199098,0
2,199098,0
3,199098,0
0,199231,0
1,199231,0
1,199364,0
2,199364,0
3,199364,0
0,199497,0
2,199497,0
0,199629,0
1,199629,0
2,199629,0
3,199629,0
1,199762,0
3,199762,0
0,199895,0
1,199895,0
2,199895,0
0,200028,0
3,200028,0
0,200160,0
1,200160,0
2,200160,0
3,200160,0
1,200293,0
2,200293,0
0,200426,0
2,200426,0
3,200426,0
0,200559,0
1,200559,0
3,200695,0
2,200695,0
1,200695,0
0,200762,0
2,200830,0
3,200830,0
0,200898,0
1,200966,0
2,200966,0
3,200966,0
0,201102,0
1,201102,0
0,201237,0
1,201237,0
2,201237,0
3,201237,0
1,201373,0
2,201373,0
0,201509,0
2,201509,0
3,201509,0
0,201645,0
3,201645,0
0,201780,0
1,201780,0
2,201780,0
3,201780,0
1,201916,0
2,201916,0
0,202052,0
2,202052,0
3,202052,0
1,202188,0
3,202188,0
0,202323,1,202527
1,202323,1,202527
2,202323,1,202527
1,202595,1,202799
2,202595,1,202799
3,202595,1,202799
0,202864,0
1,202864,0
2,202864,0
3,202932,0
0,203000,0
1,203000,0
3,203068,0
0,203136,0
1,203136,0
2,203136,0
2,203273,0
3,203273,0
0,203409,0
1,203409,0
2,203409,0
3,203409,0
1,203545,0
2,203545,0
0,203682,0
1,203682,0
3,203682,0
0,203818,0
2,203818,0
1,203954,0
2,203954,0
3,203954,0
0,204023,0
2,204091,0
3,204091,0
0,204159,0
1,204227,0
2,204227,0
3,204227,0
0,204364,0
1,204364,0
0,204500,0
1,204500,0
2,204500,0
3,204500,0
0,204636,0
3,204636,0
1,204773,0
2,204773,0
3,204773,0
0,204909,0
2,204909,0
0,205045,0
1,205045,0
2,205045,0
3,205114,0
0,205182,0
1,205182,0
3,205250,0
0,205318,0
1,205318,0
2,205318,0
2,205454,0
3,205454,0
0,205591,0
1,205591,0
2,205591,0
3,205591,0
0,205727,0
1,205727,0
0,205864,0
2,205864,0
3,205864,0
0,206000,0
1,206000,0
1,206136,0
2,206136,0
3,206136,0
0,206204,0
2,206273,0
3,206273,0
0,206341,0
1,206409,0
2,206409,0
3,206409,0
0,206545,0
1,206545,0
0,206682,0
1,206682,0
2,206682,0
3,206682,0
2,206818,0
3,206818,0
0,206954,0
1,206954,0
3,206954,0
1,207091,0
2,207091,0
0,207227,0
1,207227,0
2,207227,0
3,207227,0
0,207364,0
3,207364,0
0,207500,0
1,207500,0
2,207500,0
1,207636,0
3,207636,0
0,207773,0
1,207773,0
2,207773,0
3,207773,0
0,207909,0
2,207909,0
1,208045,0
2,208045,0
3,208045,0
0,208182,0
3,208182,0
0,208318,0
1,208318,0
2,208318,0
3,208318,0
0,208454,0
1,208454,0
2,208454,0
0,208591,0
2,208591,0
3,208591,0
0,208727,0
1,208727,0
3,208727,0
0,208864,0
1,208864,0
2,208864,0
3,208864,0
1,209000,0
2,209000,0
3,209000,0
0,209136,0
1,209136,0
3,209136,0
0,209273,0
2,209273,0
3,209273,0
0,209409,0
1,209409,0
2,209409,0
3,209409,0
1,211591,1,211659
2,211591,0
3,211591,1,211795
0,211659,1,211727
2,211727,1,211795
1,211795,1,211841
0,211864,1,212068
2,211864,1,211932
1,211932,1,212000
3,212000,1,212068
2,212068,1,212114
0,212136,0
3,212136,0
1,212170,0
0,212273,0
1,212307,0
0,212409,0
3,212409,0
1,212443,0
0,212545,0
1,212579,0
0,212682,0
1,212716,0
0,212818,0
1,212852,0
0,212954,0
2,212954,0
3,212954,0
1,212989,0
0,213091,0
1,213125,0
0,213227,1,213432
2,213227,1,213568
3,213227,1,213636
1,213295,1,213500
0,213500,1,213704
1,213568,1,213704
2,213636,1,213704
3,213704,0
0,213773,1,213909
1,213773,0
2,213773,0
3,213841,0
1,213909,0
2,213977,0
0,214045,0
3,214045,0
3,214114,0
1,214182,0
1,214250,0
0,214318,0
2,214318,0
3,214318,0
2,214454,0
2,214523,0
0,214591,0
1,214591,0
1,214727,0
2,214727,0
3,214727,0
0,214864,0
3,214864,0
1,215000,0
1,215068,0
0,215136,0
2,215136,0
3,215136,0
1,215273,0
2,215273,0
0,215409,1,215477
1,215409,0
3,215409,1,215818
2,215477,1,215614
1,215545,1,215682
0,215614,1,215750
2,215682,1,215886
1,215750,1,215886
0,215818,1,215886
3,215886,1,215954
0,215954,1,216159
1,215954,0
2,215954,1,216023
3,216023,1,216091
1,216091,1,216159
2,216159,1,216204
1,216227,1,216295
3,216227,1,216432
2,216295,1,216364
0,216364,1,216432
1,216432,1,216477
0,216500,0
2,216500,0
3,216500,0
1,216568,0
2,216636,0
2,216704,0
0,216773,0
1,216773,0
1,216841,0
3,216909,0
3,216977,0
0,217045,0
0,217114,0
3,217182,0
3,217250,0
0,217318,0
1,217318,0
2,217318,0
3,217386,0
1,217454,0
1,217523,0
0,217591,1,217795
2,217591,1,217932
3,217591,1,218000
1,217659,1,217864
0,217864,1,218068
1,217932,1,218068
2,218000,1,218068
3,218068,0
0,218136,1,218409
1,218136,1,218204
2,218136,0
3,218204,1,218273
2,218273,1,218341
3,218341,1,218409
1,218409,0
2,218409,0
0,218477,0
3,218545,0
2,218614,0
0,218682,0
1,218682,0
3,218682,0
2,218773,0
2,218864,0
0,218954,0
3,218954,0
1,219045,0
2,219091,0
3,219091,0
1,219136,0
0,219227,1,219636
3,219227,1,219568
1,219500,0
2,219500,0
1,219636,1,220045
3,219636,1,219704
0,219773,0
2,219773,0
3,219773,1,220045
0,220045,1,220250
2,220045,1,220250
0,220318,1,220523
1,220318,0
2,220318,1,220386
3,220386,1,220454
1,220454,1,220523
2,220523,1,220568
1,220591,1,220659
3,220591,1,220795
2,220659,1,220727
0,220727,1,220795
1,220795,1,220841
0,220864,0
3,220864,0
2,220898,0
3,221000,0
2,221034,0
0,221136,0
3,221136,0
2,221170,0
3,221273,0
2,221307,0
3,221409,0
2,221443,0
3,221545,0
2,221579,0
0,221682,0
1,221682,0
3,221682,0
2,221716,0
3,221818,0
2,221852,0
0,221954,1,222364
1,221954,1,222295
3,221954,1,222159
2,222023,1,222227
3,222227,1,222432
2,222295,1,222432
1,222364,1,222432
0,222432,0
1,222500,0
2,222500,0
3,222500,1,222636
0,222568,0
1,222636,0
2,222704,0
0,222773,0
3,222773,0
0,222841,0
2,222909,0
2,222977,0
0,223045,0
1,223045,0
3,223045,0
3,223182,0
3,223250,0
0,223318,0
1,223318,0
0,223454,0
2,223454,0
3,223454,0
1,223591,0
3,223591,0
2,223727,0
2,223795,0
0,223864,0
1,223864,0
3,223864,0
1,224000,0
2,224000,0
0,224136,1,224477
2,224136,0
3,224136,1,224204
1,224204,1,224341
2,224273,1,224409
3,224341,1,224545
1,224409,1,224614
2,224477,1,224614
0,224545,1,224614
3,224614,1,224682
0,224682,1,224886
1,224682,0
2,224682,1,224750
3,224750,1,224818
1,224818,1,224886
2,224886,1,224932
1,224954,1,225023
3,224954,1,225159
2,225023,1,225091
0,225091,1,225159
1,225159,1,225204
0,225227,0
2,225227,0
3,225227,0
1,225295,0
3,225364,0
3,225432,0
0,225500,0
1,225500,0
1,225568,0
2,225636,0
2,225704,0
0,225773,0
0,225841,0
3,225909,0
3,225977,0
0,226045,0
1,226045,0
2,226045,0
3,226114,0
1,226182,0
1,226250,0
0,226318,0
2,226318,0
3,226318,1,226386
1,226386,1,226454
3,226454,1,226523
2,226523,1,226591
0,226591,0
1,226591,1,226659
1,226727,1,226795
0,226864,1,227000
1,226864,1,227000
2,226864,0
0,227068,1,227204
1,227068,1,227204
0,227273,1,227409
1,227273,1,227409
2,227409,1,227545
3,227409,1,227545
0,227545,1,227682
1,227545,1,227682
0,227750,1,227886
1,227750,1,227886
0,227954,0
2,227954,1,228636
3,227954,0
0,228364,0
3,228364,0
1,228500,0
3,228500,0
0,228636,0
1,228636,0
2,228773,0
3,228909,0
1,229045,1,229114
2,229045,0
3,229045,1,229250
0,229114,1,229182
2,229182,1,229250
1,229250,1,229295
0,229318,1,229523
2,229318,1,229386
1,229386,1,229454
3,229454,1,229523
2,229523,1,229568
0,229591,0
3,229591,1,229659
1,229625,0
0,229727,0
1,229761,0
0,229864,0
2,229864,0
1,229898,0
0,230000,0
1,230034,0
0,230136,0
2,230136,0
3,230136,0
1,230170,0
0,230273,0
1,230307,0
0,230409,0
2,230409,1,230477
1,230443,0
0,230545,0
1,230579,0
0,230682,1,231023
2,230682,1,230886
3,230682,1,231091
1,230750,1,230954
2,230954,1,231159
1,231023,1,231159
0,231091,1,231159
3,231159,0
0,231227,0
1,231227,0
2,231227,1,231432
0,231500,0
1,231500,1,231568
2,231568,0
1,231636,1,231704
3,231636,0
2,231704,0
0,231773,0
1,231773,0
3,231773,0
0,231909,1,231977
2,231909,0
2,231977,0
0,232045,1,232114
1,232045,0
0,232182,0
1,232182,0
0,232318,0
2,232318,0
3,232318,0
1,232386,1,232454
3,232454,0
3,232523,0
0,232591,1,232659
1,232591,0
2,232659,0
0,232727,0
3,232727,0
0,232864,1,233068
2,232864,1,233000
3,232864,0
1,232932,1,233136
3,233000,1,233273
2,233068,1,233204
0,233136,1,233341
1,233204,1,233341
2,233273,1,233341
3,233341,1,233409
0,233409,1,233614
1,233409,0
2,233409,1,233477
3,233477,1,233545
1,233545,1,233614
2,233614,1,233659
1,233682,1,233750
3,233682,1,233886
2,233750,1,233818
0,233818,1,233886
1,233886,1,233932
0,233954,0
2,233954,1,234023
3,233954,0
1,234023,0
3,234091,0
3,234159,0
0,234227,0
1,234227,0
0,234295,0
2,234364,0
2,234432,0
0,234500,0
1,234500,0
3,234500,0
1,234568,0
3,234636,0
3,234704,0
0,234773,0
2,234773,1,234841
0,234841,0
3,234909,0
3,234977,0
0,235045,1,235454
1,235045,1,235386
2,235045,1,235250
3,235114,1,235318
2,235318,1,235523
3,235386,1,235523
1,235454,1,235523
0,235523,0
1,235591,1,235727
2,235591,1,235727
3,235591,1,235727
0,235727,1,235795
2,235795,0
0,235864,0
3,235864,1,235932
0,235932,0
2,236000,0
2,236068,0
0,236136,0
1,236136,1,236182
3,236136,0
2,236227,0
3,236227,1,236273
0,236318,0
1,236318,1,236364
0,236409,0
3,236409,1,236454
2,236500,0
2,236591,0
0,236682,1,236818
1,236682,1,236818
3,236682,0
0,236886,1,237023
1,236886,1,237023
3,236886,0
2,236954,0
0,237091,1,237159
1,237091,1,237159
3,237091,0
0,237227,0
2,237227,1,237364
3,237227,1,237364
0,237432,0
2,237432,1,237568
3,237432,1,237568
1,237500,0
0,237636,0
2,237636,1,237704
3,237636,1,237704
0,237773,0
1,237773,0
3,237773,1,237977
2,237909,0
1,237977,0
0,238045,1,238250
2,238045,0
3,238045,0
1,238182,0
2,238182,0
0,238318,0
1,238318,0
3,238318,0
1,238454,0
2,238523,0
0,238591,0
1,238591,0
3,238591,0
0,238727,0
2,238727,0
3,238727,0
0,238864,1,239068
1,238864,0
3,238864,0
2,239000,0
1,239068,0
0,239136,0
2,239136,0
3,239136,1,239341
1,239273,0
2,239341,0
0,239409,1,239614
1,239409,1,239614
3,239409,1,239614
2,239545,0
0,239682,0
1,239682,0
3,239682,0
0,239818,0
2,239818,0
3,239818,0
0,239954,0
1,239954,0
3,239954,1,240159
1,240091,0
0,240227,1,240432
2,240227,0
3,240227,0
1,240364,0
3,240364,0
2,240432,0
0,240500,0
1,240500,0
3,240500,0
0,240636,0
2,240636,0
1,240704,0
0,240773,0
2,240773,0
3,240773,0
1,240909,0
2,240909,0
3,240909,0
0,241045,1,241250
1,241045,0
2,241045,0
1,241182,0
3,241182,0
2,241250,0
0,241318,0
1,241318,0
3,241318,1,241523
1,241454,0
2,241454,0
0,241591,1,241659
2,241591,0
3,241591,0
1,241659,1,241727
0,241727,1,241795
3,241727,0
1,241795,1,241864
0,241864,0
2,241864,0
3,241864,0
1,241932,0
0,242000,0
2,242000,0
3,242000,0
0,242136,0
1,242136,0
2,242136,0
3,242204,0
1,242273,0
2,242273,0
0,242341,0
2,242409,0
3,242409,0
1,242477,0
0,242545,0
3,242545,0
2,242614,0
0,242682,0
1,242682,0
2,242750,0
0,242818,0
3,242818,0
1,242886,0
2,242954,0
3,242954,0
0,243023,0
1,243091,0
2,243091,0
3,243159,0
0,243227,0
1,243227,0
2,243295,0
3,243295,0
0,243364,0
1,243364,0
2,243432,0
3,243432,0
0,243500,0
1,243500,0
2,243568,0
3,243568,0
0,243636,0
1,243636,0
2,243704,0
3,243704,0
0,243773,0
1,243773,0
0,243841,0
1,243841,0
2,243909,0
3,243909,0
2,243977,0
3,243977,0
0,244045,0
1,244045,0
0,244114,0
1,244114,0
2,244182,0
3,244182,0
2,244250,0
3,244250,0
0,244318,0
1,244318,0
3,244318,0
1,244454,0
1,244523,1,244591
3,244591,1,244659
3,244727,1,244795
0,244864,0
1,244864,0
3,244864,0
2,244932,0
0,245000,1,245068
3,245068,0
1,245136,0
1,245204,1,245273
2,245273,0
2,245341,1,245409
0,245409,0
1,245409,0
3,245409,1,245591
2,245500,0
0,245591,0
1,245682,0
3,245682,1,245864
0,245773,0
2,245864,0
0,245954,0
1,245954,0
3,245954,1,246409
2,246023,0
1,246091,0
0,246159,0
2,246227,0
0,246295,0
1,246364,0
2,246432,0
0,246500,0
1,246500,0
3,246500,0
2,246568,0
3,246636,0
1,246704,0
0,246773,0
3,246773,0
2,246841,0
0,246909,0
1,246909,0
3,246977,0
0,247045,0
1,247045,0
2,247045,0
3,247114,0
1,247182,0
2,247250,0
0,247318,0
3,247318,0
1,247386,0
2,247454,0
3,247523,0
0,247591,0
1,247591,0
2,247591,0
3,247659,0
1,247727,0
2,247795,0
0,247864,0
3,247864,0
1,247932,0
2,248000,0
3,248000,0
0,248068,0
1,248136,0
2,248136,0
3,248136,0
0,248204,0
2,248273,0
1,248341,0
0,248409,0
3,248409,0
2,248477,0
1,248545,0
0,248614,0
1,248682,0
2,248682,0
3,248682,0
0,248750,0
2,248818,0
1,248886,0
0,248954,0
3,248954,0
2,249023,0
0,249091,0
1,249091,0
3,249159,0
0,249227,0
1,249227,0
2,249227,0
3,249295,0
1,249364,0
2,249432,0
0,249500,0
3,249500,0
1,249568,0
2,249636,0
3,249704,0
0,249773,0
1,249773,0
2,249773,0
3,249841,0
0,249909,0
2,249977,0
1,250045,0
3,250045,0
0,250114,0
2,250182,0
3,250182,0
1,250250,0
0,250318,0
2,250318,0
3,250318,0
1,250386,0
0,250454,0
2,250454,0
3,250523,0
0,250591,0
1,250591,0
2,250659,0
3,250659,0
0,250727,0
1,250727,0
3,250795,0
0,250864,0
1,250864,0
2,250864,0
3,250932,0
2,251000,0
1,251068,0
0,251136,0
3,251136,0
1,251204,0
2,251273,0
3,251273,0
0,251341,0
1,251409,0
2,251409,0
3,251409,0
0,251477,0
1,251545,0
2,251614,0
0,251682,0
3,251682,0
1,251750,0
2,251818,0
3,251886,0
0,251954,0
1,251954,0
2,251954,0
3,252023,0
1,252091,0
2,252159,0
0,252227,0
3,252227,0
2,252295,0
0,252364,0
1,252364,0
3,252432,0
0,252500,0
1,252500,0
2,252500,0
3,252568,0
2,252636,0
1,252704,0
0,252773,0
3,252773,0
2,252841,0
1,252909,0
0,252977,0
1,253045,0
2,253045,0
3,253045,0
0,253114,0
2,253182,0
1,253250,0
0,253318,0
3,253318,0
1,253386,0
2,253454,0
3,253454,0
0,253523,0
1,253591,0
2,253591,0
3,253591,0
0,253659,0
2,253727,0
1,253795,0
0,253864,0
3,253864,0
2,253932,0
1,254000,0
3,254068,0
0,254136,0
1,254136,0
2,254136,0
3,254204,0
1,254273,0
2,254341,0
0,254409,0
3,254409,0
2,254477,0
0,254545,0
1,254545,0
3,254614,0
0,254682,0
1,254682,0
2,254682,0
3,254750,0
1,254818,0
2,254886,0
0,254954,0
3,254954,0
1,255023,0
2,255091,0
0,255159,0
1,255227,0
2,255227,0
3,255227,0
0,255295,0
1,255364,0
2,255432,0
0,255500,0
1,255500,0
3,255500,0
2,255568,0
0,255636,0
3,255636,0
1,255704,0
0,255773,0
2,255773,0
3,255773,0
1,255841,0
2,255909,0
1,255977,0
0,256045,0
3,256045,0
2,256114,0
1,256182,0
0,256250,0
1,256318,0
2,256318,0
3,256318,0
0,256386,0
2,256454,0
1,256523,0
0,256591,0
3,256591,0
1,256659,0
2,256727,0
3,256727,0
0,256795,0
1,256864,0
2,256864,0
3,256864,0
0,256932,0
2,257000,0
1,257068,0
0,257136,1,257204
3,257136,0
2,257204,0
1,257273,0
0,257341,0
1,257409,0
2,257409,0
3,257409,0
0,257477,0
1,257545,0
2,257614,0
0,257682,0
3,257682,0
2,257750,0
0,257818,0
1,257818,0
3,257886,0
0,257954,0
1,257954,0
2,257954,0
3,258023,0
2,258091,0
1,258159,0
0,258227,0
3,258227,0
2,258295,0
1,258364,0
0,258432,0
1,258500,0
2,258500,0
3,258500,0
0,258568,0
3,258636,0
1,258704,0
0,258773,0
2,258773,0
3,258841,0
0,258909,0
1,258909,0
2,258977,0
0,259045,0
1,259045,0
3,259045,0
2,259114,0
1,259182,0
3,259182,0
0,259250,0
2,259318,0
3,259318,0
0,259386,0
1,259386,0
2,259454,0
3,259454,0
0,259523,0
1,259591,0
2,259591,0
3,259591,0
0,259659,0
1,259727,0
2,259795,0
0,259864,0
3,259932,0
0,260000,0
1,260000,0
2,260000,0
3,260068,0
0,260136,0
3,260204,0
1,260273,0
2,260341,0
0,260409,0
1,260409,0
3,260409,0
2,260477,0
0,260545,0
3,260545,0
1,260614,0
0,260682,0
2,260682,0
3,260682,0
1,260750,0
2,260818,0
0,260886,0
1,260954,0
3,260954,0
2,261023,0
0,261091,0
1,261091,0
3,261091,0
2,261159,0
0,261227,0
3,261295,0
2,261364,0
1,261432,0
0,261500,0
2,261500,0
3,261500,1,261568
1,261568,0
0,261636,0
3,261636,1,261704
2,261704,0
0,261773,0
1,261773,0
3,261773,1,261841
2,261841,0
1,261909,0
3,261977,0
0,262045,0
2,262045,0
1,262114,0
0,262182,0
2,262182,0
3,262182,0
1,262250,0
2,262318,1,262386
0,262386,0
2,262454,0
3,262454,0
1,262523,0
0,262591,0
2,262591,0
3,262591,0
1,262659,0
0,262727,0
2,262727,0
3,262795,0
0,262864,0
1,262864,1,262932
2,262932,0
3,262932,0
0,263000,0
1,263000,0
2,263068,0
3,263068,0
0,263136,0
1,263136,0
1,263273,0
2,263273,0
3,263273,0
0,263409,1,263477
1,263409,0
3,263409,0
0,263545,0
2,263545,0
3,263545,0
0,263682,0
1,263682,0
2,263682,0
2,263818,0
3,263818,0
0,263886,0
1,263886,0
0,263954,0
2,263954,0
3,263954,0
1,264023,0
2,264091,0
0,264159,0
1,264227,0
2,264227,0
3,264227,0
0,264295,0
3,264364,0
2,264432,0
0,264500,0
1,264500,0
3,264500,0
2,264545,0
1,264591,0
0,264636,0
3,264704,0
1,264773,0
2,264773,0
0,264841,0
3,264909,0
1,264977,0
0,265045,0
2,265045,0
3,265045,0
1,265114,0
2,265182,0
3,265250,0
0,265318,0
1,265318,0
2,265386,0
0,265454,0
3,265454,0
1,265523,0
0,265591,0
2,265591,0
3,265591,0
1,265636,0
2,265682,0
3,265727,0
0,265795,0
1,265864,0
2,265864,0
3,265932,0
0,266000,0
1,266068,0
0,266136,0
2,266136,0
3,266136,0
1,266204,0
2,266273,0
0,266341,0
1,266409,0
3,266409,0
0,266477,0
2,266545,0
3,266545,0
1,266614,0
0,266682,0
2,266682,0
3,266682,0
1,266727,0
2,266773,0
3,266818,0
0,266886,0
1,266954,0
2,266954,0
3,267023,0
0,267091,0
1,267091,0
2,267159,0
3,267159,0
0,267227,0
1,267227,0
2,267227,0
3,267295,0
1,267364,0
0,267432,0
2,267500,0
3,267500,0
1,267568,0
0,267636,0
2,267636,0
3,267636,0
1,267704,0
0,267773,0
3,267773,0
2,267818,0
1,267864,0
0,267909,0
3,267977,0
0,268045,0
1,268045,0
2,268114,0
3,268114,0
0,268182,0
1,268182,0
3,268250,0
0,268318,0
1,268318,0
2,268318,0
0,268523,0
1,268523,0
2,268523,0
0,268727,0
1,268727,0
2,268727,0
0,268864,0
1,268864,0
3,268864,0
2,268909,0
1,268954,0
0,269000,0
3,269068,0
1,269136,0
2,269136,0
0,269204,0
1,269273,0
2,269341,0
0,269409,0
1,269409,0
3,269409,0
2,269477,0
1,269545,0
3,269614,0
0,269682,0
2,269682,0
1,269750,0
0,269818,0
3,269818,0
2,269886,0
0,269954,0
1,269954,0
3,269954,0
2,270000,0
1,270045,0
0,270091,0
3,270159,0
1,270227,0
2,270227,0
3,270295,0
0,270364,0
1,270432,0
0,270500,0
2,270500,0
3,270500,0
1,270568,0
2,270636,0
3,270704,0
0,270773,0
1,270773,0
2,270841,0
0,270909,0
3,270909,0
1,270977,0
0,271045,0
2,271045,0
3,271045,0
1,271091,0
2,271136,0
3,271182,0
0,271250,0
2,271318,0
3,271318,0
0,271386,0
1,271386,0
2,271454,0
3,271454,0
1,271523,0
0,271591,0
2,271591,0
3,271591,0
0,271795,0
2,271795,0
3,271795,0
0,272000,0
2,272000,0
3,272000,0
0,272204,0
2,272204,0
3,272204,0
0,272409,0
1,272409,0
3,272409,0
0,272545,0
1,272545,0
3,272545,0
0,272682,0
1,272682,0
3,272682,0
2,272750,0
1,272818,0
0,272886,0
1,272954,0
2,272954,0
3,272954,0
0,273023,0
2,273091,0
3,273091,0
1,273159,0
0,273227,0
2,273227,0
3,273227,0
1,273295,0
0,273364,0
3,273364,0
2,273432,0
0,273500,0
1,273500,0
3,273500,0
2,273568,0
0,273636,0
1,273636,0
3,273704,0
0,273773,0
1,273773,0
2,273773,0
3,273841,0
2,273909,0
1,273977,0
0,274045,0
2,274045,0
3,274045,0
1,274114,0
0,274182,0
3,274182,0
2,274250,0
0,274318,0
1,274318,0
3,274318,0
2,274386,0
1,274454,0
3,274454,0
0,274523,0
1,274591,0
2,274591,0
3,274591,0
0,274659,0
1,274727,0
2,274727,0
3,274727,0
0,274795,0
1,274864,0
2,274864,0
3,274864,0
0,274932,0
1,275000,0
2,275068,0
0,275136,0
1,275136,0
3,275136,0
2,275204,0
0,275273,0
3,275273,0
1,275341,0
0,275409,0
2,275409,0
3,275409,0
1,275477,0
2,275545,0
3,275614,0
0,275682,0
1,275682,0
2,275682,0
3,275750,0
0,275818,0
1,275818,0
2,275886,0
0,275954,0
1,275954,0
3,275954,0
2,276023,0
3,276091,0
0,276159,0
1,276227,0
2,276227,0
3,276227,0
0,276295,0
1,276364,0
2,276364,0
3,276432,0
0,276500,0
1,276500,0
2,276500,0
3,276568,0
0,276636,0
2,276704,0
3,276704,0
0,276773,0
1,276773,0
3,276773,0
0,276909,0
1,276909,0
2,276909,0
1,277045,0
2,277045,0
3,277045,0
0,277114,0
2,277182,0
3,277182,0
1,277250,0
0,277318,0
2,277318,0
3,277318,0
1,277386,0
0,277454,0
3,277454,0
2,277523,0
0,277591,0
1,277591,0
3,277591,0
2,277659,0
0,277727,0
1,277727,0
3,277795,0
0,277864,0
1,277864,0
2,277864,0
3,277932,0
1,278000,0
2,278000,0
0,278068,0
1,278136,0
2,278136,0
3,278136,0
0,278204,0
2,278273,0
3,278273,0
1,278341,0
0,278409,0
2,278409,0
3,278409,0
1,278477,0
0,278545,0
3,278545,0
2,278614,0
0,278682,0
1,278682,0
3,278682,0
2,278750,0
0,278818,0
1,278818,0
3,278886,0
0,278954,0
1,278954,0
2,278954,0
3,279023,0
1,279091,0
2,279091,0
3,279159,0
0,279227,0
1,279227,0
2,279281,0
0,279336,0
2,279390,0
0,279445,0
3,279499,0
0,279554,0
3,279608,0
1,279664,0
0,279717,0
2,279773,0
1,279827,0
2,279882,0
1,279936,0
2,279991,0
0,280045,0
2,280100,0
0,280154,0
3,280209,0
2,280263,0
1,280318,0
3,280372,0
1,280427,0
3,280481,0
1,280536,0
2,280590,0
1,280645,0
2,280699,0
0,280754,0
1,280808,0
3,280864,0
0,280917,0
3,280973,0
0,281027,0
3,281082,0
1,281136,0
3,281191,0
1,281245,0
2,281300,0
0,281354,0
1,281409,1,285773
2,281409,1,285773
3,281409,1,285773
