1,769,1,829
0,829,1,889
2,889,1,949
1,949,1,1009
0,1009,1,3889
3,1009,1,1069
2,1009,1,1729
3,1249,1,1309
1,1489,1,1549
1,1729,1,1969
3,1729,1,1789
3,1969,1,2449
2,1969,1,2029
1,2209,1,2269
1,2449,1,2929
2,2449,1,2509
3,2689,1,2749
3,2929,1,3649
2,2929,1,2989
1,3169,1,3229
2,3409,1,3469
2,3649,1,4369
1,3649,1,3709
1,3889,1,4849
3,3889,1,3949
0,4129,1,4189
0,4369,1,4849
3,4369,1,4429
2,4609,1,4669
2,4849,1,6769
3,4849,1,5569
1,5089,1,5149
0,5329,1,5389
0,5569,1,5809
1,5569,1,5629
3,5809,1,6289
1,5809,1,5869
0,6049,1,6109
1,6289,1,6769
0,6289,1,6349
3,6529,1,6589
3,6769,1,7729
0,6769,1,7489
2,7009,1,7069
1,7249,1,7309
1,7489,1,7969
2,7489,1,7549
0,7729,1,8629
2,7729,1,7789
3,7969,1,8029
2,7969,1,8389
3,8209,1,8629
1,8209,1,8389
2,8449,1,8629
1,8449,1,8629
3,8689,1,10129
0,8689,1,8749
1,8689,1,8749
2,8689,1,8749
2,8809,1,8869
0,8929,1,8989
0,9049,1,9109
2,9049,1,9109
2,9169,1,9229
0,9409,1,9469
2,9409,1,9469
0,9529,1,9589
1,9649,1,9709
1,9769,1,9829
2,9769,1,9829
0,9889,1,9949
2,9889,1,9949
0,10009,1,10069
2,10129,1,10369
1,10129,1,10189
1,10369,1,10489
3,10369,1,10529
0,10449,1,10529
2,10529,1,10629
0,10609,1,12469
1,10609,1,10669
3,10729,1,10789
1,10849,1,10909
3,10969,1,11029
1,10969,1,11029
3,11089,1,11149
2,11209,1,11269
1,11329,1,11389
2,11329,1,11389
1,11449,1,11509
3,11569,1,11629
3,11689,1,11749
2,11689,1,11749
2,11809,1,11869
1,11929,1,11989
2,12049,1,12109
3,12049,1,12109
1,12109,1,12169
3,12169,1,12229
1,12229,1,12289
3,12289,1,12349
1,12349,1,12409
3,12409,1,12469
2,12422,1,12475
1,12469,1,12529
3,12529,1,13009
2,12529,1,12769
0,12529,1,12649
0,12769,1,13249
1,12769,1,12889
1,13009,1,13489
2,13009,1,13129
3,13249,1,13369
2,13249,1,13729
3,13489,1,13969
0,13489,1,13609
1,13729,1,13849
0,13729,1,14209
1,13969,1,14209
2,13969,1,14089
2,14209,1,14269
3,14209,1,14269
1,14269,1,14329
0,14329,1,14569
1,14389,1,14569
2,14449,1,14929
3,14449,1,14569
3,14689,1,15169
1,14689,1,14809
1,14929,1,15409
0,14929,1,15049
2,15169,1,15289
0,15169,1,15649
2,15409,1,15649
3,15409,1,15529
1,15649,1,15889
3,15649,1,15709
3,15769,1,15889
0,15769,1,15829
0,15889,1,16249
2,15889,1,16009
1,16129,1,16249
2,16129,1,16369
0,16369,1,16849
1,16369,1,16609
3,16369,1,16489
3,16609,1,17089
2,16609,1,16729
2,16849,1,17329
1,16849,1,16969
1,17089,1,17569
0,17089,1,17209
0,17329,1,17809
3,17329,1,17449
2,17569,1,18049
3,17569,1,17689
3,17809,1,18049
1,17809,1,17929
0,18049,1,18109
1,18049,1,18109
2,18109,1,18169
3,18169,1,18409
2,18229,1,18409
0,18289,1,18769
1,18289,1,18409
1,18529,1,19009
2,18529,1,18649
2,18769,1,19129
3,18769,1,18889
0,19009,1,19129
3,19009,1,19489
1,19249,1,19489
2,19249,1,19369
0,19249,1,19369
0,19489,1,19549
2,19489,1,19729
3,19609,1,19669
0,19609,1,19849
3,19729,1,19849
1,19729,1,19789
2,19849,1,19909
1,19849,1,19969
0,19969,1,20149
2,19969,1,20089
3,19969,1,20029
1,20029,1,20149
3,20089,1,20149
2,20149,1,20209
0,20209,1,20689
1,20209,1,20449
3,20209,1,20329
2,20329,1,20389
3,20449,1,20929
2,20449,1,20569
1,20569,1,20629
2,20689,1,21169
1,20689,1,20809
0,20809,1,20869
0,20929,1,21049
1,20929,1,21409
3,21049,1,21109
0,21169,1,21649
3,21169,1,21289
2,21289,1,21349
2,21409,1,21529
3,21409,1,21889
1,21529,1,21589
2,21649,1,21889
1,21649,1,21769
0,21769,1,21829
1,21889,1,21949
0,21889,1,21949
2,21949,1,22009
3,22009,1,22189
2,22069,1,22249
1,22129,1,22609
0,22129,1,22249
3,22249,1,22309
0,22369,1,22849
2,22369,1,22489
3,22489,1,22549
2,22609,1,23089
3,22609,1,22729
1,22729,1,22789
1,22849,1,22969
3,22849,1,23329
0,22969,1,23029
1,23089,1,23329
0,23089,1,23209
2,23209,1,23269
2,23329,1,23569
0,23329,1,23389
1,23389,1,23449
0,23449,1,23569
3,23449,1,23509
3,23569,1,23689
1,23569,1,23689
2,23689,1,23809
1,23749,1,23809
0,23809,1,23929
3,23809,1,23929
1,23929,1,24049
3,24049,1,24409
2,24049,1,24109
0,24049,1,24109
2,24169,1,24229
0,24289,1,24349
1,24289,1,24649
0,24409,1,24469
2,24529,1,24769
3,24529,1,24589
3,24649,1,24709
0,24769,1,24889
1,24769,1,24889
2,24829,1,24889
3,24889,1,25129
2,24949,1,25129
1,25009,1,25069
0,25009,1,25369
1,25129,1,25189
3,25249,1,25609
2,25249,1,25309
2,25369,1,25429
1,25489,1,25729
0,25489,1,25549
0,25609,1,25669
2,25729,1,25849
3,25729,1,25849
1,25789,1,25849
0,25849,1,26029
1,25909,1,26089
2,25969,1,26209
3,25969,1,26029
3,26089,1,26329
0,26089,1,26149
0,26209,1,26449
1,26209,1,26269
1,26329,1,26449
2,26329,1,26389
3,26449,1,26569
2,26449,1,26569
0,26509,1,26629
1,26569,1,26629
2,26629,1,26689
1,26689,1,26809
3,26689,1,26809
0,26749,1,26869
2,26809,1,26869
1,26869,1,26929
0,26929,1,26989
3,26929,1,26989
2,26929,1,26989
3,27169,1,27229
3,27409,1,27469
3,27649,1,27709
0,27889,1,28369
3,27889,1,27949
3,28129,1,28189
2,28369,1,28429
3,28369,1,28549
0,28489,1,28549
2,28489,1,28789
0,28609,1,28789
1,28609,1,28789
3,28609,1,28789
2,28849,1,28909
0,28849,1,28909
3,28849,1,28909
1,28909,1,28969
3,28969,1,29029
1,29029,1,29089
2,29089,1,29149
3,29089,1,29149
0,29089,1,29209
1,29149,1,29269
2,29209,1,29329
3,29269,1,29389
1,29329,1,29389
0,29329,1,29389
2,29389,1,29449
0,29449,1,29509
2,29509,1,29569
0,29569,1,29629
1,29569,1,29629
3,29569,1,29689
2,29629,1,29749
1,29689,1,29809
0,29749,1,29869
2,29809,1,29869
3,29809,1,29869
1,29869,1,29929
2,29929,1,29989
1,29989,1,30049
3,30049,1,30109
0,30049,1,30109
2,30049,1,30169
1,30109,1,30229
3,30169,1,30289
2,30229,1,30349
0,30289,1,30349
1,30289,1,30349
3,30349,1,30409
1,30409,1,30469
3,30469,1,30529
0,30529,1,30589
1,30529,1,30589
2,30529,1,30649
3,30589,1,30649
0,30649,1,30709
1,30649,1,30709
2,30709,1,30769
3,30709,1,30769
1,30769,1,30829
0,30769,1,30829
2,30829,1,30889
1,30889,1,30949
2,30949,1,31009
0,31009,1,31069
3,31009,1,31069
1,31009,1,31129
2,31069,1,31189
0,31129,1,31249
1,31189,1,31309
2,31249,1,31309
3,31249,1,31309
0,31309,1,31369
3,31369,1,31429
0,31429,1,31489
1,31489,1,31549
3,31489,1,31549
2,31489,1,31609
0,31549,1,31669
3,31609,1,31729
2,31669,1,31789
0,31729,1,31789
1,31729,1,31789
3,31789,1,31849
0,31849,1,31909
2,31849,1,31909
1,31909,1,31969
3,31909,1,31969
2,31969,1,32029
0,31969,1,32089
1,32029,1,32089
2,32089,1,32149
3,32089,1,32149
1,32149,1,32209
0,32209,1,32269
3,32209,1,32269
2,32269,1,32329
0,32329,1,32389
1,32329,1,32389
3,32389,1,32449
2,32449,1,32509
1,32449,1,32509
0,32449,1,32569
3,32509,1,32569
2,32569,1,32629
1,32569,1,32689
0,32629,1,32689
2,32689,1,32749
3,32689,1,32749
1,32729,1,32789
0,32769,1,32829
3,32809,1,32869
2,32929,1,32989
0,32929,1,32989
1,32989,1,33049
3,33049,1,33109
2,33069,1,33129
0,33089,1,33149
1,33169,1,33229
3,33169,1,33289
2,33289,1,33349
0,33309,1,33369
2,33409,1,33469
1,33429,1,33489
0,33449,1,33509
3,33529,1,33589
2,33549,1,33609
1,33569,1,33629
3,33649,1,33709
0,33649,1,33709
2,33709,1,33769
0,33769,1,33829
1,33789,1,33849
3,33809,1,33869
2,33889,1,33949
0,33889,1,33949
3,33949,1,34009
0,34009,1,34069
1,34029,1,34089
2,34049,1,34109
3,34129,1,34189
1,34149,1,34249
2,34249,1,34309
3,34269,1,34329
1,34369,1,34429
0,34369,1,34429
2,34429,1,34489
3,34429,1,34489
0,34489,1,34549
1,34489,1,34549
2,34549,1,34609
3,34549,1,34609
1,34609,1,34669
0,34609,1,34669
2,34649,1,34709
3,34689,1,34749
0,34729,1,34789
3,34849,1,35059
2,34849,1,34909
0,34909,1,34969
1,34939,1,34999
2,34969,1,35029
1,35089,1,35149
2,35109,1,35169
3,35129,1,35189
1,35209,1,35254
0,35209,1,35419
3,35269,1,35329
2,35299,1,35359
1,35329,1,35389
2,35449,1,35509
1,35469,1,35529
0,35489,1,35549
2,35569,1,35689
3,35569,1,35629
0,35629,1,35689
3,35689,1,35809
1,35689,1,35749
2,35749,1,35809
1,35809,1,35929
0,35809,1,35869
2,35869,1,35929
0,35929,1,36049
3,35929,1,35989
1,35989,1,36049
3,36049,1,36109
2,36049,1,36169
0,36169,1,36229
3,36189,1,36289
2,36289,1,36349
1,36289,1,36349
0,36289,1,36349
3,36349,1,36409
1,36409,1,36469
3,36469,1,36529
1,36529,1,36589
2,36529,1,36589
0,36529,1,36589
3,36589,1,36649
1,36649,1,36709
0,36649,1,36709
2,36709,1,36769
0,36769,1,36829
1,36769,1,36829
3,36769,1,36889
2,36829,1,36949
1,36889,1,37009
0,36949,1,37069
3,37009,1,37069
2,37009,1,37069
1,37069,1,37129
3,37129,1,37189
1,37189,1,37249
0,37249,1,37369
2,37249,1,37309
3,37249,1,37309
1,37309,1,37429
2,37369,1,37489
3,37429,1,37549
1,37489,1,37549
0,37489,1,37549
2,37549,1,37609
0,37609,1,37669
2,37669,1,37729
0,37729,1,37789
1,37729,1,37849
3,37729,1,37789
2,37789,1,37909
0,37849,1,37969
1,37909,1,38029
3,37969,1,38029
2,37969,1,38029
0,38029,1,38089
3,38089,1,38149
0,38149,1,38209
2,38209,1,38269
3,38209,1,38269
1,38209,1,38329
0,38269,1,38329
2,38329,1,38389
3,38329,1,38389
1,38389,1,38449
0,38389,1,38449
2,38449,1,38509
3,38449,1,38509
1,38509,1,38569
2,38569,1,38629
1,38629,1,38689
2,38689,1,38809
3,38689,1,38749
0,38689,1,38749
1,38749,1,38869
3,38809,1,38929
2,38869,1,38989
1,38929,1,38989
0,38929,1,38989
3,38989,1,39049
0,39049,1,39109
3,39109,1,39169
1,39169,1,39229
2,39169,1,39229
0,39169,1,39289
3,39229,1,39349
1,39289,1,39409
2,39349,1,39469
3,39409,1,39469
0,39409,1,39469
1,39469,1,39529
2,39529,1,39589
1,39589,1,39649
0,39589,1,39649
2,39649,1,39709
3,39649,1,39709
0,39709,1,39769
1,39769,1,39829
3,39769,1,39829
2,39829,1,39889
1,39889,1,39949
0,39889,1,39949
3,39949,1,40009
0,40009,1,40129
2,40009,1,40089
1,40069,1,40129
3,40129,1,40189
2,40169,1,40229
1,40209,1,40269
0,40249,1,40309
3,40289,1,40349
2,40329,1,40389
0,40369,1,40549
1,40369,1,40549
1,40609,1,40669
2,40629,1,40689
3,40649,1,40709
0,40729,1,40789
1,40749,1,40809
2,40769,1,40829
0,40849,1,41089
3,40849,1,40909
1,40869,1,40929
2,40969,1,41029
3,40989,1,41049
1,41089,1,41149
2,41109,1,41169
0,41209,1,41269
1,41229,1,41289
3,41249,1,41309
0,41329,1,41449
2,41329,1,41389
1,41449,1,41509
3,41469,1,41529
2,41569,1,41629
0,41569,1,41629
1,41629,1,41689
3,41689,1,41749
2,41709,1,41769
0,41729,1,41789
3,41809,1,42049
1,41809,1,41869
2,41829,1,41889
1,41929,1,41989
0,41949,1,42009
2,42049,1,42109
1,42069,1,42129
3,42169,1,42229
2,42189,1,42249
0,42209,1,42269
3,42289,1,42349
1,42289,1,42409
0,42409,1,42469
3,42409,1,42529
2,42529,1,42589
0,42529,1,42649
1,42649,1,42709
2,42649,1,42769
3,42769,1,42829
1,42769,1,42889
2,42889,1,42949
3,42889,1,43009
0,43009,1,43069
2,43009,1,43069
1,43009,1,43129
0,43129,1,43189
3,43129,1,43249
2,43249,1,43309
1,43249,1,43369
0,43309,1,43369
2,43369,1,43429
3,43369,1,43429
1,43429,1,43489
0,43429,1,43489
2,43489,1,43549
3,43549,1,43609
1,43609,1,43669
0,43609,1,43729
2,43669,1,43729
3,43729,1,43849
1,43729,1,43849
0,43789,1,43849
2,43849,1,43909
1,43909,1,43969
3,43969,1,44089
2,43969,1,44089
0,44029,1,44089
1,44089,1,44149
2,44149,1,44209
0,44209,1,44329
3,44209,1,44269
1,44209,1,44329
2,44329,1,44569
3,44329,1,44389
0,44569,1,44809
1,44569,1,44809
3,44569,1,44929
2,44929,1,45009
0,45009,1,45089
3,45089,1,45169
1,45169,1,46729
2,45289,1,45349
0,45349,1,45409
3,45409,1,45469
2,45529,1,45589
3,45589,1,45649
0,45649,1,45709
2,45769,1,45829
3,45769,1,45829
0,45829,1,45889
2,45889,1,45949
3,46009,1,46069
0,46009,1,46069
0,46129,1,46369
3,46129,1,46369
2,46129,1,46369
0,46489,1,46729
2,46489,1,46669
3,46489,1,46729
2,46729,1,46789
1,46789,1,46849
3,46849,1,46909
1,46909,1,46969
2,46969,1,47029
0,47029,1,47089
2,47089,1,47149
1,47149,1,47209
3,47209,1,47269
2,47269,1,47329
0,47329,1,47409
1,47409,1,47489
3,47489,1,47569
2,47569,1,47629
0,47609,1,47669
3,47649,1,47709
1,47689,1,47749
2,47729,1,47789
3,47769,1,47829
0,47809,1,48049
1,47809,1,47929
3,48049,1,48409
1,48049,1,48289
2,48049,1,48289
0,48409,1,49729
1,48409,1,48649
2,48409,1,48649
2,48769,1,48829
1,48829,1,48889
3,48889,1,48949
2,48949,1,49009
1,49009,1,49069
3,49069,1,49129
1,49249,1,49309
2,49249,1,49309
1,49369,1,49429
3,49369,1,49429
2,49489,1,49549
3,49549,1,49609
1,49609,1,49669
3,49669,1,49729
1,49729,1,49809
2,49809,1,49889
1,49889,1,49969
2,49969,1,50929
0,49969,1,50209
3,49969,1,50209
0,50329,1,50569
1,50329,1,50569
3,50329,1,50569
3,50689,1,50749
0,50809,1,50869
1,50929,1,50989
3,50989,1,51049
1,51049,1,51109
2,51109,1,51169
0,51169,1,51229
2,51229,1,51289
1,51289,1,51349
3,51349,1,51409
1,51409,1,51469
0,51409,1,51469
2,51469,1,51529
3,51529,1,51589
0,51529,1,51589
1,51589,1,51649
2,51649,1,51709
3,51649,1,51709
0,51649,1,51889
1,51709,1,51769
2,51769,1,51829
1,51889,1,51949
2,51889,1,51949
3,51889,1,52069
1,52009,1,52249
2,52129,1,52189
3,52129,1,52189
0,52129,1,52309
3,52249,1,52489
1,52369,1,52429
0,52369,1,52429
2,52369,1,52549
0,52489,1,52609
2,52609,1,52669
3,52609,1,52669
1,52609,1,52729
0,52669,1,52789
3,52729,1,52789
2,52789,1,52849
0,52849,1,52909
1,52849,1,52909
3,52849,1,53029
1,52969,1,53209
2,53089,1,53149
3,53089,1,53149
0,53089,1,53269
2,53209,1,53329
1,53329,1,53389
0,53329,1,53389
3,53329,1,53389
2,53449,1,53509
1,53469,1,53529
2,53569,1,53629
0,53569,1,53629
3,53569,1,53629
1,53629,1,53689
2,53689,1,53749
3,53689,1,53749
0,53749,1,53809
1,53809,1,53869
3,53809,1,53869
2,53809,1,53989
1,53929,1,54169
2,54049,1,54109
3,54049,1,54109
0,54049,1,54229
3,54169,1,54409
1,54289,1,54349
0,54289,1,54349
2,54289,1,54469
0,54409,1,54649
2,54529,1,54589
3,54529,1,54589
1,54529,1,54709
2,54649,1,54889
0,54769,1,54829
1,54769,1,54829
3,54769,1,54949
1,54889,1,55009
3,55009,1,55069
2,55009,1,55069
0,55009,1,55129
1,55069,1,55189
3,55129,1,55249
2,55189,1,55249
1,55249,1,55309
0,55249,1,55309
2,55309,1,55369
3,55309,1,55369
1,55369,1,55429
0,55369,1,55429
2,55489,1,55549
3,55489,1,55549
0,55489,1,55549
1,55609,1,55669
2,55629,1,55689
3,55729,1,55849
2,55729,1,55829
1,55729,1,55809
0,55729,1,56629
3,55909,1,55989
2,55909,1,56009
1,55909,1,56029
3,56089,1,56209
2,56089,1,56189
1,56089,1,56169
2,56269,1,56369
3,56269,1,56349
1,56269,1,56389
2,56449,1,56509
1,56449,1,56509
1,56569,1,56629
3,56569,1,56629
2,56689,1,56769
1,56689,1,56789
3,56689,1,57649
0,56689,1,56809
1,56869,1,56969
2,56869,1,56989
0,56869,1,56949
2,57049,1,57129
1,57049,1,57149
0,57049,1,57169
2,57229,1,57349
1,57229,1,57329
0,57229,1,57309
2,57409,1,57469
1,57409,1,57469
0,57529,1,57589
2,57529,1,57589
0,57649,1,57709
1,57649,1,57769
2,57709,1,57829
3,57769,1,57829
0,57769,1,57889
1,57829,1,57949
2,57889,1,57949
3,57889,1,58009
0,57949,1,58069
1,58009,1,58069
2,58009,1,58129
3,58069,1,58189
0,58129,1,58189
1,58129,1,58249
2,58189,1,58249
0,58249,1,58609
2,58309,1,58549
1,58369,1,58429
3,58429,1,58489
1,58489,1,58789
3,58549,1,58849
2,58609,1,58669
0,58669,1,58729
2,58729,1,58909
0,58789,1,58969
1,58849,1,58909
3,58909,1,58969
1,58969,1,59029
3,59029,1,59089
2,59089,1,59149
0,59089,1,59209
1,59149,1,59209
3,59209,1,59269
2,59209,1,59329
1,59269,1,59329
0,59329,1,59449
3,59329,1,59449
2,59389,1,59449
1,59449,1,59509
2,59509,1,59569
0,59569,1,59749
1,59569,1,59689
3,59569,1,59629
2,59809,1,59869
1,59809,1,59929
2,60049,1,60109
3,60049,1,60169
3,60289,1,60469
1,60289,1,60409
0,60409,1,60529
1,60469,1,60529
3,60529,1,60589
2,60529,1,60589
1,60589,1,60649
3,60649,1,60709
2,60649,1,60769
1,60709,1,60769
0,60769,1,60829
3,60769,1,60889
2,60829,1,60889
1,60889,1,60949
0,60889,1,60949
2,60949,1,61009
1,61009,1,61069
0,61009,1,61069
3,61249,1,61309
0,61249,1,61309
2,61369,1,61429
1,61489,1,61549
0,61489,1,61669
3,61529,1,61609
2,61569,1,61649
1,61609,1,61689
3,61729,1,61797
2,61763,1,61831
0,61797,1,61866
1,61831,1,61969
3,61969,1,62029
2,61969,1,62029
1,62089,1,62149
3,62109,1,62209
0,62209,1,62269
1,62229,1,62289
2,62249,1,62309
0,62329,1,62389
1,62349,1,62409
2,62369,1,62429
0,62449,1,62509
2,62489,1,62549
3,62529,1,62589
1,62569,1,62629
2,62609,1,62669
3,62649,1,62709
0,62689,1,62749
1,62689,1,62749
2,62809,1,62869
1,62829,1,62929
0,62929,1,62989
3,62929,1,62989
2,62929,1,62989
1,62989,1,63049
3,63049,1,63109
1,63109,1,63169
3,63169,1,63229
1,63229,1,63289
3,63289,1,63349
1,63349,1,63409
0,63409,1,63469
2,63409,1,63469
1,63529,1,63589
2,63549,1,63609
3,63569,1,63629
0,63649,1,63709
1,63689,1,63749
3,63729,1,63789
2,63769,1,63829
1,63809,1,63869
0,63849,1,63909
2,63889,1,63949
3,63889,1,63949
1,63937,1,63985
0,63985,1,64033
3,64033,1,64081
2,64129,1,64189
1,64149,1,64209
0,64169,1,64229
2,64249,1,64309
1,64269,1,64329
0,64289,1,64349
2,64369,1,64429
1,64389,1,64449
0,64409,1,64469
2,64489,1,64549
1,64509,1,64569
0,64529,1,64589
3,64609,1,64669
2,64609,1,64669
0,64729,1,64789
3,64749,1,64849
1,64849,1,64909
0,64849,1,64969
3,64909,1,64969
2,64939,1,64999
1,64969,1,65029
0,65029,1,65089
3,65029,1,65089
2,65089,1,65149
1,65089,1,65149
0,65209,1,65269
1,65209,1,65269
2,65249,1,65309
3,65289,1,65349
0,65329,1,65389
1,65329,1,65389
3,65429,1,65489
2,65469,1,65529
0,65509,1,65569
1,65569,1,65637
2,65603,1,65671
3,65637,1,65706
0,65689,1,65749
1,65729,1,65789
2,65769,1,65829
0,65809,1,65869
3,65809,1,65869
1,65869,1,65929
2,65929,1,66049
3,65929,1,66049
0,66049,1,66129
1,66049,1,66102
3,66129,1,66209
2,66155,1,66235
1,66182,1,66262
0,66209,1,66289
3,66289,1,66369
2,66289,1,66342
0,66369,1,66449
1,66395,1,66475
2,66422,1,66502
3,66449,1,66529
0,66529,1,66609
1,66529,1,66582
3,66609,1,66689
2,66635,1,66715
1,66662,1,66742
0,66689,1,66769
3,66769,1,66849
2,66769,1,66822
0,66849,1,66929
1,66875,1,66955
2,66902,1,66982
3,66929,1,67009
0,67009,1,67249
1,67009,1,67069
1,67129,1,67249
2,67129,1,67189
3,67249,1,67309
2,67249,1,67309
1,67369,1,67429
2,67389,1,67449
3,67409,1,67469
1,67489,1,67549
2,67509,1,67569
1,67609,1,67729
0,67609,1,67669
3,67609,1,67669
2,67729,1,67789
0,67729,1,67789
3,67769,1,67829
1,67809,1,67869
2,67849,1,67909
0,67889,1,67949
3,67929,1,67989
1,67969,1,68029
2,67969,1,68209
0,68089,1,68149
1,68089,1,68209
3,68209,1,68329
0,68229,1,68389
2,68329,1,68389
1,68349,1,68509
3,68449,1,68509
2,68469,1,68569
1,68569,1,68629
3,68569,1,68689
0,68589,1,68689
2,68689,1,68809
1,68689,1,68749
3,68749,1,68809
1,68809,1,68869
0,68809,1,68869
3,68869,1,68929
0,68929,1,69109
2,68929,1,68989
1,68929,1,69049
3,69049,1,69109
2,69049,1,69109
0,69169,1,69229
3,69169,1,69249
2,69209,1,69289
1,69249,1,69329
0,69349,1,69429
3,69349,1,69409
1,69389,1,69469
2,69429,1,69509
0,69529,1,69589
3,69529,1,69589
1,69649,1,69709
0,69649,1,69709
3,69649,1,69769
2,69709,1,69769
1,69769,1,69829
0,69789,1,69889
3,69889,1,69949
2,69909,1,69969
1,69929,1,69989
3,70009,1,70069
2,70029,1,70089
1,70049,1,70109
3,70129,1,70189
1,70169,1,70229
0,70209,1,70269
2,70249,1,70309
1,70289,1,70349
0,70329,1,70389
3,70369,1,70429
2,70369,1,70429
1,70489,1,70549
2,70509,1,70609
3,70609,1,70669
0,70609,1,70669
1,70609,1,70669
2,70669,1,70729
0,70729,1,70789
2,70789,1,70849
0,70849,1,70909
2,70909,1,70969
0,70969,1,71029
2,71029,1,71089
3,71089,1,71149
1,71089,1,71149
2,71209,1,71269
1,71229,1,71289
0,71249,1,71309
3,71329,1,71389
2,71369,1,71429
0,71409,1,71469
1,71449,1,71509
2,71489,1,71549
3,71529,1,71589
1,71569,1,71665
0,71569,1,71629
2,71617,1,71713
3,71665,1,71761
0,71713,1,71809
1,71809,1,71869
2,71829,1,71889
3,71849,1,71909
1,71929,1,71989
2,71949,1,72009
3,71969,1,72029
1,72049,1,72109
2,72069,1,72129
3,72089,1,72149
1,72169,1,72229
2,72189,1,72249
3,72209,1,72269
0,72289,1,72349
1,72289,1,72349
3,72409,1,72469
0,72429,1,72529
2,72529,1,72589
3,72529,1,72604
0,72589,1,72649
1,72619,1,72679
2,72649,1,72709
3,72709,1,72769
0,72709,1,72769
1,72769,1,72829
2,72769,1,72829
3,72889,1,72949
2,72889,1,72949
1,72929,1,72989
0,72969,1,73029
2,73009,1,73129
3,73009,1,73129
0,73109,1,73169
1,73149,1,73209
3,73189,1,73249
2,73249,1,73317
1,73283,1,73351
0,73317,1,73386
2,73369,1,73489
3,73369,1,73429
3,73489,1,73549
0,73489,1,73549
2,73549,1,73609
1,73609,1,73729
0,73609,1,73729
3,73729,1,73809
2,73729,1,73782
0,73809,1,73889
1,73834,1,73915
2,73862,1,73942
3,73889,1,73969
0,73969,1,74049
1,73969,1,74022
3,74049,1,74129
2,74074,1,74155
1,74102,1,74182
0,74129,1,74209
3,74209,1,74289
2,74209,1,74262
0,74309,1,74369
1,74329,1,74389
2,74329,1,74389
3,74349,1,74449
0,74449,1,74529
1,74449,1,74502
3,74529,1,74609
2,74554,1,74635
1,74582,1,74662
0,74609,1,74689
2,74689,1,74749
3,74689,1,74809
0,74749,1,74809
2,74809,1,74929
1,74809,1,74869
3,74869,1,74929
0,74929,1,74989
1,74929,1,74989
2,75049,1,75109
1,75069,1,75129
0,75089,1,75149
2,75169,1,75229
1,75189,1,75249
3,75289,1,75349
2,75289,1,75349
0,75289,1,75409
1,75349,1,75409
3,75409,1,75469
2,75409,1,75529
1,75469,1,75529
0,75509,1,75569
3,75549,1,75609
2,75589,1,75649
1,75649,1,75769
0,75649,1,75769
2,75769,1,75829
3,75769,1,75829
1,75829,1,75889
2,75889,1,76009
0,75889,1,76009
3,75889,1,76009
3,76069,1,76189
1,76069,1,76189
0,76069,1,76189
0,76249,1,76369
1,76249,1,76369
2,76249,1,76369
2,76429,1,76549
1,76429,1,76549
3,76429,1,76549
1,76609,1,76729
0,76609,1,76669
3,76609,1,76669
0,76729,1,76789
3,76729,1,76849
2,76729,1,76789
0,76849,1,76969
1,76849,1,76909
2,76849,1,76909
3,76969,1,77029
2,76999,1,77059
1,77029,1,77119
0,77029,1,77089
0,77149,1,77209
1,77179,1,77239
2,77209,1,77329
3,77209,1,77269
3,77329,1,77449
0,77329,1,77389
1,77389,1,77449
0,77449,1,77569
2,77449,1,77509
1,77509,1,77569
2,77569,1,77689
3,77569,1,77629
1,77629,1,77689
0,77689,1,77749
3,77689,1,77749
2,77749,1,77809
0,77809,1,78469
1,77809,1,77929
3,77809,1,77929
0,78529,1,79249
2,78769,1,79249
1,79249,1,80209
2,79729,1,80209
0,79729,1,79849
3,80209,1,81169
2,80689,1,81649
0,80689,1,80809
1,81169,1,81649
0,81649,1,82309
3,81649,1,81769
1,81889,1,82009
2,82129,1,82249
0,82369,1,83089
3,82369,1,82489
2,82609,1,83089
1,83089,1,84289
2,83569,1,84289
3,83569,1,83689
0,84289,1,85009
3,84289,1,84409
2,84409,1,84529
1,84529,1,84649
3,84529,1,85009
1,85009,1,85489
2,85489,1,86209
0,85489,1,85609
3,85489,1,85609
1,85729,1,85789
0,85849,1,85909
3,85849,1,85909
1,85969,1,86029
1,86209,1,86629
0,86209,1,86269
0,86449,1,86569
2,86449,1,86569
3,86449,1,86569
0,86689,1,86929
3,86689,1,86749
1,86809,1,86869
3,86929,1,86989
2,86929,1,87349
0,87169,1,87229
1,87169,1,87229
0,87289,1,87349
1,87349,1,87409
3,87409,1,88129
2,87409,1,87469
2,87649,1,87709
1,87769,1,87829
0,87769,1,87829
2,87889,1,87949
0,88129,1,88849
1,88129,1,88189
1,88369,1,88489
2,88369,1,88489
3,88369,1,88489
2,88609,1,88669
3,88609,1,88669
1,88729,1,88789
3,88849,1,88909
2,88849,1,89209
0,89089,1,89149
3,89089,1,89149
3,89209,1,89269
2,89269,1,89329
0,89329,1,89989
1,89329,1,89389
2,89449,1,89509
1,89569,1,89629
3,89689,1,89749
2,89689,1,89749
1,89809,1,89869
3,89929,1,89989
0,90049,1,90289
1,90049,1,90109
3,90169,1,90229
1,90289,1,90769
2,90289,1,90349
3,90289,1,90349
0,90409,1,90469
2,90529,1,90589
0,90649,1,90709
2,90769,1,91249
3,90769,1,90829
1,90889,1,90949
3,91009,1,91069
0,91129,1,91189
3,91249,1,91789
1,91249,1,91309
0,91249,1,91309
2,91369,1,91429
1,91489,1,91549
0,91609,1,91669
2,91609,1,91669
1,91729,1,91789
3,91849,1,91969
2,91849,1,91969
1,91969,1,92029
0,91969,1,92029
3,92029,1,92089
1,92089,1,92149
2,92149,1,92209
1,92209,1,92269
3,92209,1,92269
0,92209,1,92689
2,92329,1,92389
1,92389,1,92449
3,92449,1,92509
2,92509,1,92569
1,92569,1,92629
3,92629,1,92689
2,92689,1,92749
1,92709,1,92769
3,92809,1,92869
0,92829,1,92889
1,92929,1,92989
3,92969,1,93029
0,93009,1,93069
2,93049,1,93169
0,93169,1,93229
3,93169,1,93229
1,93169,1,93229
3,93889,1,93949
1,94609,1,94669
0,95089,1,95149
3,95089,1,95209
1,95329,1,95389
2,95569,1,95629
3,95809,1,95869
1,95809,1,95869
0,96529,1,96589
2,97009,1,97069
3,97009,1,97069
0,97039,1,97099
1,97069,1,97129
3,97129,1,97189
0,97249,1,97309
2,97309,1,97369
0,97369,1,97429
1,97489,1,97549
1,97609,1,97669
3,97669,1,97729
2,97729,1,97789
0,97729,1,97789
2,97849,1,97909
0,97969,1,98029
1,97969,1,98029
3,98029,1,98089
0,98089,1,98149
2,98209,1,98269
2,98329,1,98389
0,98389,1,98449
1,98449,1,98509
3,98509,1,98569
1,98569,1,98629
2,98689,1,98749
0,98749,1,98809
2,98809,1,98869
1,98869,1,98929
3,98929,1,98989
0,98929,1,100129
2,98929,1,98989
1,99049,1,99109
2,99169,1,99229
3,99169,1,99229
1,99289,1,99349
3,99349,1,99409
2,99409,1,99469
1,99409,1,99469
3,99529,1,99589
2,99649,1,99709
1,99649,1,99709
3,99709,1,99769
1,99769,1,99829
3,99829,1,99949
1,99889,1,100069
2,99889,1,100009
3,100009,1,100129
2,100069,1,100189
1,100129,1,100249
0,100189,1,100309
2,100249,1,100309
1,100309,1,100369
2,100369,1,100429
0,100369,1,100489
3,100369,1,100429
1,100429,1,100549
2,100489,1,100609
3,100549,1,100609
1,100609,1,100669
0,100609,1,100789
1,100729,1,100789
2,100729,1,100789
0,100849,1,101089
2,100849,1,101029
3,100849,1,100969
1,101089,1,101149
3,101149,1,101209
2,101209,1,101449
1,101209,1,101389
0,101209,1,101329
3,101329,1,101569
0,101569,1,101809
1,101569,1,101749
2,101569,1,101689
2,101809,1,101929
3,101929,1,102169
1,101929,1,102109
0,101929,1,102049
0,102169,1,102289
1,102289,1,102529
2,102289,1,102469
3,102289,1,102409
0,102529,1,102589
2,102529,1,102589
3,102529,1,102589
1,102649,1,102709
2,102649,1,102709
0,102769,1,102829
3,102769,1,102829
1,102769,1,102889
0,102889,1,102949
2,102889,1,102949
3,102889,1,102949
1,102949,1,103009
2,103009,1,103069
0,103009,1,103129
3,103009,1,103129
1,103129,1,103189
2,103129,1,103249
3,103249,1,103309
0,103249,1,103369
1,103249,1,103369
2,103369,1,103429
3,103369,1,103489
0,103489,1,103549
1,103489,1,103609
2,103489,1,103609
3,103609,1,103669
0,103609,1,103729
2,103729,1,103789
3,103729,1,103789
1,103729,1,104089
2,103849,1,104029
3,103969,1,104029
0,103969,1,104149
2,104089,1,104149
1,104149,1,104209
0,104209,1,104269
2,104209,1,104329
3,104209,1,104329
1,104329,1,104389
0,104329,1,104449
3,104449,1,104509
2,104449,1,104569
1,104449,1,104569
0,104569,1,104629
3,104569,1,104689
0,104689,1,104749
1,104689,1,104749
2,104689,1,104929
1,104809,1,105049
3,104929,1,104989
0,104929,1,105049
2,105049,1,105109
3,105049,1,105289
1,105169,1,105229
2,105169,1,105409
0,105289,1,105349
1,105289,1,105409
0,105409,1,105469
3,105409,1,105469
2,105469,1,105529
1,105529,1,105589
0,105589,1,105649
3,105649,1,105709
2,105649,1,105709
1,105649,1,105889
2,105769,1,106009
0,105889,1,105949
3,105889,1,106009
1,106009,1,106069
0,106009,1,106249
2,106129,1,106189
1,106129,1,106369
3,106249,1,106309
2,106249,1,106369
0,106369,1,106429
3,106369,1,106609
1,106489,1,106549
2,106489,1,106609
0,106609,1,106669
1,106609,1,106669
3,106669,1,106789
2,106729,1,106849
1,106789,1,106909
0,106849,1,106909
3,106849,1,106909
2,106909,1,107029
0,106969,1,107089
1,107029,1,107149
2,107089,1,107149
3,107089,1,107149
0,107149,1,107269
1,107209,1,107329
2,107269,1,107389
0,107329,1,107389
3,107329,1,107389
1,107389,1,107509
3,107449,1,107509
2,107509,1,107629
0,107569,1,107629
1,107569,1,107689
3,107569,1,107689
0,107689,1,107749
2,107749,1,107869
3,107749,1,107869
1,107809,1,107869
0,107809,1,107869
1,107929,1,107989
3,107929,1,107989
2,107989,1,108049
1,108049,1,108109
3,108049,1,108169
0,108049,1,108169
2,108169,1,108229
1,108169,1,108289
3,108289,1,108349
0,108289,1,108409
2,108289,1,108409
1,108409,1,108469
3,108409,1,108529
0,108529,1,108589
2,108529,1,108589
1,108529,1,108649
2,108649,1,108709
3,108649,1,108709
0,108649,1,108769
1,108769,1,108829
3,108769,1,108889
2,108769,1,108949
1,108889,1,109129
3,109009,1,109069
2,109009,1,109189
0,109009,1,109129
3,109129,1,109369
0,109249,1,109309
1,109249,1,109429
2,109249,1,109369
0,109369,1,109609
2,109489,1,109549
1,109489,1,109549
3,109489,1,109669
2,109609,1,109669
1,109669,1,109729
3,109729,1,109789
0,109729,1,109849
2,109729,1,109849
1,109849,1,109909
3,109849,1,109969
0,109969,1,110029
1,109969,1,110029
2,109969,1,110149
0,110089,1,110209
2,110209,1,110269
3,110209,1,110329
1,110209,1,110329
0,110329,1,110389
2,110329,1,110449
1,110449,1,110509
0,110449,1,110569
3,110449,1,110569
2,110569,1,110629
1,110629,1,110689
2,110689,1,110749
0,110689,1,110809
3,110689,1,110809
1,110809,1,110869
2,110809,1,110929
3,110929,1,110989
0,110929,1,111049
1,110929,1,111049
2,111049,1,111109
3,111049,1,111169
0,111169,1,111229
1,111169,1,111289
2,111169,1,111289
3,111289,1,111349
0,111289,1,111409
2,111409,1,111469
3,111409,1,111469
1,111409,1,111589
2,111529,1,111649
0,111649,1,111709
3,111649,1,111769
1,111649,1,111709
0,111769,1,111829
2,111769,1,111829
1,111829,1,111889
2,111889,1,112009
3,111889,1,112009
0,111889,1,112009
1,112069,1,112189
2,112069,1,112189
3,112069,1,112189
0,112129,1,112189
3,112249,1,112309
2,112249,1,112309
0,112249,1,112369
2,112369,1,112429
1,112369,1,112429
3,112369,1,112489
0,112489,1,112549
1,112489,1,112549
2,112489,1,112609
1,112609,1,112669
3,112609,1,112669
0,112609,1,112849
3,112729,1,112969
2,112729,1,112789
2,112849,1,113089
1,112849,1,112909
1,112969,1,113089
0,112969,1,113029
3,113089,1,113149
0,113089,1,113149
2,113149,1,113209
1,113209,1,113269
0,113269,1,113329
1,113329,1,113569
2,113329,1,113389
3,113329,1,113389
2,113449,1,113689
3,113569,1,113689
0,113569,1,113629
0,113689,1,113929
1,113689,1,113749
1,113809,1,114049
2,113809,1,113869
2,113929,1,114049
3,113929,1,113989
0,114049,1,114169
3,114049,1,114169
1,114169,1,114229
2,114169,1,114289
3,114229,1,114289
1,114289,1,114349
0,114289,1,114349
3,114349,1,114469
2,114409,1,114529
1,114469,1,114589
3,114529,1,114589
0,114529,1,114589
2,114589,1,114709
0,114649,1,114769
1,114709,1,114829
3,114769,1,114829
2,114769,1,114829
0,114829,1,114949
1,114889,1,115009
2,114949,1,115069
3,115009,1,115069
0,115009,1,115069
1,115069,1,115189
3,115129,1,115189
2,115189,1,115309
0,115249,1,115369
1,115249,1,115369
3,115249,1,115369
1,115429,1,115549
0,115429,1,115549
3,115429,1,115549
3,115609,1,115669
1,115609,1,115669
2,115669,1,115729
1,115729,1,115789
0,115729,1,115789
3,115729,1,115849
2,115789,1,115849
1,115849,1,115909
0,115849,1,115909
3,115909,1,115969
2,115969,1,116029
0,115969,1,116149
1,115969,1,116149
2,116089,1,116149
3,116089,1,116149
0,116209,1,116449
1,116209,1,116389
3,116209,1,116329
2,116449,1,116569
3,116509,1,116629
1,116569,1,116689
0,116629,1,116749
2,116689,1,117169
3,116929,1,117169
0,117169,1,117289
1,117289,1,117409
3,117289,1,117409
1,117529,1,117649
2,117529,1,117769
3,117649,1,117769
1,117769,1,117889
0,117889,1,117949
2,117889,1,117949
3,117889,1,118009
1,118009,1,118069
2,118009,1,118129
0,118129,1,118189
3,118129,1,118189
1,118129,1,118249
0,118249,1,118309
2,118249,1,118309
3,118249,1,118309
1,118309,1,118369
2,118369,1,118429
0,118369,1,118429
3,118369,1,118489
1,118489,1,118549
2,118489,1,118609
0,118489,1,118549
3,118609,1,118669
1,118609,1,118729
0,118609,1,118789
2,118729,1,118789
3,118729,1,118849
0,118849,1,118909
1,118849,1,118969
2,118849,1,119029
3,118969,1,119029
0,118969,1,119089
2,119089,1,119149
1,119089,1,119449
3,119089,1,119209
2,119209,1,119389
3,119329,1,119389
0,119329,1,119509
2,119449,1,119509
3,119449,1,119509
1,119509,1,119569
3,119569,1,119629
2,119609,1,119669
0,119649,1,119709
1,119689,1,119749
2,119749,1,119809
3,119809,1,119889
1,119809,1,119889
0,119889,1,119969
3,119969,1,120049
1,120049,1,120109
2,120049,1,120289
0,120049,1,120169
1,120169,1,120409
3,120289,1,120349
0,120289,1,120409
2,120409,1,120469
3,120409,1,120649
1,120529,1,120589
2,120529,1,120769
0,120649,1,120709
1,120649,1,120769
0,120769,1,120829
3,120769,1,120889
2,120829,1,120949
1,120889,1,120949
0,120949,1,121009
2,121009,1,121069
1,121009,1,121249
3,121009,1,121129
2,121129,1,121369
0,121249,1,121309
3,121249,1,121369
1,121369,1,121429
0,121369,1,121609
2,121489,1,121549
1,121489,1,121669
2,121609,1,121729
3,121609,1,121729
0,121729,1,121789
1,121729,1,121789
3,121789,1,121849
2,121789,1,121849
1,121849,1,121909
0,121849,1,121909
2,121909,1,121969
3,121909,1,121969
0,121969,1,122029
1,121969,1,122029
2,122029,1,122089
0,122089,1,122149
3,122089,1,122149
1,122149,1,122209
2,122149,1,122209
0,122209,1,122269
3,122209,1,122269
1,122269,1,122389
3,122329,1,122449
2,122389,1,122449
1,122449,1,122509
0,122449,1,122509
2,122509,1,122629
1,122569,1,122689
0,122629,1,122749
2,122689,1,122749
3,122689,1,122749
1,122749,1,122869
3,122809,1,122869
2,122869,1,122989
1,122929,1,122989
0,122929,1,123109
3,122929,1,123049
2,123049,1,123109
1,123109,1,123229
0,123169,1,123229
2,123169,1,123229
3,123169,1,123229
1,123289,1,123349
3,123289,1,123349
2,123349,1,123409
1,123409,1,123469
3,123409,1,123529
0,123409,1,123529
2,123529,1,123589
1,123529,1,123649
0,123649,1,123709
3,123649,1,123709
2,123649,1,123769
1,123709,1,123769
3,123769,1,123829
0,123769,1,123829
2,123829,1,123889
3,123889,1,123949
0,123889,1,123949
1,123889,1,123949
0,124009,1,124069
1,124009,1,124069
3,124009,1,124069
0,124129,1,124189
1,124129,1,124189
2,124129,1,124189
3,124129,1,124309
0,124249,1,124309
2,124249,1,124309
2,124369,1,124429
0,124369,1,124489
1,124369,1,124429
3,124369,1,124489
2,124489,1,124609
1,124549,1,124609
0,124609,1,124789
3,124609,1,124789
2,124729,1,124789
1,124729,1,124789
1,124849,1,124909
0,124849,1,124909
2,124849,1,124909
3,124849,1,125029
0,124969,1,125029
1,124969,1,125029
2,125089,1,125149
3,125089,1,125149
1,125089,1,125149
0,125089,1,125269
2,125209,1,125269
3,125209,1,125269
2,125329,1,125389
1,125329,1,125389
0,125329,1,125449
3,125329,1,125449
1,125449,1,125509
2,125509,1,125569
3,125509,1,125629
0,125569,1,125629
1,125569,1,125689
2,125629,1,125689
3,125689,1,125749
0,125689,1,125809
1,125749,1,125809
3,125809,1,125929
2,125809,1,125929
1,125929,1,125989
0,125929,1,125989
2,125989,1,126049
1,126049,1,126109
0,126049,1,126169
3,126049,1,126169
2,126169,1,126229
1,126229,1,126289
2,126289,1,126349
0,126289,1,126469
3,126289,1,126469
1,126409,1,126469
2,126409,1,126469
3,126529,1,126589
2,126529,1,126589
1,126529,1,126589
0,126529,1,126709
2,126649,1,126709
3,126649,1,126709
1,126769,1,126829
3,126769,1,126889
2,126769,1,126829
0,126769,1,126889
1,126889,1,126949
3,126949,1,127009
2,126949,1,127069
0,126949,1,127069
3,127069,1,127129
0,127129,1,127189
1,127129,1,127249
2,127129,1,127249
0,127249,1,127309
3,127249,1,127369
2,127309,1,127369
1,127369,1,127429
0,127369,1,127489
2,127429,1,127489
3,127489,1,127549
1,127489,1,127609
0,127549,1,127609
2,127609,1,127669
3,127609,1,127669
0,127669,1,127729
1,127729,1,127789
3,127729,1,127789
2,127729,1,127849
0,127849,1,127909
1,127849,1,127909
3,127849,1,127969
0,127969,1,128029
2,127969,1,128029
1,127969,1,128089
0,128089,1,128329
2,128089,1,128149
3,128089,1,128149
2,128209,1,128269
3,128209,1,128269
3,128329,1,128389
2,128329,1,128449
1,128329,1,128389
0,128389,1,128449
1,128449,1,128509
3,128449,1,128509
2,128509,1,128569
0,128569,1,128629
1,128569,1,128689
3,128689,1,128749
2,128689,1,128749
0,128689,1,128809
1,128749,1,128809
2,128809,1,128869
3,128809,1,128929
0,128869,1,128929
1,128929,1,128989
2,128929,1,129049
3,128989,1,129049
0,129049,1,129109
1,129049,1,129149
3,129109,1,129169
0,129169,1,129229
1,129209,1,129269
2,129249,1,129309
3,129289,1,129349
1,129329,1,129389
0,129369,1,129429
2,129409,1,129469
1,129449,1,129509
3,129489,1,129549
0,129529,1,129589
2,129569,1,129629
1,129609,1,129669
3,129649,1,129769
2,129709,1,129829
1,129769,1,129889
0,129829,1,129949
2,129889,1,130009
3,129949,1,130069
1,130009,1,130129
2,130069,1,130189
0,130129,1,130249
1,130189,1,130309
2,130249,1,130369
3,130309,1,130429
1,130369,1,130489
0,130429,1,130549
2,130489,1,130609
1,130549,1,130669
3,130609,1,130729
2,130669,1,130789
1,130729,1,130849
0,130789,1,130909
2,130849,1,130969
3,130909,1,131029
1,130969,1,131089
2,131029,1,131149
0,131089,1,131569
3,131329,1,131569
1,131569,1,131629
2,131569,1,132529
1,133009,1,133189
0,133009,1,133189
2,133129,1,133189
3,133129,1,133189
0,133249,1,133489
1,133249,1,133429
2,133249,1,133369
3,133249,1,133309
2,133489,1,133549
3,133489,1,133549
1,133549,1,133609
0,133549,1,133609
3,133609,1,133669
2,133609,1,133669
1,133669,1,133729
0,133729,1,133789
3,133729,1,133789
2,133729,1,133849
1,133789,1,133909
0,133849,1,133909
3,133849,1,133969
2,133909,1,134029
1,133969,1,134029
0,133969,1,134029
3,134029,1,134089
1,134089,1,134149
2,134089,1,134149
0,134149,1,134209
2,134209,1,134269
3,134209,1,134269
1,134209,1,134329
0,134269,1,134389
3,134329,1,134389
2,134329,1,134449
1,134389,1,134509
0,134449,1,134509
3,134449,1,134509
2,134509,1,134569
1,134569,1,134629
0,134569,1,134629
2,134629,1,134689
3,134689,1,134749
0,134689,1,134749
1,134689,1,134809
2,134749,1,134869
3,134809,1,134869
0,134809,1,134929
1,134869,1,134989
2,134929,1,134989
3,134929,1,134989
0,134989,1,135049
2,135049,1,135109
1,135049,1,135109
3,135109,1,135169
0,135169,1,135229
2,135169,1,135289
1,135169,1,135259
3,135229,1,135289
0,135289,1,135319
1,135319,1,135349
2,135349,1,135379
3,135379,1,135409
1,135409,1,135469
0,135409,1,135469
0,135529,1,135589
2,135529,1,135589
3,135529,1,135589
0,135649,1,135709
3,135649,1,135709
1,135649,1,135769
2,135709,1,135829
0,135769,1,135889
1,135829,1,135949
2,135889,1,135949
3,135889,1,135949
0,135949,1,136009
3,136009,1,136069
0,136069,1,136129
1,136129,1,136189
3,136129,1,136189
2,136129,1,136249
0,136189,1,136309
3,136249,1,136369
1,136249,1,136309
2,136309,1,136429
0,136369,1,136429
1,136369,1,136429
3,136429,1,136489
0,136489,1,136549
2,136489,1,136549
1,136549,1,136609
3,136549,1,136609
2,136609,1,136669
0,136609,1,136729
1,136669,1,136729
3,136729,1,136789
2,136729,1,136789
1,136789,1,136849
0,136849,1,136909
3,136849,1,136909
2,136909,1,136969
0,136969,1,137029
1,136969,1,137029
3,137029,1,137089
2,137089,1,137149
1,137089,1,137149
0,137089,1,137209
3,137149,1,137209
2,137209,1,137269
1,137209,1,137329
0,137269,1,137329
2,137329,1,137389
3,137329,1,137389
1,137369,1,137429
0,137409,1,137469
3,137449,1,137509
0,137569,1,137629
1,137569,1,137629
2,137629,1,137689
3,137689,1,137749
1,137709,1,137769
0,137729,1,137789
3,137809,1,138049
2,137809,1,137929
0,137929,1,137989
1,137949,1,138049
0,138049,1,138109
2,138069,1,138169
0,138169,1,138229
1,138189,1,138249
3,138209,1,138269
2,138289,1,138349
1,138309,1,138409
3,138409,1,138469
2,138429,1,138489
0,138449,1,138509
1,138529,1,138589
3,138529,1,138589
2,138589,1,138649
0,138649,1,138709
1,138669,1,138729
3,138689,1,138749
0,138769,1,138889
2,138769,1,138829
1,138889,1,138949
2,138909,1,138969
3,138929,1,138989
1,139009,1,139069
0,139009,1,139069
2,139069,1,139129
3,139069,1,139129
0,139129,1,139189
1,139129,1,139189
2,139189,1,139249
3,139189,1,139249
0,139249,1,139369
1,139249,1,139309
2,139369,1,139429
1,139369,1,139489
3,139489,1,139699
2,139489,1,139549
0,139549,1,139609
1,139579,1,139639
2,139609,1,139669
1,139729,1,139789
2,139749,1,139809
3,139769,1,139829
0,139849,1,140059
1,139849,1,139909
3,139909,1,139969
2,139939,1,139999
1,139969,1,140029
2,140089,1,140149
1,140109,1,140169
0,140129,1,140189
2,140209,1,140329
3,140209,1,140269
0,140269,1,140329
3,140329,1,140449
1,140329,1,140389
2,140389,1,140449
1,140449,1,140569
0,140449,1,140509
2,140509,1,140569
0,140569,1,140689
3,140569,1,140629
1,140629,1,140689
3,140689,1,140749
2,140689,1,140809
0,140809,1,140869
3,140829,1,140929
2,140929,1,140989
1,140929,1,140989
0,140929,1,140989
3,140989,1,141049
1,141049,1,141109
3,141109,1,141169
1,141169,1,141229
0,141169,1,141229
2,141229,1,141289
3,141229,1,141289
1,141289,1,141349
0,141289,1,141349
2,141349,1,141409
3,141409,1,141469
0,141409,1,141469
1,141409,1,141529
2,141529,1,141589
3,141529,1,141589
0,141529,1,141649
1,141649,1,141709
2,141649,1,141709
3,141649,1,141769
0,141769,1,141829
1,141769,1,141829
2,141769,1,141889
0,141889,1,141949
3,141889,1,141949
1,141889,1,142009
2,142009,1,142069
3,142009,1,142069
0,142009,1,142129
1,142129,1,142189
2,142129,1,142189
3,142129,1,142249
0,142249,1,142309
1,142249,1,142309
2,142249,1,142369
0,142369,1,142429
3,142369,1,142429
1,142369,1,142489
2,142489,1,142549
3,142489,1,142549
0,142489,1,142609
1,142609,1,142669
2,142609,1,142669
3,142609,1,142729
1,142729,1,142789
0,142729,1,142789
2,142729,1,142849
1,142849,1,142909
3,142849,1,142909
0,142849,1,142969
3,142969,1,143029
2,142969,1,143029
1,143029,1,143089
2,143089,1,143149
0,143089,1,143149
3,143089,1,143209
1,143209,1,143269
2,143209,1,143269
0,143209,1,143329
1,143329,1,143389
2,143329,1,143389
3,143329,1,143449
0,143449,1,143509
2,143449,1,143509
1,143509,1,143569
2,143569,1,143629
3,143569,1,143629
0,143569,1,143689
3,143689,1,143749
1,143689,1,143749
2,143749,1,143809
1,143809,1,143869
0,143809,1,143869
3,143809,1,143929
1,143929,1,143989
2,143929,1,143989
0,143929,1,144049
2,144049,1,144109
3,144049,1,144169
1,144109,1,144169
0,144169,1,144229
2,144169,1,144229
3,144229,1,144289
1,144289,1,144349
0,144289,1,144349
2,144289,1,144409
3,144349,1,144409
0,144409,1,144469
1,144409,1,144509
3,144469,1,144529
0,144529,1,144589
2,144569,1,144629
3,144609,1,144669
1,144649,1,144709
2,144689,1,144749
3,144729,1,144789
0,144769,1,144829
1,144799,1,144859
2,144829,1,144889
3,144859,1,144919
0,144889,1,144934
1,144919,1,144964
2,144949,1,144994
3,144979,1,145024
0,145009,1,145369
1,145009,1,145369
2,145369,1,145609
1,145489,1,145969
0,145729,1,145969
3,145729,1,145789
3,145969,1,146449
0,146209,1,146269
2,146449,1,146509
1,146449,1,146569
3,146689,1,147169
0,146689,1,147169
2,147169,1,147229
1,147409,1,147469
0,147649,1,147709
3,147649,1,147709
2,147709,1,147769
1,147769,1,147829
0,147769,1,147829
3,147889,1,147949
2,147889,1,148009
1,147949,1,148009
3,148009,1,148069
2,148069,1,148129
1,148129,1,148189
3,148189,1,148249
0,148249,1,148309
2,148309,1,148369
1,148369,1,148429
0,148369,1,148489
2,148429,1,148489
1,148489,1,148549
0,148549,1,148609
3,148609,1,148669
2,148639,1,148699
1,148669,1,148729
0,148699,1,148759
3,148729,1,148789
2,148759,1,148804
1,148789,1,148834
0,148819,1,148864
3,148849,1,148909
2,148849,1,148969
1,148909,1,148969
0,148969,1,149029
3,148969,1,149089
2,149029,1,149089
0,149089,1,149209
1,149089,1,149149
2,149149,1,149209
1,149209,1,149329
3,149209,1,149269
0,149269,1,149329
3,149329,1,149449
2,149329,1,149389
0,149389,1,149449
1,149449,1,149509
2,149449,1,149569
3,149509,1,149569
1,149569,1,149689
0,149569,1,149629
2,149629,1,149689
3,149689,1,149749
0,149689,1,149809
1,149749,1,149809
3,149809,1,149929
2,149809,1,149869
0,149869,1,149929
2,149929,1,150049
1,149929,1,149989
3,149989,1,150049
1,150049,1,150169
0,150049,1,150109
2,150109,1,150169
0,150169,1,150289
3,150169,1,150229
1,150229,1,150289
3,150289,1,150409
2,150289,1,150349
0,150349,1,150409
1,150409,1,150529
2,150409,1,150469
3,150469,1,150589
2,150529,1,150649
0,150529,1,150589
1,150589,1,150709
0,150649,1,150709
3,150649,1,150709
2,150709,1,150769
1,150769,1,150829
0,150769,1,150829
3,150769,1,150829
