3,459,1,759
2,459,1,684
1,459,1,609
0,759,0
1,1059,0
3,1209,0
0,1359,0
2,1659,0
1,1959,0
3,2259,0
0,2559,0
2,2709,0
3,2859,0
0,2859,1,3009
1,2859,0
1,3009,1,3159
2,3159,1,3309
3,3309,1,3459
2,3609,1,3759
0,3609,0
3,3609,0
1,3759,1,3909
0,3909,1,4059
3,4059,1,4209
2,4209,1,4359
1,4359,1,4509
3,4509,1,4659
0,4659,1,4959
1,4809,1,4959
2,4959,0
3,4959,0
0,5034,0
1,5034,0
2,5109,0
3,5109,0
3,5259,0
0,5259,1,5409
1,5259,0
1,5409,1,5559
2,5559,1,5709
0,5559,1,5634
3,5709,1,5859
1,5709,1,5784
0,5859,1,5934
3,6009,1,6159
2,6009,0
1,6009,1,6084
2,6159,1,6309
1,6309,1,6459
0,6309,1,6459
3,6459,1,6609
2,6609,1,6759
0,6609,1,6759
1,6759,0
3,6759,0
2,6834,0
0,6834,0
3,6909,0
1,6909,0
0,6984,0
2,6984,0
1,7059,0
2,7209,0
0,7359,0
3,7359,0
1,7359,1,7659
0,7659,0
3,7659,1,7809
2,7659,0
2,7809,1,7959
1,7959,1,8109
0,8109,1,8259
1,8409,1,8559
3,8409,0
0,8409,0
2,8559,1,8709
3,8709,1,8859
0,8859,1,9009
1,9009,1,9159
2,9159,1,9309
0,9309,1,9459
3,9459,1,9759
2,9609,1,9759
1,9759,0
0,9759,0
3,9834,0
2,9834,0
1,9909,0
0,9909,0
0,10059,0
3,10059,1,10209
2,10059,0
2,10209,1,10359
1,10359,1,10509
3,10359,1,10434
0,10509,1,10659
2,10509,1,10584
3,10659,1,10734
0,10809,1,10959
1,10809,0
2,10809,1,10884
1,10959,1,11109
2,11109,1,11259
3,11109,1,11259
0,11259,1,11409
1,11409,1,11559
3,11409,1,11559
2,11559,0
0,11559,0
1,11634,0
3,11634,0
0,11709,0
2,11709,0
3,11784,0
1,11784,0
2,11859,0
1,12009,0
3,12159,0
0,12159,0
2,12159,1,12309
1,12309,1,12459
3,12459,1,12759
0,12459,0
2,12459,0
1,12609,0
0,12759,0
2,12759,0
1,12909,1,12984
2,12984,1,13059
3,13059,1,13209
0,13059,0
1,13059,0
1,13209,1,13359
2,13359,1,13509
3,13359,0
0,13509,1,13659
1,13659,0
3,13659,1,13734
2,13734,1,13809
1,13809,1,13959
3,13959,1,14034
0,13959,0
2,14034,1,14109
1,14109,1,14259
2,14259,1,14334
3,14259,0
0,14334,1,14409
3,14409,1,14559
2,14559,1,14709
0,14559,0
1,14709,1,14859
0,14859,1,15159
3,14859,0
2,15009,0
1,15159,0
3,15159,0
2,15309,1,15384
1,15384,1,15459
0,15459,1,15609
3,15459,0
2,15609,1,15759
1,15759,1,15909
0,15759,0
3,15909,1,16059
2,16059,0
0,16059,0
1,16209,1,16359
2,16359,1,16509
3,16359,0
0,16509,1,16659
1,16659,0
3,16659,0
2,16809,0
0,16959,0
1,16959,0
3,16959,0
3,17109,0
2,17109,0
1,17184,0
0,17259,0
3,17259,0
2,17259,0
1,17409,0
0,17409,0
3,17559,0
1,17559,0
2,17709,0
0,17709,0
1,17784,0
3,17859,0
2,17859,0
1,18009,0
0,18009,0
2,18159,0
1,18159,0
3,18309,0
0,18309,0
3,18459,0
2,18459,0
1,18534,0
0,18534,0
3,18609,0
2,18609,0
1,18684,0
0,18684,0
3,18759,0
2,18759,0
1,18834,0
0,18834,0
3,18909,0
2,18909,0
0,18984,0
1,18984,0
3,19059,0
2,19059,0
1,19134,0
0,19134,0
2,19209,0
3,19209,0
0,19284,0
1,19284,0
2,19359,0
3,19359,0
1,19434,0
0,19434,0
2,19509,0
3,19509,0
1,19584,0
3,19659,0
2,19659,0
0,19659,1,19809
1,19959,0
3,20109,0
2,20184,0
1,20259,1,20409
0,20259,1,20409
3,20409,0
1,20559,0
3,20709,0
2,20859,1,21009
1,20859,1,21009
0,20859,1,21009
3,21009,0
0,21159,1,21609
2,21309,0
1,21459,1,21609
2,21609,0
1,21684,0
0,21759,0
2,21759,0
3,21759,0
1,21834,0
2,21909,0
2,21984,0
0,22059,0
1,22059,0
3,22059,0
0,22209,0
0,22359,0
3,22359,0
2,22359,0
0,22509,0
1,22659,0
0,22659,0
3,22659,0
0,22809,0
2,22959,0
3,22959,0
0,22959,0
0,23109,0
1,23159,0
2,23209,0
3,23259,0
0,23259,0
3,23409,0
3,23559,0
2,23559,0
0,23559,0
3,23709,0
3,23859,0
1,23859,0
0,23859,0
3,24009,0
2,24059,0
1,24109,0
0,24159,0
3,24159,0
2,24234,0
0,24309,0
2,24384,0
0,24459,0
1,24459,0
3,24609,1,24759
0,24759,0
2,24759,0
1,24909,1,25059
2,25059,0
3,25059,0
0,25209,1,25359
1,25359,1,25509
3,25359,0
2,25509,1,25659
3,25659,1,25959
0,25659,0
2,25809,1,25959
1,25959,1,26109
2,26109,1,26259
0,26109,0
3,26259,1,26409
1,26259,0
2,26409,0
1,26484,0
2,26559,0
3,26559,0
0,26559,1,26709
2,26709,1,26859
0,26859,0
1,26859,0
3,26859,0
2,27009,0
3,27009,0
0,27084,0
1,27084,0
2,27159,0
3,27159,0
0,27234,0
1,27309,0
0,27384,0
2,27459,0
3,27459,0
1,27534,0
3,27609,0
0,27609,0
2,27684,0
1,27684,0
3,27759,0
0,27759,0
2,27834,0
0,27909,0
1,27909,0
3,27909,0
2,28134,0
0,28209,0
1,28209,0
3,28209,0
0,28359,0
2,28359,0
3,28359,0
1,28434,0
3,28509,0
2,28584,0
0,28659,0
1,28659,0
3,28734,0
1,28809,0
0,28884,0
2,29034,0
0,29109,0
1,29109,0
2,29184,0
0,29259,0
1,29259,0
3,29259,0
2,29409,0
3,29409,0
0,29409,0
3,29559,1,29859
1,29559,0
2,29709,0
1,29859,1,30159
0,29859,0
3,30009,0
2,30159,1,30459
0,30159,0
1,30309,0
3,30459,0
0,30459,1,30759
1,30459,0
2,30759,1,30834
3,30834,1,30909
1,30909,1,30984
0,30984,1,31059
3,31059,1,31134
2,31134,1,31209
0,31209,1,31284
1,31284,1,31359
3,31359,1,31434
2,31434,1,31509
1,31509,1,31584
2,31584,1,31659
0,31659,0
1,31659,0
3,31659,0
2,31809,0
0,31959,1,32109
3,31959,0
1,32109,1,32259
0,32259,1,32559
3,32259,0
2,32409,0
3,32559,1,32859
1,32559,0
2,32709,0
1,32859,1,33159
0,32859,0
2,33009,1,33159
0,33159,1,33459
3,33159,0
1,33309,1,33459
2,33459,0
3,33459,0
1,33609,0
2,33684,0
0,33759,0
3,33759,0
0,33909,0
1,33909,0
2,33984,0
3,33984,0
0,34059,0
1,34059,1,34209
3,34209,0
2,34359,1,34509
0,34359,0
1,34509,1,34659
3,34659,1,34809
0,34659,0
2,34809,0
0,34884,0
1,34884,0
3,34959,0
2,34959,1,35259
0,35109,0
1,35259,1,35559
3,35259,0
0,35409,1,35559
2,35559,1,35859
3,35559,0
1,35709,1,35859
0,35859,0
3,35859,1,35934
2,35934,1,36009
1,36009,1,36084
3,36084,1,36159
0,36159,1,36234
1,36234,1,36309
2,36309,1,36384
1,36384,1,36459
2,36459,0
3,36459,0
0,36459,1,36609
1,36609,1,36759
0,36759,0
2,36759,0
3,36759,1,36909
2,36909,1,37059
3,37059,0
0,37059,1,37209
1,37209,1,37359
2,37359,0
0,37359,0
3,37359,1,37509
2,37509,1,37659
3,37659,0
1,37659,1,37809
0,37809,1,37959
3,37959,0
1,37959,0
2,37959,0
0,38109,0
1,38259,0
3,38259,0
2,38409,0
0,38559,0
1,38559,0
3,38559,0
3,38709,0
0,38859,0
1,38859,0
2,38859,0
2,39084,0
0,39159,0
1,39159,0
3,39159,0
2,39309,0
3,39309,0
0,39384,0
1,39384,0
2,39459,0
3,39459,0
1,39684,0
0,39759,0
2,39759,0
3,39759,0
0,39909,0
1,39909,0
2,39984,0
0,40059,0
1,40059,0
3,40059,1,40134
2,40209,1,40284
0,40359,1,40434
1,40509,1,40584
2,40659,1,40734
2,40809,1,40884
0,40959,0
1,40959,0
3,40959,0
1,41109,0
3,41259,0
0,41259,1,41484
2,41259,1,41334
1,41409,1,41484
3,41559,1,41784
0,41559,1,41634
1,41559,0
2,41709,1,41784
1,41859,1,42084
0,41859,1,41934
2,42009,1,42084
3,42159,1,42234
2,42159,1,42384
0,42159,0
1,42309,1,42384
3,42459,1,42534
0,42459,1,42684
2,42609,1,42684
3,42759,1,42984
1,42759,1,42834
0,42759,0
0,42909,1,42984
2,43059,1,43284
3,43059,1,43134
1,43209,1,43284
0,43359,0
3,43359,0
2,43359,0
2,43509,0
3,43509,0
0,43584,0
1,43584,0
3,43659,1,43884
2,43659,1,43734
1,43809,1,43884
0,43959,1,44184
2,43959,1,44034
3,43959,0
1,44109,1,44184
2,44259,1,44484
3,44259,1,44334
0,44409,1,44484
3,44559,1,44634
1,44559,1,44784
2,44559,0
0,44709,1,44784
3,44859,1,44934
0,44859,1,45084
2,45009,1,45084
3,45159,1,45384
1,45159,1,45234
0,45159,0
0,45309,1,45384
1,45459,1,45684
2,45459,1,45534
0,45609,1,45684
3,45759,0
2,45759,0
1,45759,0
3,45909,0
2,45909,0
1,45909,0
0,46059,0
3,46059,1,46284
1,46059,1,46134
2,46209,1,46284
0,46359,1,46584
3,46359,1,46434
2,46359,0
1,46509,1,46584
2,46659,1,46884
3,46659,1,46734
1,46809,1,46884
0,46959,1,47034
1,46959,1,47184
3,46959,0
2,47109,1,47184
0,47259,1,47334
3,47259,1,47484
2,47259,0
1,47409,1,47484
0,47559,1,47784
2,47559,1,47634
3,47559,0
3,47709,1,47784
1,47859,1,48084
0,47859,1,47934
2,48009,1,48084
3,48159,0
0,48159,0
2,48159,0
1,48309,0
0,48309,0
2,48384,0
3,48384,0
0,48459,0
1,48459,0
2,48459,0
3,48459,0
1,48609,0
0,48759,0
1,48759,0
2,48759,0
3,48759,0
3,48909,0
0,49059,0
2,49059,0
3,49059,0
1,49059,0
3,49209,0
1,49209,0
0,49209,0
2,49209,0
0,49359,0
2,49359,0
3,49359,0
1,49359,0
0,49509,0
3,49659,0
1,49659,0
0,49659,0
2,49659,0
2,49809,0
0,49959,0
2,49959,0
3,49959,0
1,49959,0
3,50109,0
1,50109,0
0,50109,0
2,50109,0
0,50259,0
2,50259,0
3,50259,0
1,50259,0
0,50559,1,50709
1,50559,1,50709
2,50559,1,50709
3,50559,1,50709
2,50859,0
0,50859,0
3,50859,1,51009
1,51009,0
2,51159,1,51234
2,51309,1,51384
0,51459,1,51534
1,51459,0
3,51459,1,51534
0,51609,1,51684
2,51609,1,51684
0,51759,1,51834
3,51759,1,51834
0,51909,1,51984
2,51909,1,51984
1,52059,0
3,52059,0
2,52209,1,52284
1,52359,1,52434
1,52509,1,52584
3,52659,1,52734
2,52659,0
0,52659,1,52734
3,52809,1,52884
1,52809,1,52884
3,52959,1,53034
0,52959,1,53034
1,53034,1,53109
3,53109,1,53184
2,53109,1,53184
1,53184,1,53259
0,53259,1,53484
3,53259,0
2,53409,1,53634
3,53559,1,53634
1,53559,1,53784
0,53709,1,53784
2,53859,1,53934
3,53859,0
1,53859,0
2,54009,1,54084
0,54009,1,54084
2,54159,1,54234
3,54159,0
1,54309,1,54459
2,54384,1,54459
3,54459,0
0,54459,0
2,54609,1,54684
0,54609,1,54684
1,54759,1,54834
2,54909,1,54984
3,54909,1,54984
0,55059,0
1,55059,0
3,55059,0
2,55359,0
3,55659,0
0,55659,0
2,55659,1,55809
1,55809,0
0,55959,0
1,55959,0
3,55959,1,56109
2,56109,0
0,56259,1,56334
1,56409,1,56484
3,56409,0
2,56559,1,56634
0,56559,0
3,56559,0
1,56709,0
0,56859,1,56934
2,56859,0
0,57009,1,57084
1,57159,0
3,57159,1,57234
2,57159,0
3,57309,1,57384
0,57459,1,57534
1,57609,1,57684
3,57609,0
0,57759,0
3,57759,0
2,57759,1,57834
1,57909,1,57984
0,58059,0
2,58059,0
0,58209,0
2,58209,0
1,58359,0
3,58359,0
1,58509,0
3,58509,0
2,58659,0
3,58659,0
0,58734,0
1,58734,0
2,58809,0
3,58809,0
0,58884,0
1,58884,0
2,58959,0
3,58959,0
0,59034,0
1,59034,0
2,59109,0
3,59109,0
1,59184,0
3,59259,0
2,59259,0
0,59259,1,59409
1,59559,1,59709
0,59559,1,59709
2,59859,1,60009
0,59859,1,60009
1,59859,1,60009
0,60159,1,60309
1,60159,1,60309
2,60159,1,60309
3,60159,1,60309
0,60459,0
2,60459,0
3,60459,0
1,60684,0
2,60684,0
3,60684,0
0,60909,0
1,60909,0
3,60909,0
0,61059,0
1,61059,0
2,61059,0
0,61209,0
1,61209,0
2,61209,0
3,61359,1,61434
2,61359,1,61434
0,61359,1,61434
1,61509,0
2,61584,0
0,61659,0
1,61659,0
3,61659,0
2,61884,0
1,61884,0
0,61884,0
3,62109,0
2,62109,0
0,62109,0
3,62259,0
2,62259,0
1,62259,0
3,62409,0
2,62409,0
1,62409,0
0,62559,1,62634
1,62559,1,62634
3,62559,1,62634
2,62709,0
1,62784,0
0,62859,0
2,62859,0
3,62859,0
0,63084,0
1,63084,0
2,63084,0
1,63309,0
2,63309,0
3,63309,0
0,63459,0
1,63459,0
3,63459,0
0,63609,0
1,63609,0
3,63609,0
0,63759,1,63834
1,63759,1,63834
2,63759,1,63834
1,63909,0
3,63909,0
2,63984,0
0,64059,0
1,64059,0
3,64059,0
0,64284,0
2,64284,0
3,64284,0
0,64509,0
1,64509,0
2,64509,0
0,64659,0
3,64659,0
1,64734,0
2,64734,0
0,64809,0
3,64809,0
1,64884,0
2,64884,0
3,64959,1,65109
0,65259,0
1,65259,0
2,65259,0
1,65484,0
2,65484,0
3,65484,0
0,65709,0
2,65709,0
3,65709,0
1,65784,0
2,65859,0
0,65934,0
1,65934,0
3,65934,0
2,66009,0
1,66084,0
0,66159,0
2,66159,0
3,66159,0
1,66309,0
2,66384,0
3,66459,0
0,66459,0
1,66459,0
2,66684,0
1,66684,0
0,66684,0
0,66909,0
2,66909,0
3,66909,0
1,67059,0
0,67134,0
2,67134,0
3,67134,0
1,67209,0
2,67284,0
0,67359,0
1,67359,0
3,67359,0
0,67509,0
2,67509,0
1,67584,0
2,67659,0
3,67659,0
0,67734,0
1,67734,0
2,67809,0
3,67809,0
0,67884,0
1,67884,0
2,67959,0
3,67959,0
1,68109,0
0,68109,0
2,68184,0
3,68184,0
1,68259,0
0,68259,0
2,68334,0
3,68334,0
0,68409,0
1,68409,0
0,68559,0
3,68559,0
1,68634,0
2,68634,0
0,68709,0
3,68709,0
1,68784,0
2,68784,0
0,68859,0
3,68859,0
1,69159,0
2,69309,0
0,69459,0
1,69459,0
3,69459,0
0,69609,0
1,69609,0
3,69609,0
1,69909,0
2,70059,0
3,70059,0
0,70059,0
1,70209,0
3,70359,0
2,70659,0
0,70809,0
1,70959,0
3,71259,1,71334
1,71409,0
2,71559,1,71634
3,71559,1,71634
0,71709,0
3,71859,1,71934
1,71859,1,71934
2,71859,1,71934
0,72009,0
2,72159,1,72459
0,72459,0
1,72459,0
3,72459,0
2,72609,0
2,72759,0
3,72759,0
0,72759,0
1,72909,0
2,73059,0
3,73059,0
1,73209,0
0,73359,0
1,73359,0
2,73359,0
3,73509,0
0,73659,0
2,73659,0
1,73809,0
2,73884,0
0,73959,0
1,73959,0
3,73959,0
2,74109,0
1,74259,0
3,74259,0
0,74409,0
2,74559,0
1,74559,0
0,74559,0
3,74634,0
2,74709,0
1,74784,0
2,74859,0
3,74859,0
0,74859,1,75009
1,75009,1,75159
2,75159,1,75309
3,75159,0
0,75159,0
1,75309,0
3,75459,1,75609
0,75459,0
2,75609,1,75759
1,75759,1,75909
0,75759,0
3,75759,0
2,75909,0
0,76059,1,76209
3,76059,0
2,76209,1,76359
1,76359,1,76509
0,76359,0
3,76359,0
2,76509,0
3,76659,1,76809
0,76659,0
1,76809,1,76959
2,76959,1,77259
0,76959,0
3,76959,0
1,77109,1,77259
0,77259,0
3,77259,0
2,77409,1,77559
0,77559,0
3,77559,1,78009
1,77559,0
2,77709,1,78009
1,77859,1,78009
0,77859,0
0,78159,1,78309
1,78159,1,78309
3,78159,1,78309
2,78309,0
2,78459,0
3,78459,0
0,78459,0
1,78609,0
0,78759,0
3,78759,0
2,78834,0
1,78909,0
0,78984,0
2,79059,0
3,79059,0
1,79134,0
2,79209,0
3,79209,0
1,79284,0
0,79359,1,79509
2,79359,1,79509
3,79359,1,79509
1,79659,1,79809
0,79659,0
3,79659,0
2,79809,0
3,79959,1,80109
0,79959,0
2,80109,1,80259
3,80259,0
0,80259,1,80409
1,80409,1,80559
2,80559,0
3,80559,0
0,80709,1,80859
1,80859,0
3,80859,0
0,81009,1,81159
2,81159,0
3,81159,0
0,81309,1,81459
1,81459,0
2,81459,0
0,81609,1,81759
2,81759,0
3,81759,0
1,81909,0
0,82059,0
3,82059,1,82209
1,82209,0
0,82359,1,82509
3,82359,0
2,82359,0
1,82509,0
2,82659,0
3,82659,0
0,82734,0
1,82734,0
2,82809,0
3,82809,0
0,82884,0
1,82884,0
2,82959,0
3,82959,0
1,83034,0
0,83109,0
2,83109,0
3,83109,0
3,83409,0
1,83409,0
0,83409,0
2,83484,0
1,83559,0
0,83559,0
2,83634,0
0,83709,0
1,83709,0
3,83709,0
2,83859,0
0,83859,0
1,84009,0
3,84009,0
2,84059,0
0,84109,0
1,84159,0
3,84159,0
2,84234,0
1,84309,0
0,84309,0
2,84384,0
0,84459,1,84609
1,84459,0
3,84459,1,84759
0,84759,1,84909
2,84759,0
1,84909,1,85059
2,85059,0
3,85059,1,85209
0,85209,1,85359
2,85359,0
1,85359,0
3,85509,1,85659
0,85509,1,85809
2,85659,0
1,85659,0
3,85809,1,85959
2,85959,0
0,85959,0
3,86109,1,86259
0,86259,0
1,86259,0
3,86409,1,86559
2,86559,0
0,86559,0
1,86634,0
2,86709,0
3,86859,1,87009
0,86859,1,87159
2,87009,0
3,87159,1,87309
1,87159,0
2,87309,0
3,87459,0
0,87459,0
1,87534,0
2,87534,0
3,87609,0
0,87609,0
2,87684,0
1,87759,0
0,87759,0
3,87834,0
2,87909,0
1,87909,0
0,87909,0
0,88209,0
2,88209,0
3,88209,0
1,88284,0
2,88359,0
3,88359,0
1,88434,0
3,88509,0
2,88509,0
0,88509,0
1,88659,0
2,88659,0
3,88809,0
0,88809,0
1,88859,0
2,88909,0
3,88959,0
0,88959,0
1,89034,0
2,89109,0
3,89109,0
1,89184,0
0,89259,0
2,89259,0
3,89259,1,91059
1,89559,0
2,89709,0
0,89859,0
1,90009,0
2,90159,0
1,90309,0
0,90459,0
2,90609,0
0,90759,0
1,90909,0
1,91059,0
2,91059,0
0,91059,0
2,91659,0
3,91659,0
0,91659,1,91734
2,92109,0
0,92259,1,92334
3,92709,0
0,92859,1,92934
2,93159,0
0,93459,1,93534
1,93759,0
0,94059,1,94134
3,94059,0
1,94509,0
0,94659,1,94734
0,94959,0
1,95109,0
0,95259,1,95334
1,95409,0
2,95559,0
0,95859,1,95934
3,95859,0
1,96009,0
2,96159,0
1,96309,0
3,96459,0
0,96459,0
2,96759,0
1,96909,0
1,97059,0
3,97359,0
2,97509,0
3,97659,0
2,97809,0
0,97959,0
1,98259,0
3,98559,0
2,98709,0
0,98859,0
1,98859,0
2,99159,0
1,99309,0
3,99459,0
0,99759,0
1,99909,0
0,100059,0
1,100209,0
3,100359,0
0,100659,0
1,100659,0
2,100659,0
0,100959,1,101184
3,100959,1,101184
2,101259,0
0,101259,0
3,101259,1,101334
1,101559,0
0,101709,0
3,101859,1,101934
2,101859,0
1,102159,0
2,102309,0
3,102459,1,102534
0,102459,0
0,102759,0
3,103059,1,103134
1,103059,0
0,103359,0
2,103359,0
1,103509,0
2,103659,0
3,103659,0
0,103659,1,103809
1,103809,0
0,103959,1,104109
3,103959,0
2,103959,0
2,104109,0
1,104259,1,104334
0,104259,0
2,104409,1,104484
0,104559,1,104634
3,104559,0
1,104559,0
2,104709,1,104784
3,104859,0
1,104859,1,104934
0,105009,1,105084
1,105159,1,105234
2,105159,0
3,105159,0
0,105309,1,105384
3,105459,1,105534
2,105459,0
0,105609,1,105684
1,105759,1,105834
2,105759,0
3,105759,0
2,106059,1,106209
0,106209,0
1,106209,0
3,106359,0
0,106359,1,106509
2,106359,0
2,106509,0
1,106509,0
3,106659,1,106734
0,106659,0
2,106809,1,106884
1,106959,1,107034
0,106959,0
3,106959,0
2,107109,1,107184
0,107259,1,107409
1,107259,0
2,107409,0
0,107559,1,107709
3,107559,0
1,107559,0
2,107709,0
0,107859,1,108009
3,107859,0
1,108009,0
0,108159,0
3,108159,0
2,108159,0
1,108309,0
2,108459,0
3,108459,0
1,108534,0
2,108609,0
3,108684,0
0,108759,0
1,108759,0
2,108834,0
1,108909,0
0,108984,0
2,109059,0
3,109059,0
1,109134,0
2,109209,0
3,109284,0
0,109359,0
1,109359,0
2,109434,0
0,109509,0
1,109509,0
2,109584,0
3,109659,1,109809
2,109959,1,110109
1,110259,1,110409
2,110559,1,110859
0,110859,0
1,110859,0
3,110859,0
1,111009,0
3,111159,0
2,111159,0
0,111159,0
1,111309,0
1,111459,0
3,111459,0
2,111609,0
0,111759,0
1,111759,0
3,111759,0
2,111909,0
0,112059,0
3,112059,0
1,112059,0
2,112119,0
3,112179,0
1,112239,0
1,112359,0
0,112359,0
3,112359,0
2,112509,0
1,112509,0
0,112659,0
3,112659,0
2,112659,0
1,112719,0
0,112779,0
2,112839,0
0,112959,0
3,112959,0
1,113109,0
2,113159,0
3,113209,0
0,113259,0
1,113259,0
2,113409,0
0,113459,0
1,113509,0
0,113559,0
3,113559,0
1,113709,0
3,113759,0
2,113809,0
3,113859,0
0,113859,0
2,114009,0
0,114059,0
2,114109,0
3,114159,0
1,114159,0
0,114234,0
2,114309,0
3,114359,0
1,114409,0
0,114459,0
3,114459,0
1,114609,0
3,114659,0
2,114709,0
0,114759,0
1,114759,0
2,114909,0
1,115059,0
0,115059,0
3,115134,0
2,115209,0
0,115209,0
1,115284,0
3,115359,0
2,115359,0
0,115434,0
2,115509,0
2,115584,0
3,115659,0
1,115659,0
0,115659,0
2,115809,0
0,115959,0
3,115959,0
1,116034,0
2,116109,0
0,116259,0
1,116259,0
3,116259,0
1,116409,0
2,116559,0
0,116559,0
3,116709,0
0,116859,0
1,116859,0
2,116859,0
1,117009,0
3,117159,0
2,117159,0
0,117234,0
1,117309,0
2,117384,0
0,117459,0
1,117459,0
3,117459,0
2,117609,0
3,117759,0
0,117759,0
2,117834,0
1,117909,0
0,118059,0
2,118059,0
3,118134,0
1,118209,0
3,118284,0
1,118359,0
0,118359,0
2,118434,0
0,118509,0
2,118584,0
3,118659,0
1,118659,0
0,118734,0
3,118809,0
2,118884,0
1,118959,0
0,118959,0
3,119034,0
0,119109,0
1,119109,0
2,119184,0
3,119259,0
0,119259,0
1,119259,0
2,119334,0
0,119409,0
1,119484,0
0,119559,0
2,119559,0
3,119559,0
1,119634,0
3,119709,0
2,119784,0
0,119859,0
3,119859,0
1,119859,0
2,119934,0
1,120009,0
2,120084,0
0,120159,1,120309
1,120159,1,120309
3,120159,1,120309
3,120459,0
2,120459,0
0,120459,0
1,120759,0
3,120909,0
2,120946,0
1,120984,0
0,121021,0
2,121059,0
3,121059,0
1,121134,0
0,121209,0
3,121209,0
2,121284,0
0,121359,0
1,121396,0
2,121434,0
3,121471,0
0,121509,0
1,121509,0
2,121584,0
0,121659,0
1,121659,0
3,121659,0
0,121809,0
1,121809,0
3,121809,0
1,122109,0
2,122109,0
3,122109,0
2,122409,0
3,122409,0
0,122409,0
0,122709,0
1,122709,0
2,122709,0
1,123009,0
2,123009,0
3,123009,0
0,123159,0
1,123159,0
3,123159,0
2,123309,1,123459
0,123459,1,123609
1,123459,0
3,123609,1,123759
2,123759,0
0,123759,0
1,123909,1,124209
2,124059,1,124209
3,124059,0
0,124209,1,124359
3,124359,1,124509
2,124359,0
0,124509,1,124659
3,124659,1,124959
2,124659,0
0,124809,0
1,124809,0
2,124959,1,125109
0,124959,0
3,125109,0
1,125109,0
2,125259,0
3,125259,0
0,125259,1,125559
1,125409,1,125559
3,125559,0
2,125559,1,125709
1,125709,1,125859
0,125859,0
3,125859,1,126009
2,126009,1,126159
0,126159,1,126309
3,126159,0
1,126309,1,126609
3,126459,0
2,126459,1,126609
0,126609,0
1,126759,0
3,126759,0
2,126909,0
1,126959,0
0,127009,0
2,127059,1,127359
3,127059,0
1,127209,1,127359
0,127359,1,127509
3,127359,0
1,127509,1,127809
2,127659,1,127809
3,127659,0
0,127809,1,127959
1,127959,0
3,127959,0
2,128109,1,128259
0,128259,0
1,128259,1,128409
3,128409,1,128559
2,128559,1,128709
0,128559,0
0,128709,0
1,128709,0
3,128709,0
2,128859,0
1,128934,0
0,129009,0
2,129009,0
3,129159,0
1,129159,0
0,129159,0
2,129309,0
3,129309,0
1,129384,0
0,129459,0
2,129459,0
3,129459,0
1,129609,0
2,129609,0
0,129759,0
1,129796,0
3,129834,0
2,129871,0
0,129909,0
1,129909,0
3,129984,0
2,130059,0
1,130059,0
0,130059,1,130659
3,130209,0
3,130359,0
2,130359,0
2,130509,0
3,130659,1,131259
1,130659,0
2,130809,0
0,130959,0
1,130959,0
1,131109,0
0,131259,1,131859
2,131259,0
3,131409,0
2,131559,0
1,131559,0
2,131709,0
1,131859,0
3,131859,0
2,131934,0
0,132009,0
1,132084,0
3,132159,0
2,132159,0
0,132309,0
1,132459,0
2,132459,0
3,132459,1,133059
0,132609,0
1,132759,0
0,132759,1,132834
1,132909,0
0,133059,1,133659
2,133059,1,133134
1,133209,1,133284
2,133359,0
3,133359,1,133434
2,133509,0
3,133659,1,134259
1,133659,1,133734
0,133809,0
2,133959,0
0,133959,1,134034
1,134109,0
0,134259,0
2,134259,1,134334
1,134409,0
0,134559,0
2,134559,0
3,134559,0
1,134634,0
2,134709,0
3,134859,1,134909
2,134909,1,134959
1,134959,1,135009
0,135009,1,135059
2,135159,0
3,135159,0
1,135159,0
0,135309,0
1,135459,0
3,135459,0
3,135609,0
0,135759,0
2,135759,0
1,135909,0
2,136059,0
3,136059,0
0,136059,0
2,136209,0
0,136359,0
1,136359,0
3,136509,0
0,136659,0
2,136659,0
0,136809,0
1,136959,1,137109
2,137109,0
0,137259,0
1,137259,0
3,137259,0
2,137409,0
3,137484,0
0,137559,0
2,137559,0
1,137709,0
2,137784,0
0,137859,0
1,137859,0
3,137859,0
1,138009,0
2,138159,0
3,138159,0
0,138309,0
1,138459,0
2,138459,0
3,138459,0
0,138609,0
1,138609,0
3,138609,0
2,138759,0
0,138909,0
1,138909,0
2,138909,0
1,139059,0
0,139059,0
2,139134,0
3,139134,0
1,139209,0
0,139209,0
2,139284,0
0,139359,0
3,139359,0
0,139509,0
3,139509,0
2,139659,1,144462
0,139659,0
3,139659,0
1,139659,1,147218
0,140682,0
3,141155,0
0,141588,0
0,141824,0
0,143162,0
3,143281,0
3,143635,0
0,147218,0
3,147218,0
2,147679,0
3,147679,0
1,147910,0
2,147910,0
0,148141,0
1,148198,0
2,148256,0
3,148314,0
0,148371,0
1,148429,0
2,148487,0
3,148544,0
0,148602,0
1,148660,0
2,148718,0
3,148775,0
0,148833,0
1,148891,0
2,148948,0
3,149006,0
0,149064,0
1,149064,0
3,149525,0
1,149525,0
0,149756,0
2,149756,0
1,149987,0
3,149987,0
0,150448,0
3,150448,0
1,150679,0
2,150679,0
0,150910,0
3,150910,0
0,151371,0
1,151371,0
1,151602,0
2,151602,0
3,151833,0
2,151891,0
1,151948,0
0,152006,0
3,152064,0
2,152121,0
1,152179,0
0,152237,0
3,152294,0
2,152352,0
1,152410,0
0,152468,0
3,152525,0
2,152583,0
1,152641,0
0,152698,0
3,152756,0
2,152756,0
1,153218,0
2,153218,0
3,153448,0
0,153448,0
2,153679,0
1,153679,0
1,154141,1,154256
3,154141,1,154487
2,154141,1,154371
0,154602,1,154987
1,154679,1,154987
2,154756,1,154833
3,154833,1,154987
2,154910,1,154987
3,155141,1,155525
2,155218,1,155525
1,155294,1,155371
0,155371,1,155525
1,155448,1,155525
3,155679,1,155756
0,155679,1,155910
2,155756,1,155910
3,155833,1,155910
0,155987,1,156064
3,155987,1,156218
1,156064,1,156218
0,156141,1,156218
2,156218,1,156448
1,156448,0
0,156448,0
3,156448,0
2,156648,0
1,156748,0
3,156848,0
0,156848,0
2,157048,0
1,157148,0
0,157248,0
3,157248,0
1,157448,0
2,157548,0
3,157648,0
0,157648,0
1,157848,0
2,157948,0
3,158048,0
0,158048,0
0,158248,0
1,158348,0
2,158448,0
3,158448,0
0,158648,0
1,158748,0
2,158848,0
3,158848,0
3,159048,0
2,159148,0
0,159248,0
1,159248,0
3,159448,0
2,159548,0
1,159648,0
0,159648,1,160048
3,159848,0
2,159948,0
1,160048,0
3,160048,1,160248
0,160248,1,160648
1,160348,0
2,160448,0
3,160448,0
1,160648,1,160848
2,160748,0
0,160848,0
3,160848,0
2,161048,0
1,161148,0
0,161248,0
2,161248,0
3,161248,0
1,161448,0
0,161548,0
1,161648,0
3,161648,0
2,161848,0
1,161848,0
0,161948,0
3,161948,0
2,162148,0
1,162248,0
3,162348,0
2,162448,0
0,162548,0
1,162648,0
2,162648,0
0,162848,0
1,162848,0
3,162848,0
2,162948,0
0,163048,0
1,163048,0
3,163148,0
0,163248,0
2,163248,0
1,163348,0
2,163448,0
3,163448,0
0,163548,0
1,163648,0
3,163648,0
2,163748,0
0,163848,0
1,163848,0
3,163948,0
0,164048,0
2,164048,0
1,164148,0
2,164248,0
3,164248,0
1,164348,0
0,164448,0
3,164448,0
2,164548,0
0,164648,0
1,164648,0
3,164748,0
0,164848,0
2,164848,0
1,164948,0
2,165048,0
3,165048,0
0,165148,0
1,165248,0
3,165248,0
2,165348,0
0,165448,0
1,165448,0
3,165548,0
0,165648,0
2,165648,0
1,165748,0
2,165848,0
3,165848,0
1,165948,0
0,166048,0
3,166048,0
1,166148,0
2,166148,0
0,166248,0
3,166248,0
1,166348,0
2,166348,0
0,166448,0
3,166448,0
1,166548,0
2,166548,0
0,166648,0
3,166648,0
1,166748,0
3,166848,0
2,166848,0
0,166948,0
1,166948,0
2,167048,0
3,167048,0
0,167148,0
1,167148,0
2,167248,0
3,167248,0
0,167348,0
1,167348,0
2,167448,0
3,167448,0
0,167548,0
1,167548,0
3,167648,0
2,167698,0
1,167748,0
0,167798,0
3,167848,0
2,167898,0
0,167948,0
1,167998,0
3,168048,0
2,168098,0
1,168148,0
0,168198,0
2,168248,0
3,168298,0
1,168348,0
2,168398,0
0,168448,0
3,168448,0
1,168648,0
2,168648,0
0,168848,0
1,168848,0
2,168848,0
3,168848,0
0,169048,0
1,169048,0
2,169148,0
3,169148,0
1,169248,0
3,169248,0
0,169248,1,169548
2,169448,1,169548
0,169648,0
2,169648,0
3,169648,1,169948
1,169848,1,169948
0,170048,0
1,170048,0
2,170048,1,170348
3,170248,1,170348
1,170448,0
2,170448,0
3,170448,0
0,170448,0
1,170648,0
2,170748,0
0,170848,0
1,170848,0
3,170848,0
0,171048,0
1,171048,0
3,171048,0
0,171248,0
1,171248,1,171548
3,171248,0
2,171448,1,171548
3,171648,0
0,171648,1,171848
2,171648,0
1,171848,0
0,171948,0
3,171948,0
2,171948,0
0,172048,0
2,172048,0
3,172048,0
1,172248,0
2,172348,0
0,172448,0
1,172448,0
3,172448,1,172748
2,172648,1,172748
2,172848,0
0,172848,1,173148
3,172848,1,172948
1,173048,1,173148
1,173248,0
0,173248,1,173348
3,173248,1,173548
2,173448,1,173548
1,173648,1,173948
3,173648,1,173748
0,173648,0
2,173848,1,173948
0,174048,0
1,174048,0
2,174048,0
1,174248,0
3,174248,0
1,174348,0
3,174348,0
0,174448,0
2,174448,0
0,174548,0
2,174548,0
1,174648,0
2,174748,0
3,174748,0
0,174848,0
1,174848,0
2,175048,0
3,175048,0
1,175248,0
0,175248,0
3,175348,0
2,175448,0
1,175548,0
2,175648,0
1,175648,0
3,175648,1,175748
0,175648,1,175948
2,175848,1,175948
0,176048,0
2,176048,0
1,176048,1,176148
3,176048,1,176348
0,176248,1,176348
1,176448,0
3,176448,0
0,176448,0
2,176448,1,176548
1,176648,1,176748
0,176848,0
1,176848,0
2,176848,0
3,176848,1,176948
2,177048,1,177148
1,177248,0
2,177248,0
3,177248,0
0,177248,0
1,177448,1,177548
0,177648,0
1,177648,0
3,177648,0
2,177648,1,177748
3,177848,1,177948
0,178048,0
1,178048,0
2,178048,0
0,178148,0
1,178148,0
2,178148,0
1,178448,0
2,178448,0
3,178448,0
1,178548,0
2,178548,0
3,178548,0
0,178848,0
2,178848,0
1,178848,1,178948
3,178848,1,179148
2,179048,1,179148
1,179248,0
0,179248,1,179548
2,179248,0
3,179248,1,179348
0,179648,0
3,179648,0
1,179648,1,179748
2,179648,1,179948
3,179848,1,179948
2,180048,1,180148
3,180048,0
1,180048,0
0,180048,0
0,180248,1,180348
1,180348,1,180448
2,180448,0
3,180448,1,180748
2,180648,1,180748
0,180848,0
1,181048,0
0,181048,0
3,181248,1,181548
1,181348,0
2,181448,1,181548
1,181548,0
0,181648,0
2,181748,0
0,181848,0
1,181848,0
2,181948,0
0,182048,0
3,182048,0
1,182048,0
2,182248,0
1,182348,0
0,182348,0
2,182448,0
3,182448,0
0,182548,0
1,182648,0
3,182648,0
2,182748,0
0,182848,0
1,182848,0
3,182948,0
2,183048,0
0,183148,0
1,183148,0
3,183248,0
2,183248,0
0,183348,0
1,183448,0
2,183448,0
3,183548,0
0,183648,0
1,183648,0
0,183748,0
3,183848,0
0,183948,0
1,183948,0
2,184048,0
3,184048,0
2,184148,0
1,184248,0
3,184348,0
0,184448,0
2,184448,0
0,184548,0
1,184648,0
2,184748,0
0,184848,0
3,184848,0
1,184948,0
2,184998,0
3,185048,0
1,185148,0
0,185248,0
3,185248,0
2,185248,0
1,185448,0
2,185548,0
3,185548,0
1,185648,0
0,185648,0
3,185748,0
2,185848,0
0,185848,0
1,185948,0
3,186048,0
2,186048,0
0,186148,0
1,186248,0
3,186348,0
2,186348,0
0,186448,0
1,186448,0
3,186548,0
2,186648,0
1,186648,0
0,186748,0
1,186848,1,186948
2,186848,1,187048
3,186848,1,187148
0,186948,0
1,187048,0
2,187148,0
3,187248,0
0,187248,0
1,187348,0
3,187448,0
2,187448,0
0,187548,0
1,187648,0
3,187648,0
2,187748,0
3,187848,0
0,187848,0
1,187948,0
0,187948,0
2,188048,0
3,188048,0
2,188148,0
3,188148,0
0,188248,0
1,188248,0
2,188348,0
0,188448,0
1,188448,0
3,188448,0
3,188648,0
0,188848,1,189148
2,188848,1,188948
1,188848,1,189048
3,189048,1,189348
2,189148,1,189348
1,189248,1,189448
0,189248,1,189448
2,189448,1,189548
1,189548,1,189648
3,189648,1,189748
0,189648,1,189848
2,189648,1,189748
1,189748,1,189848
3,189848,1,189948
2,189948,1,190048
0,190048,1,190348
1,190048,1,190148
2,190248,1,190548
3,190448,1,190548
1,190448,1,190748
0,190448,1,190548
2,190648,1,190748
3,190748,1,190848
0,190848,1,191048
1,190848,1,191048
2,191048,0
2,191148,0
0,191248,0
1,191248,0
3,191248,0
1,191348,0
3,191448,1,191498
2,191498,1,191548
1,191548,1,191598
0,191598,1,191798
2,191648,0
3,191648,0
1,191748,1,191848
2,191798,1,191898
3,191848,1,191948
0,191948,1,192098
1,192048,1,192198
2,192048,1,192198
3,192148,1,192298
0,192248,1,192298
1,192298,1,192348
2,192348,1,192398
3,192398,1,192598
0,192448,0
1,192448,0
2,192548,1,192648
1,192598,1,192698
0,192648,1,192748
3,192748,1,192848
2,192848,1,192948
1,192848,1,192948
0,192948,1,193048
2,193048,0
3,193048,0
0,193148,0
1,193148,0
2,193248,0
3,193248,0
1,193248,0
2,193448,0
0,193648,0
1,193648,0
3,193648,0
1,193848,0
0,194048,0
2,194048,0
3,194048,0
1,194148,0
0,194148,0
2,194248,0
3,194248,0
2,194348,0
1,194348,0
0,194448,0
1,194448,0
3,194448,0
2,194648,0
0,194648,0
1,194848,1,195048
3,194848,1,195148
0,194848,1,195048
2,195048,1,195148
0,195148,1,195198
1,195198,1,195248
2,195248,1,195298
3,195348,1,195398
2,195398,1,195448
1,195448,1,195548
0,195448,1,195548
0,195648,1,195948
2,195648,1,195848
3,195648,1,195848
1,195848,1,195948
3,196048,1,196148
2,196098,1,196198
1,196148,1,196248
0,196198,1,196298
3,196248,0
2,196348,0
0,196448,1,196548
1,196498,1,196598
2,196548,1,196648
3,196598,1,196698
0,196648,0
1,196748,0
2,196848,1,196948
3,196848,1,197148
0,197048,1,197148
0,197248,0
3,197248,1,197548
1,197248,1,197348
2,197448,1,197548
1,197448,0
3,197648,1,197748
0,197648,1,197948
1,197848,1,197948
2,197848,0
3,198048,1,198448
0,198048,1,198398
2,198048,1,198298
1,198248,1,198348
2,198448,1,198498
1,198498,1,198548
0,198548,1,198598
3,198648,1,198698
2,198698,1,198748
1,198748,1,198798
2,198848,1,199148
0,198848,1,199248
3,198848,1,199098
1,199048,1,199198
3,199248,1,199348
2,199298,1,199398
1,199348,1,199448
0,199398,1,199498
3,199448,0
2,199548,0
0,199648,0
1,199648,0
3,199648,0
0,199848,0
3,199948,0
0,200048,0
1,200048,0
2,200048,0
3,200248,0
2,200348,0
0,200448,0
1,200448,0
2,200548,0
3,200548,0
1,200648,0
2,200698,0
1,200748,0
0,200848,0
3,200848,0
1,200948,0
2,200948,0
3,201048,0
0,201148,0
1,201248,1,201448
2,201248,1,201548
3,201248,1,201648
0,201448,1,201548
1,201548,1,201648
2,201648,1,201748
3,201748,1,201848
1,201848,0
2,201948,0
0,202048,0
1,202048,0
3,202048,0
0,202248,0
2,202248,0
1,202348,0
3,202348,0
2,202448,0
3,202448,0
0,202548,0
2,202648,0
0,202748,0
2,202848,0
0,202948,0
2,203048,0
0,203148,0
2,203248,0
3,203248,0
1,203348,0
3,203448,0
1,203548,0
3,203648,0
2,203648,0
0,203748,0
3,203848,0
2,203898,0
0,203948,0
1,203998,0
3,204048,0
2,204098,0
0,204148,0
1,204198,0
3,204248,0
2,204298,0
1,204348,0
2,204448,0
0,204448,0
3,204498,0
1,204548,0
0,204598,0
2,204648,0
3,204698,0
1,204748,0
0,204798,0
2,204848,0
3,204898,0
1,204948,0
0,204998,0
2,205048,0
3,205098,0
1,205148,0
0,205198,0
2,205248,0
3,205248,0
1,205298,0
0,205348,0
3,205398,0
2,205448,0
1,205498,0
0,205548,0
3,205598,0
2,205648,0
1,205648,0
0,205714,0
2,205781,0
3,205848,0
1,205914,0
2,205981,0
3,206048,0
0,206048,1,206248
1,206048,0
0,206448,1,206648
1,206448,1,206648
3,206648,0
2,206714,0
1,206781,0
3,206848,0
2,206848,0
0,206914,0
1,206981,0
3,207048,0
2,207048,0
0,207114,0
1,207114,0
2,207181,0
0,207248,0
1,207248,0
3,207248,0
2,207448,0
1,207448,0
3,207648,0
2,207648,0
0,207648,0
3,207748,0
1,207848,0
1,207948,0
0,208048,0
2,208048,0
3,208048,0
2,208148,0
2,208248,0
1,208348,0
0,208448,0
3,208448,0
0,208548,0
2,208648,0
2,208748,0
0,208848,0
1,208848,0
3,208848,0
1,208948,0
1,209048,0
3,209148,0
0,209248,0
2,209248,0
0,209348,0
3,209448,0
3,209548,0
0,209648,0
1,209648,0
2,209648,0
1,209748,0
1,209848,0
3,209948,0
0,210048,0
1,210048,0
2,210048,0
3,210248,0
0,210448,0
1,210448,0
2,210448,0
0,210648,0
1,210848,0
3,210848,0
2,210848,0
0,211048,0
1,211148,0
0,211248,0
2,211248,0
3,211248,0
1,211448,0
2,211514,0
1,211581,0
0,211648,0
3,211648,0
2,211748,0
0,211848,0
1,211948,0
2,212048,0
1,212114,0
0,212181,0
3,212248,0
2,212314,0
1,212381,0
2,212448,0
0,212448,0
3,212448,1,212548
1,212648,1,212748
2,212848,1,212948
0,213048,1,213148
3,213248,0
2,213298,0
0,213348,0
1,213398,0
3,213448,0
2,213498,0
1,213548,0
2,213598,0
0,213648,0
1,213648,0
3,213648,0
2,213848,0
0,214048,1,214148
1,214048,1,214148
3,214148,0
2,214248,0
0,214348,1,214448
1,214348,1,214448
2,214448,0
3,214548,0
1,214648,1,214748
2,214648,1,214748
0,214748,0
3,214848,0
1,214948,1,215048
2,214948,1,215048
3,215048,0
0,215148,0
2,215248,1,215348
3,215248,1,215348
0,215348,0
1,215448,0
3,215548,1,215648
2,215548,1,215648
0,215648,0
1,215648,0
2,215748,0
0,215848,1,215948
3,215848,1,215948
2,215948,0
1,216048,0
0,216148,1,216248
3,216148,1,216248
1,216248,0
2,216348,0
0,216448,1,216548
1,216448,1,216548
3,216548,0
2,216648,0
0,216748,1,216848
1,216748,1,216848
2,216848,0
3,216948,0
1,217048,1,217148
2,217048,1,217148
0,217148,0
2,217248,0
3,217248,0
0,217348,0
1,217348,0
0,217448,0
1,217448,0
2,217548,0
3,217548,0
0,217648,0
1,217648,0
2,217748,0
3,217748,0
0,217848,0
1,217848,0
2,217948,0
3,217948,0
2,218048,0
3,218048,0
0,218148,0
1,218148,0
2,218248,0
3,218248,0
0,218348,0
1,218348,0
2,218448,0
3,218448,0
1,218548,0
0,218548,0
0,218648,0
1,218648,0
2,218748,0
3,218748,0
0,218848,0
3,218848,0
0,218981,0
1,218981,0
2,219114,0
1,219114,0
2,219248,0
3,219248,0
0,219381,0
1,219381,0
1,219514,0
2,219514,0
3,219648,0
2,219648,0
0,219714,0
1,219714,0
3,219781,0
2,219781,0
1,219848,0
0,219848,0
3,219914,0
2,219914,0
1,219981,0
0,219981,0
3,220048,0
2,220048,0
3,220448,1,220548
0,220448,1,220548
1,220448,1,220548
2,220648,0
0,220748,1,220848
1,220748,1,220848
3,220748,1,220848
2,220948,0
1,220948,0
3,221048,1,221148
2,221048,1,221148
0,221048,1,221148
1,221248,0
0,221348,1,221448
3,221348,1,221448
2,221348,1,221448
1,221548,0
2,221548,0
3,221648,1,221748
0,221648,1,221748
1,221648,1,221748
2,221848,0
3,221848,0
1,221948,1,222048
3,221948,1,222048
0,221948,1,222048
1,222148,0
3,222248,1,222348
0,222248,1,222348
2,222248,1,222348
1,222448,0
0,222448,0
3,222548,1,222648
0,222548,1,222648
2,222548,1,222648
2,222748,0
1,222848,1,222948
0,222848,1,222948
3,222848,1,222948
1,223048,0
2,223048,0
1,223148,1,223248
0,223148,1,223248
3,223148,1,223248
2,223348,0
3,223348,0
3,223448,0
0,223448,0
1,223448,0
2,223548,0
1,223548,0
0,223648,0
3,223748,0
1,223848,1,223948
0,223848,1,223948
2,223848,1,223948
2,224048,0
3,224048,0
0,224148,1,224248
2,224148,1,224248
1,224148,1,224248
0,224348,0
2,224448,1,224548
1,224448,1,224548
3,224448,1,224548
0,224548,0
3,224748,1,224848
1,224748,1,224848
2,224748,1,224848
3,224948,0
0,224948,0
0,225048,1,225148
2,225048,1,225148
1,225048,1,225148
3,225148,0
1,225348,1,225448
0,225348,1,225448
2,225348,1,225448
3,225448,0
1,225648,1,225748
2,225648,1,225748
3,225648,1,225748
0,225848,0
1,225848,0
1,225948,1,226048
2,225948,1,226048
3,225948,1,226048
1,226248,1,226348
2,226248,1,226348
0,226248,1,226348
3,226348,0
0,226448,0
2,226448,0
1,226548,0
2,226648,0
3,226648,0
1,226748,0
0,226748,0
0,226848,1,227073
2,226848,1,227073
3,226848,1,227073
0,227148,1,227335
1,227148,1,227335
3,227148,1,227335
3,227448,1,227598
2,227448,1,227598
1,227448,1,227598
0,227748,1,227860
1,227748,1,227860
2,227748,1,227860
0,228048,1,228123
2,228048,1,228123
3,228048,1,228123
0,228348,1,228385
1,228348,1,228385
3,228348,1,228385
1,228648,0
2,228648,0
3,228648,0
3,228948,0
2,228948,0
1,229098,0
3,229248,0
0,229398,0
3,229548,0
0,229698,0
2,229848,1,230448
1,229998,0
0,230148,0
1,230298,0
0,230448,0
1,230448,0
3,230448,0
3,230598,0
2,230748,0
0,230898,0
3,231048,0
1,231348,1,231573
2,231648,0
3,231648,0
0,231648,0
1,231648,0
0,231948,0
1,231948,0
2,231948,0
3,231948,0
0,232248,0
1,232248,0
2,232248,0
3,232248,0
0,232548,0
1,232548,0
3,232548,0
2,232548,0
0,232698,0
1,232698,0
2,232698,0
3,232698,0
0,232848,0
1,232848,0
2,232848,0
3,232848,0
0,233148,0
1,233148,0
2,233148,0
3,233148,0
0,233448,0
1,233448,0
2,233448,0
3,233448,0
0,233598,0
1,233598,0
3,233598,0
2,233598,0
0,233748,0
1,233748,0
2,233748,0
3,233748,0
0,233898,0
3,233898,0
1,233973,0
2,233973,0
0,234048,0
3,234048,0
0,234333,0
1,234333,0
2,234333,0
3,234333,0
0,234619,0
1,234619,0
2,234619,0
3,234619,0
0,234762,0
1,234762,0
2,234762,0
3,234762,0
0,234905,0
2,234905,0
3,234905,0
1,234905,0
1,235048,0
0,235048,0
2,235119,0
3,235190,0
1,235190,0
0,235190,0
0,235462,0
1,235462,0
2,235462,0
0,235599,0
1,235599,0
3,235599,0
2,235735,0
3,235735,0
0,235803,0
1,235803,0
2,235871,0
3,235871,0
1,235940,0
0,236008,1,236144
2,236008,1,236144
3,236008,1,236144
0,236280,0
1,236280,0
2,236280,0
3,236280,0
0,236552,0
1,236552,0
2,236552,0
3,236552,0
0,236825,0
1,236825,0
2,236825,0
3,236825,0
0,237098,0
1,237098,0
2,237098,0
3,237098,0
3,237234,0
2,237234,0
1,237302,0
3,237370,0
2,237370,0
0,237370,0
0,237643,0
1,237643,0
2,237643,0
3,237643,0
0,237780,0
1,237780,0
2,237780,0
3,237780,0
0,238052,0
1,238052,0
2,238052,0
3,238052,0
0,238189,0
1,238189,0
2,238189,0
3,238189,0
1,238461,0
2,238461,0
3,238461,0
0,238598,0
2,238598,0
3,238598,0
0,238734,0
1,238734,0
3,238734,0
0,238870,0
1,238870,0
2,238870,0
3,239007,0
2,239007,0
2,239098,0
1,239098,0
1,239189,0
0,239189,0
3,239280,0
2,239280,0
1,239370,0
2,239370,0
0,239461,0
1,239461,0
0,239552,0
2,239552,0
3,239552,0
3,239689,0
1,239825,0
3,239961,0
1,240098,0
0,240098,0
2,240098,0
0,240234,0
1,240234,0
2,240234,0
3,240370,0
3,240643,0
2,240643,0
0,240643,1,240780
1,240780,0
2,240916,0
1,241052,1,241189
0,241052,0
3,241189,0
0,241325,0
2,241461,1,241598
1,241461,0
3,241598,0
0,241734,0
3,241870,1,242007
1,241870,0
2,242007,0
1,242143,0
0,242280,1,242416
3,242280,0
2,242416,0
0,242552,1,242689
1,242552,0
2,242689,0
3,242825,1,242961
1,242825,0
0,242961,0
3,243098,0
2,243234,1,243370
0,243234,0
1,243370,0
3,243507,0
1,243643,1,243780
2,243643,0
0,243780,0
3,243916,0
2,244052,0
0,244052,1,244189
1,244189,0
3,244325,0
1,244461,1,244598
0,244461,0
2,244598,0
1,244734,1,244870
3,244734,0
0,244870,0
3,245007,1,245143
1,245007,0
2,245143,0
1,245280,0
2,245416,1,245552
3,245416,0
0,245552,0
3,245689,0
1,245825,1,245961
2,245825,0
0,245961,0
3,246098,0
0,246234,1,246370
2,246234,0
1,246370,0
2,246507,0
3,246643,1,246780
0,246643,0
1,246780,0
3,246916,1,247052
2,246916,0
0,247052,0
1,247189,1,247325
3,247189,0
2,247325,0
0,247461,0
2,247598,1,247734
3,247598,0
1,247734,0
0,247870,0
3,248007,1,248143
1,248007,0
2,248143,0
1,248280,0
0,248280,0
3,248348,0
2,248416,0
0,248552,0
3,248552,0
1,248689,0
2,248757,0
3,248825,0
0,248893,0
1,248961,0
2,248961,0
0,249098,0
1,249098,0
3,249098,0
0,249370,0
2,249370,0
3,249370,0
1,249507,0
2,249507,0
1,249643,0
2,249643,0
0,249780,0
1,249916,0
3,249916,0
2,250052,0
0,250189,0
1,250189,0
1,250325,0
3,250325,0
0,250393,0
2,250393,0
1,250461,0
3,250461,0
2,250598,0
0,250734,0
3,250734,0
1,250870,0
0,251007,0
2,251007,0
0,251143,0
2,251143,0
1,251280,0
3,251280,0
1,251416,0
3,251416,0
0,251552,0
3,251552,0
2,251552,0
1,251689,0
0,251825,0
3,251825,0
2,251961,0
1,252098,0
0,252098,0
2,252234,0
1,252370,0
3,252370,0
2,252507,0
0,252507,0
3,252575,0
1,252575,0
2,252643,0
0,252643,0
1,252780,0
3,252916,0
2,252916,0
0,253052,0
1,253189,0
3,253189,0
1,253325,0
3,253325,0
1,253461,0
0,253461,0
3,253530,0
2,253530,0
1,253598,0
0,253598,0
3,253734,0
2,253734,0
0,253734,0
3,253870,0
1,253870,0
1,254007,0
0,254007,0
2,254143,0
3,254143,0
3,254280,0
1,254280,0
3,254416,0
1,254416,0
2,254552,0
0,254552,0
2,254689,0
0,254689,0
1,254825,0
0,254825,0
3,254825,0
2,254961,0
3,254961,0
0,255098,0
2,255098,0
1,255234,0
3,255234,0
0,255370,0
3,255370,0
1,255507,0
2,255507,0
0,255643,0
3,255643,0
1,255780,0
2,255780,0
1,255916,0
0,255916,0
3,255916,0
2,255984,0
1,256052,0
0,256120,0
2,256189,0
3,256189,0
1,256257,0
2,256325,0
3,256393,0
1,256461,0
0,256461,0
2,256530,0
0,256598,0
3,256598,0
1,256666,0
3,256734,0
2,256734,0
1,256802,0
0,256870,0
3,256870,0
2,256939,0
0,257007,0
3,257007,0
1,257007,0
2,257143,0
0,257280,0
1,257416,0
3,257552,0
0,257825,1,257961
1,257825,1,257961
2,257825,1,257961
0,258098,0
2,258098,0
3,258098,1,258370
1,258234,0
1,258370,0
2,258370,0
0,258370,1,258643
3,258507,0
1,258643,0
3,258643,0
2,258643,1,258916
0,258780,0
0,258916,0
3,258916,0
1,258916,1,259189
2,259052,0
0,259189,0
2,259189,0
3,259189,1,259461
1,259325,0
0,259461,1,259598
1,259461,0
2,259461,0
2,259598,1,259734
0,259734,0
1,259734,0
3,259734,0
0,259870,0
1,259870,0
3,259870,0
0,260007,0
2,260007,0
3,260007,0
1,260143,0
0,260280,1,260552
1,260280,0
2,260280,0
3,260416,0
2,260552,0
3,260552,1,260689
1,260552,0
1,260689,1,260825
2,260825,1,260961
0,260825,0
3,260825,0
0,260961,1,261098
1,261098,0
2,261098,0
3,261098,0
1,261234,0
2,261234,0
3,261234,0
0,261370,0
1,261370,0
2,261370,0
3,261507,0
0,261643,0
2,261643,0
3,261643,0
0,261780,0
2,261780,0
3,261780,0
0,261916,0
1,261916,0
2,261916,0
0,262052,0
1,262052,0
2,262052,0
1,262189,0
3,262189,0
0,262189,0
2,262189,0
3,262461,0
1,262461,0
0,262461,1,262734
2,262598,0
2,262734,0
1,262734,0
3,262734,1,263007
0,262870,0
2,263007,0
0,263007,0
1,263007,1,263280
3,263143,0
3,263280,0
0,263280,0
2,263280,1,263552
1,263416,0
3,263552,0
1,263552,0
0,263552,1,263825
2,263689,0
3,263825,1,263961
2,263825,0
1,263825,0
1,263961,1,264098
2,264098,0
0,264098,0
3,264098,1,264370
1,264234,0
2,264370,0
1,264370,0
0,264370,0
0,264507,0
1,264507,0
2,264507,0
3,264643,1,264916
2,264643,0
0,264643,0
1,264780,0
1,264916,0
0,264916,1,265052
2,264916,0
2,265052,1,265189
1,265189,1,265325
3,265189,0
0,265189,0
3,265325,1,265461
2,265461,0
1,265461,0
0,265461,1,265734
3,265598,0
3,265734,0
2,265734,0
1,265734,0
0,266007,0
1,266143,0
3,266280,0
2,266416,0
0,266484,0
1,266552,0
3,266689,0
1,266825,0
0,266825,0
1,266961,0
0,266961,0
3,267098,0
2,267098,0
0,267098,0
1,267234,0
0,267370,0
1,267370,0
3,267370,0
2,267507,0
1,267575,0
2,267643,0
3,267643,0
0,267643,0
3,267780,0
0,267916,0
2,267916,0
1,267916,0
2,268052,0
0,268052,0
1,268189,0
2,268189,0
3,268189,0
0,268325,0
1,268325,0
0,268461,0
3,268461,0
2,268461,0
0,268598,0
2,268598,0
3,268598,0
0,268734,0
1,268734,0
3,268734,0
2,268734,0
1,269007,0
3,269007,0
0,269007,0
1,269143,0
3,269143,0
0,269280,0
2,269280,0
1,269280,0
2,269416,0
3,269416,0
1,269552,0
0,269552,0
3,269552,0
2,269689,0
1,269757,0
2,269825,0
3,269825,0
0,269825,0
1,269961,0
1,270098,0
2,270098,0
3,270098,0
1,270234,0
2,270234,0
3,270234,0
0,270370,0
2,270370,0
3,270370,0
0,270507,0
3,270643,0
1,270643,0
2,270643,0
0,270780,0
1,270848,0
2,270916,0
3,270916,0
0,270984,0
1,270984,0
2,271052,0
3,271052,0
1,271120,0
0,271189,0
2,271189,0
3,271189,0
0,271325,0
2,271325,0
3,271325,0
0,271461,0
1,271461,0
3,271461,0
2,271598,0
3,271734,0
1,271734,0
2,271734,0
0,271870,0
2,272007,0
3,272007,0
0,272143,0
1,272143,0
2,272211,0
0,272280,0
1,272280,0
3,272280,0
0,272416,0
1,272416,0
3,272416,0
0,272552,0
2,272552,0
3,272552,0
1,272689,0
0,272825,0
3,272825,0
1,272825,0
2,272961,0
2,273098,0
1,273098,0
3,273098,0
0,273234,0
0,273370,0
1,273370,0
2,273370,0
3,273507,0
2,273552,0
1,273598,0
0,273643,0
2,273780,0
0,273916,0
1,273916,0
3,273916,0
2,273984,0
0,274052,0
1,274120,0
2,274189,0
3,274189,0
0,274257,0
1,274325,0
2,274393,0
1,274461,0
3,274461,0
0,274461,1,275567
2,274734,0
1,274870,0
3,275007,0
2,275280,0
1,275567,0
3,275839,0
0,276112,0
3,276385,0
2,276657,0
2,276794,0
0,276930,0
1,277067,0
3,277339,0
2,277476,0
1,277612,0
0,277748,1,277817
2,277885,1,277953
1,278021,1,278089
3,278157,1,278226
2,278294,1,278362
1,278567,1,278635
0,278825,0
2,278825,0
3,278825,0
1,278961,0
3,278961,0
0,279097,0
1,279097,0
2,279234,0
3,279234,0
0,279370,0
2,279370,0
0,279506,0
3,279506,0
1,279575,0
2,279575,0
0,279643,0
3,279643,0
1,279779,0
2,279779,0
2,279915,0
3,279915,0
0,279984,0
1,279984,0
2,280052,0
3,280052,0
0,280120,0
1,280120,0
2,280188,0
3,280188,0
0,280325,0
1,280325,0
2,280393,0
3,280393,0
0,280461,0
1,280461,0
3,280529,0
2,280529,0
1,280597,0
0,280597,0
0,280734,0
1,280734,0
2,280734,0
3,280734,0
0,281005,0
3,281005,0
1,281071,0
2,281071,0
0,281138,0
3,281138,0
1,281205,0
2,281205,0
0,281271,0
3,281271,0
1,281405,0
2,281405,0
0,281471,0
3,281471,0
2,281538,0
1,281538,0
0,281605,0
3,281605,0
1,281671,0
2,281671,0
0,281805,0
1,281805,0
2,281805,0
3,281805,0
1,282071,0
3,282071,0
0,282136,0
2,282136,0
1,282201,0
3,282201,0
0,282266,0
2,282266,0
1,282331,0
3,282331,0
0,282462,0
2,282462,0
1,282527,0
3,282527,0
0,282592,0
2,282592,0
1,282657,0
3,282657,0
0,282723,0
2,282723,0
0,282853,0
1,282853,0
2,282853,0
3,282853,0
2,283114,0
3,283114,0
1,283114,0
0,283241,0
3,283241,0
2,283305,0
1,283305,0
0,283369,0
3,283369,0
0,283496,0
2,283496,0
1,283496,0
3,283752,0
2,283752,0
1,283752,0
0,283879,0
1,283911,0
3,283943,0
2,283975,0
1,284007,0
0,284007,0
2,284071,0
3,284071,0
1,284135,0
0,284135,0
3,284198,0
2,284198,0
1,284262,0
0,284262,0
3,284326,0
2,284326,0
1,284390,0
0,284390,0
3,284517,0
2,284517,0
1,284581,0
0,284581,0
3,284645,0
2,284645,0
1,284709,0
0,284709,0
3,284773,0
2,284773,0
1,284837,0
0,284837,0
3,284900,0
2,284900,0
1,285028,0
0,285028,0
2,285092,0
3,285092,0
0,285156,0
1,285188,0
3,285220,0
2,285252,0
1,285283,0
0,285283,0
3,285347,0
2,285347,0
0,285411,0
1,285443,0
3,285475,0
2,285507,0
0,285539,0
1,285539,0
2,285603,0
3,285603,0
1,285666,0
0,285666,0
2,285794,0
3,285794,0
0,285858,0
1,285858,0
2,285922,0
3,285922,0
0,285986,0
1,285986,0
2,286049,0
3,286049,0
0,286113,0
1,286113,0
3,286177,0
2,286208,0
0,286239,0
1,286270,0
3,286302,0
2,286302,0
1,286364,0
0,286364,0
3,286427,0
2,286427,0
1,286489,0
0,286489,0
3,286552,0
2,286552,0
1,286614,0
0,286614,0
3,286677,1,286739
2,286708,1,286770
1,286739,1,286802
0,286770,1,286833
3,286802,1,286864
2,286833,1,286895
1,286864,1,286927
0,286895,1,286958
3,286927,1,286989
2,286958,1,287020
1,286989,1,287052
0,287020,1,287083
3,287052,0
2,287083,0
1,287114,0
0,287145,0
3,287177,0
2,287177,0
0,287417,0
1,287537,0
2,287657,0
0,287777,0
1,287897,0
3,288017,0
0,288137,0
1,288137,0
2,288137,0
0,288259,0
3,288381,0
2,288504,0
1,288626,0
0,288749,0
3,288871,0
2,288994,0
1,289116,0
1,289239,0
0,289361,0
3,289483,0
2,289606,0
1,289728,0
0,289851,0
3,289973,0
2,290096,0
2,290218,0
1,290341,0
0,290463,0
3,290585,0
2,290708,0
1,290830,0
0,290953,0
3,291075,0
3,291198,0
1,291198,0
2,291198,0
0,291320,0
3,291443,0
2,291443,0
1,291504,0
0,291565,0
3,291565,0
2,291565,0
1,291688,0
0,291810,0
2,291810,0
3,291810,0
2,291932,0
0,292055,0
1,292055,0
3,292055,0
1,292177,0
0,292300,0
2,292300,0
3,292422,0
1,292483,0
3,292545,0
1,292606,0
2,292667,0
3,292667,0
0,292790,0
2,292851,0
0,292912,0
2,292973,0
0,293034,0
1,293034,0
3,293157,0
0,293279,0
2,293279,0
1,293402,0
2,293463,0
1,293524,0
2,293585,0
0,293647,0
3,293647,0
2,293769,0
1,293830,0
3,293892,0
0,293892,0
0,294014,0
2,294014,0
1,294137,0
2,294259,0
3,294259,0
0,294381,0
2,294443,0
0,294504,0
2,294565,0
1,294626,0
3,294626,0
2,294749,0
0,294810,0
2,294871,0
0,294932,0
2,294994,0
3,294994,0
1,295116,0
0,295239,0
3,295239,0
2,295361,0
1,295422,0
0,295483,0
3,295483,0
2,295606,0
0,295606,0
1,295606,0
3,295728,0
2,295728,0
0,295851,0
1,295851,0
1,295973,0
0,295973,0
2,295973,0
3,295973,0
0,296218,0
2,296218,0
3,296218,0
0,296341,0
2,296341,0
1,296341,0
3,296341,0
1,296585,0
2,296585,0
3,296585,0
0,296708,0
1,296708,0
2,296708,0
3,296708,0
0,296953,0
1,296953,0
3,296953,0
0,297075,0
1,297075,0
2,297075,0
3,297075,0
0,297320,0
1,297320,0
2,297320,0
3,297443,0
2,297443,0
1,297443,0
0,297443,0
0,297688,0
2,297688,0
3,297688,0
2,297932,0
3,297932,0
1,297932,0
0,297932,0
3,298177,0
1,298177,0
0,298177,0
3,298300,0
1,298300,0
2,298300,0
0,298300,0
2,298545,0
1,298545,0
0,298545,0
3,298667,0
2,298667,0
1,298667,0
0,298667,0
3,298912,0
2,298912,0
0,298912,0
3,299034,0
2,299034,0
1,299034,0
0,299034,0
3,299279,0
2,299279,0
1,299279,0
0,299402,0
1,299402,0
2,299402,0
3,299402,0
3,299647,0
0,299647,0
0,299892,0
1,299892,0
2,299892,0
3,300014,0
0,300137,0
2,300137,0
3,300137,0
1,300259,0
2,300381,0
3,300381,0
0,300504,0
1,300626,0
2,300626,0
3,300626,0
0,300749,0
3,300871,0
2,300871,0
1,300994,0
0,300994,0
3,301116,0
2,301116,0
1,301239,0
0,301239,0
3,301361,0
1,301361,0
2,301483,0
0,301483,0
1,301606,0
3,301606,0
2,301728,0
0,301728,0
2,301851,0
3,301851,0
0,301912,0
1,301912,0
3,301973,0
2,301973,0
0,302034,0
1,302034,0
3,302096,0
2,302096,0
1,302157,0
0,302157,0
3,302218,0
2,302218,0
1,302279,0
0,302279,0
3,302341,0
2,302341,0
1,302402,0
0,302402,0
3,302463,0
2,302463,0
0,302524,0
1,302524,0
2,302585,0
3,302585,0
0,302647,0
1,302647,0
2,302708,0
3,302708,0
1,302769,0
0,302769,0
2,302830,1,303075
0,303075,1,303320
1,303565,0
1,303688,0
3,303810,0
2,303810,0
0,303810,0
0,304055,0
2,304055,0
1,304177,0
2,304300,0
3,304300,0
0,304545,0
1,304545,0
0,304667,0
3,304790,0
2,304790,0
1,305034,0
3,305034,0
2,305157,0
0,305279,0
1,305279,0
2,305524,0
3,305524,0
0,305647,0
3,305769,0
1,305769,0
3,305892,0
1,305892,0
2,306014,0
0,306014,0
2,306136,0
0,306136,0
2,306259,0
3,306259,0
0,306320,0
1,306320,0
2,306381,0
3,306381,0
0,306443,0
1,306443,0
3,306504,0
2,306534,0
0,306565,0
1,306596,0
3,306626,0
2,306657,0
0,306688,0
1,306718,0
3,306749,0
2,306749,0
1,306994,0
2,306994,0
3,306994,0
3,307239,0
1,307239,0
0,307239,0
2,307300,0
1,307361,0
2,307422,0
3,307483,0
1,307483,0
0,307483,0
2,307728,0
3,307728,0
0,307728,0
2,307851,0
0,307973,0
3,307973,0
1,307973,0
0,308096,0
2,308218,0
3,308218,0
1,308218,0
3,308341,0
0,308463,0
1,308463,0
2,308463,0
2,308585,0
3,308585,0
0,308647,0
1,308647,0
2,308708,0
3,308708,0
2,308830,0
3,308830,0
0,308953,0
1,308953,0
3,308953,0
1,309075,0
0,309198,0
2,309198,0
3,309198,0
0,309320,0
1,309320,0
2,309381,0
3,309381,0
0,309443,0
1,309443,0
3,309565,0
2,309596,0
0,309626,0
1,309657,0
2,309688,0
3,309688,0
1,309810,0
0,309932,0
2,309932,0
3,309932,0
3,310055,0
0,310177,0
1,310177,0
2,310177,0
0,310300,0
1,310422,0
2,310422,0
3,310422,0
0,310545,0
3,310545,0
1,310606,0
2,310606,0
0,310667,0
3,310667,0
0,310790,0
3,310790,0
0,310912,0
1,310912,0
2,310912,0
3,311034,0
0,311157,0
2,311157,0
3,311157,0
1,311279,0
2,311402,0
3,311402,0
0,311463,0
1,311463,0
2,311524,0
3,311524,0
0,311585,0
1,311585,0
2,311647,1,311892
0,311892,0
1,311892,0
3,311892,0
0,312014,0
1,312014,0
0,312136,0
2,312136,0
3,312136,0
3,312259,0
0,312381,0
1,312381,0
2,312381,0
2,312504,0
3,312504,0
1,312565,0
0,312565,0
3,312626,0
2,312626,0
2,312749,0
3,312749,0
0,312871,0
1,312871,0
3,312871,0
2,312994,0
0,313116,0
1,313116,0
2,313177,0
3,313177,0
0,313239,0
1,313239,0
2,313300,0
0,313361,0
1,313361,0
3,313361,0
0,313606,0
2,313606,0
3,313606,0
0,313769,0
2,313769,0
3,313932,0
1,313932,0
2,313932,0
3,314096,0
1,314096,0
1,314259,0
0,314259,0
2,314259,0
0,314422,0
2,314422,0
1,314585,0
3,314585,0
0,314830,0
3,314830,0
1,314953,0
2,314953,0
2,315075,0
0,315075,0
3,315198,0
1,315198,0
2,315320,0
3,315320,0
0,315320,0
2,315443,0
1,315565,0
3,315565,0
0,315565,0
2,315810,0
1,315932,0
0,316177,0
2,316300,0
3,316545,0
0,316667,0
2,316790,0
2,316912,0
1,317157,0
0,317279,0
3,317279,0
2,317402,0
1,317402,0
0,317524,0
2,317524,0
3,317524,0
3,317647,0
0,317769,0
1,317769,0
2,317769,0
0,317892,0
1,317892,0
3,318014,0
0,318014,0
2,318136,0
3,318136,0
1,318259,0
2,318259,0
3,318259,0
0,318381,0
0,318504,0
1,318504,0
3,318504,0
3,318626,0
1,318749,0
2,318749,0
0,318749,0
0,318871,0
2,318871,0
1,318871,0
2,319116,0
3,319116,0
0,319177,0
1,319177,0
2,319239,0
3,319239,0
2,319361,0
3,319361,0
0,319483,0
1,319483,0
3,319483,0
0,319606,0
1,319606,0
2,319728,0
0,319728,0
1,319728,0
3,319851,0
1,319973,0
2,319973,0
0,320096,0
0,320218,0
3,320218,0
2,320218,0
1,320341,0
2,320341,0
0,320463,0
1,320463,0
3,320463,0
0,320585,0
1,320585,0
2,320708,0
3,320708,0
0,320708,0
2,320830,0
3,320830,0
0,320953,0
1,320953,0
2,320953,0
0,321075,0
1,321075,0
1,321198,0
2,321198,0
3,321198,0
2,321320,0
3,321320,0
0,321443,0
1,321443,0
3,321443,0
2,321565,0
0,321688,0
1,321688,0
2,321810,0
3,321810,0
0,321810,0
1,321932,0
2,322055,0
3,322055,0
0,322177,0
1,322177,0
2,322239,0
3,322239,0
0,322300,0
1,322300,0
2,322361,0
3,322361,0
1,322422,1,322545
1,322667,1,322790
1,322912,1,323034
0,323157,0
2,323157,0
3,323157,0
0,323402,0
1,323402,0
3,323402,0
2,323524,0
0,323585,0
1,323647,0
2,323647,0
3,323647,0
3,323769,0
0,323892,0
1,323892,0
2,323892,0
1,324014,0
2,324136,0
3,324136,0
0,324136,0
2,324259,0
3,324259,0
0,324259,0
0,324381,0
1,324381,0
3,324381,0
1,324504,0
3,324565,0
2,324626,0
1,324626,0
0,324626,0
0,324749,0
3,324871,0
2,324871,0
1,324871,0
3,324994,0
2,325055,0
1,325116,0
0,325116,0
2,325177,0
3,325177,0
1,325239,0
0,325239,0
0,325361,0
2,325361,0
3,325361,0
1,325483,0
3,325545,0
0,325606,0
1,325606,0
2,325606,0
0,325728,0
1,325851,0
2,325851,0
3,325851,0
3,325973,0
1,326034,0
3,326096,0
0,326096,0
2,326096,0
2,326218,0
0,326341,0
1,326341,0
3,326341,0
1,326524,0
2,326524,0
0,326524,0
0,326708,0
2,326708,0
3,326708,0
0,326830,0
1,326830,0
2,326892,0
3,326892,0
0,326953,0
1,326953,0
2,327075,0
3,327075,0
0,327136,0
1,327136,0
2,327198,0
3,327198,0
1,327259,0
0,327320,0
2,327320,0
3,327320,0
1,327443,0
2,327504,0
3,327504,0
0,327565,0
1,327688,0
2,327688,0
3,327688,0
0,327810,0
2,327871,0
1,327871,0
3,327932,0
0,328055,0
1,328055,0
2,328055,0
3,328177,0
0,328239,0
1,328239,0
2,328300,0
3,328422,0
1,328422,0
0,328422,0
2,328545,0
3,328606,0
0,328606,0
1,328667,0
3,328790,1,328851
2,328790,1,328851
1,328912,1,328973
0,328912,1,328973
0,329034,0
1,329034,0
3,329034,0
2,329034,0
3,329279,0
1,329279,0
0,329279,0
2,329402,0
1,329463,0
0,329463,0
3,329524,0
2,329647,0
1,329647,0
0,329647,0
3,329769,0
1,329830,0
2,329830,0
0,329892,0
3,330014,0
2,330014,0
1,330014,0
0,330136,0
3,330198,0
2,330198,0
1,330259,0
0,330381,0
2,330381,0
3,330381,0
1,330504,0
0,330565,0
3,330565,0
2,330626,0
0,330749,0
1,330749,0
3,330749,0
2,330810,0
1,330871,0
2,330932,0
0,330994,0
3,331055,0
0,331116,0
3,331177,0
0,331239,0
1,331239,0
2,331300,0
3,331300,0
0,331361,0
1,331361,0
3,331483,0
2,331483,0
1,331606,0
0,331606,0
3,331667,0
2,331667,0
1,331728,0
0,331728,0
3,331851,0
2,331851,0
0,331973,0
1,331973,0
2,331973,0
3,331973,0
3,332218,0
2,332218,0
1,332279,0
0,332279,0
3,332341,0
2,332341,0
0,332463,0
1,332463,0
2,332585,0
3,332585,0
0,332647,0
1,332647,0
2,332708,0
3,332708,0
0,332830,0
1,332830,0
3,332953,0
2,332953,0
1,332953,0
0,332953,0
0,333198,0
2,333198,0
3,333198,0
1,333320,0
2,333381,0
3,333443,0
1,333504,0
3,333565,0
1,333626,0
2,333688,0
0,333749,0
2,333810,0
0,333871,0
2,333932,0
3,333932,0
0,333994,0
1,334055,0
2,334116,0
0,334177,0
1,334177,0
3,334177,0
1,334300,0
0,334300,0
3,334422,0
1,334422,0
2,334422,0
2,334545,0
3,334545,0
0,334667,0
1,334667,0
2,334667,0
0,334790,0
1,334790,0
2,334851,0
3,334912,0
0,334912,0
1,334912,0
0,335157,0
3,335157,0
2,335157,0
0,335279,0
1,335279,0
0,335402,0
1,335402,0
2,335524,0
3,335524,0
1,335647,0
0,335647,0
2,335647,0
3,335769,0
0,335892,0
1,335892,0
2,335892,0
0,336014,0
1,336014,0
2,336075,0
3,336075,0
0,336136,0
1,336136,0
3,336259,0
2,336259,0
3,336381,0
2,336381,0
1,336504,0
0,336504,0
2,336565,0
3,336565,0
1,336626,0
0,336626,0
2,336749,0
1,336749,0
3,336871,0
2,336871,0
0,336932,0
1,336932,0
3,336994,0
2,337024,0
0,337055,0
1,337085,0
2,337116,0
3,337116,0
0,337239,0
1,337239,0
0,337361,0
1,337361,0
2,337483,0
3,337483,0
1,337545,0
0,337545,0
2,337606,0
3,337606,0
1,337728,0
0,337728,0
2,337790,0
3,337790,0
0,337851,0
1,337881,0
3,337912,0
2,337943,0
0,337973,0
1,338004,0
3,338034,0
2,338065,0
0,338096,0
1,338096,0
3,338218,0
2,338218,0
0,338218,0
1,338463,0
0,338463,0
3,338463,0
3,338708,0
2,338708,0
0,338708,0
1,338769,0
3,338830,0
2,338861,0
0,338892,0
1,338922,0
3,338953,0
2,338983,0
0,339014,0
1,339045,0
2,339075,0
3,339075,0
1,339198,0
0,339198,0
0,339320,0
1,339320,0
2,339443,0
3,339443,0
0,339504,0
1,339504,0
2,339565,0
3,339565,0
0,339688,0
1,339688,0
2,339810,0
3,339810,0
0,339810,0
3,339932,0
2,339932,0
1,339994,0
0,339994,0
3,340055,0
2,340055,0
1,340177,0
0,340177,0
3,340239,0
2,340239,0
1,340300,0
0,340300,0
0,340422,0
3,340422,0
1,340483,0
2,340483,0
0,340545,0
3,340545,0
0,340667,0
1,340667,0
2,340790,0
3,340790,0
0,340851,0
1,340851,0
3,340912,0
2,340943,0
0,340973,0
1,341004,0
2,341034,0
3,341034,0
2,341157,0
3,341157,0
0,341279,0
1,341279,0
3,341279,0
1,341402,0
2,341402,0
2,341524,0
1,341524,0
0,341647,0
2,341647,0
3,341647,0
1,341769,0
0,341769,0
1,341892,0
0,341892,0
2,342014,0
1,342014,0
3,342014,0
2,342136,0
0,342136,0
2,342259,0
0,342259,0
0,342381,0
1,342381,0
3,342381,0
3,342504,0
2,342504,0
0,342626,0
1,342626,0
3,342749,0
2,342779,0
0,342810,0
1,342841,0
3,342871,0
2,342902,0
0,342932,0
1,342963,0
3,342994,0
2,343024,0
0,343055,0
1,343085,0
2,343116,0
3,343116,0
0,343177,0
1,343177,0
2,343239,0
3,343239,0
0,343300,0
1,343300,0
3,343361,0
2,343392,0
0,343422,0
1,343453,0
2,343483,0
3,343483,0
0,343545,0
1,343545,0
2,343606,0
3,343606,0
0,343667,0
1,343667,0
3,343728,0
2,343759,0
0,343790,0
1,343820,0
3,343851,0
2,343881,0
0,343912,0
1,343943,0
2,343973,0
3,343973,0
0,344034,0
1,344034,0
3,344096,0
2,344126,0
0,344157,0
1,344188,0
3,344218,0
2,344249,0
0,344279,0
1,344310,0
3,344341,0
2,344371,0
0,344402,0
1,344432,0
3,344463,1,344524
2,344494,1,344555
1,344524,1,344585
0,344555,1,344616
3,344585,1,344647
2,344616,1,344677
1,344647,1,344708
0,344677,1,344739
3,344708,1,344769
2,344739,1,344800
1,344769,1,344830
0,344800,1,344861
3,344830,0
2,344861,0
1,344892,0
0,344922,0
2,344953,1,348871
3,344953,1,348871
0,348626,1,348871
1,348626,1,348871
