0,107,0
6,107,0
5,107,0
4,107,0
1,203,0
2,300,0
3,397,0
6,494,0
4,590,0
2,687,0
5,784,0
3,881,0
0,977,0
1,1074,0
2,1171,0
4,1268,0
6,1365,0
3,1461,0
1,1558,0
5,1655,0
3,1752,0
2,1848,0
6,1945,0
4,2042,0
1,2139,0
3,2236,0
0,2332,0
5,2429,0
3,2526,0
6,2623,0
4,2719,0
2,2816,0
5,2913,0
1,3010,0
4,3106,0
0,3203,0
1,3300,0
3,3397,0
4,3494,0
6,3590,0
5,3687,0
3,3784,0
1,3881,0
4,3977,0
2,4074,0
0,4171,0
3,4268,0
1,4365,0
4,4461,0
2,4558,0
5,4655,0
1,4752,0
0,4752,0
2,4800,0
3,4848,0
4,4897,0
5,4945,0
6,4945,0
3,4994,0
2,5042,0
1,5090,0
0,5139,0
6,5139,0
5,5187,0
4,5236,0
3,5284,0
1,5332,0
0,5332,0
2,5381,0
3,5429,0
4,5477,0
5,5526,0
6,5526,0
1,5623,0
0,5623,0
2,5719,0
4,5768,0
6,5816,0
3,5913,0
5,6010,0
2,6106,0
4,6203,0
1,6300,0
0,6300,0
3,6300,0
6,6300,0
1,6590,0
0,6590,0
3,6590,0
6,6590,0
3,6881,0
1,6881,0
0,6881,0
6,6881,0
5,7074,0
4,7268,0
3,7461,0
2,7655,0
0,7848,0
1,7848,0
4,7848,0
6,7848,0
6,8139,0
4,8139,0
1,8139,0
0,8139,0
1,8429,0
0,8429,0
4,8429,0
6,8429,0
6,8526,0
4,8526,0
1,8526,0
0,8526,0
5,8816,0
2,8913,0
4,9010,0
6,9010,0
3,9106,0
2,9203,0
0,9203,0
6,9397,0
5,9397,0
4,9397,0
1,9397,0
1,9687,0
4,9687,0
6,9687,0
5,9687,0
5,9977,0
6,9977,0
4,9977,0
1,9977,0
2,10171,0
3,10365,0
5,10558,0
4,10655,0
1,10752,0
2,10848,0
5,10945,0
0,10945,0
3,10945,0
6,10945,0
3,11236,0
5,11236,0
6,11236,0
0,11236,0
2,11429,0
3,11477,0
4,11526,0
6,11526,0
5,11526,0
1,11623,0
0,11623,0
2,11623,0
6,12010,0
5,12058,0
4,12106,0
2,12203,0
5,12300,0
3,12397,0
0,12494,0
1,12494,0
4,12494,0
5,12542,0
6,12590,0
3,12687,0
0,12784,0
1,12832,0
2,12881,0
5,12977,0
3,13074,0
2,13123,0
1,13171,0
3,13268,0
6,13365,0
5,13413,0
4,13461,0
0,13558,0
3,13655,0
2,13703,0
1,13752,0
4,13848,0
5,13897,0
6,13945,0
0,14042,0
1,14042,0
2,14090,0
3,14139,0
5,14236,0
2,14332,0
3,14381,0
6,14429,0
4,14429,0
1,14526,0
5,14623,0
4,14671,0
3,14719,0
1,14816,0
0,14816,0
3,14913,0
4,15010,0
6,15010,0
1,15106,0
5,15203,0
3,15203,0
2,15300,0
6,15397,0
4,15397,0
1,15590,0
0,15590,0
2,15590,0
1,15687,0
0,15687,0
6,15784,0
5,15784,0
4,15784,0
5,15881,0
6,15881,0
2,15977,0
1,15977,0
0,15977,0
1,16074,0
0,16074,0
4,16171,0
6,16171,0
5,16171,0
5,16268,0
6,16268,0
1,16365,0
2,16365,0
3,16413,0
4,16461,0
5,16510,0
1,16558,0
0,16558,0
2,16606,0
3,16655,0
4,16703,0
5,16752,0
6,16752,0
3,16800,0
2,16848,0
1,16897,0
5,16945,0
0,16945,0
4,16994,0
3,17042,0
2,17090,0
1,17139,0
6,17139,0
0,17139,0
4,17526,0
2,17574,0
0,17623,0
3,17719,0
5,17816,0
1,17913,0
2,18010,0
4,18058,0
6,18106,0
3,18203,0
1,18300,0
5,18397,0
2,18494,0
0,18494,0
3,18494,0
0,18687,0
5,18687,0
6,18687,0
1,18687,0
6,18784,0
5,18784,0
4,18881,0
2,18881,0
3,18881,0
3,18977,0
4,18977,0
0,19074,0
1,19074,0
6,19074,0
0,19171,0
1,19171,0
2,19365,0
4,19365,0
5,19413,0
3,19461,0
6,19461,0
2,19558,0
1,19558,0
6,19655,0
0,19655,0
5,19687,0
4,19719,0
3,19752,0
2,19752,0
5,19848,0
4,19848,0
1,19848,0
0,19945,0
6,19945,0
1,19977,0
2,20010,0
3,20042,0
4,20042,0
6,20139,0
5,20139,0
0,20236,0
3,20236,0
1,20284,0
2,20332,0
4,20332,0
5,20429,0
6,20429,0
3,20429,0
5,20526,0
6,20526,0
0,20623,0
2,20623,0
1,20623,0
1,20719,0
0,20719,0
6,20913,0
5,20913,0
4,20913,0
2,21010,0
1,21010,0
3,21058,0
4,21106,0
5,21106,0
1,21203,0
0,21203,0
2,21203,0
4,21300,0
5,21300,0
3,21348,0
2,21397,0
1,21397,0
6,21494,0
5,21494,0
4,21494,0
2,21784,0
0,21784,0
4,21784,0
5,21784,0
2,21881,0
0,21881,0
6,21977,0
4,21977,0
5,21977,0
3,21977,0
6,22074,0
4,22074,0
0,22171,0
1,22171,0
2,22171,0
1,22268,0
0,22268,0
2,22365,0
4,22365,0
5,22365,0
6,22365,0
6,22461,0
5,22461,0
3,22510,0
0,22558,0
1,22558,0
1,22655,0
0,22655,0
6,22752,0
2,22752,0
5,22784,0
4,22816,0
3,22848,0
1,22848,0
2,22945,0
5,22945,0
6,22945,0
0,23042,0
4,23042,0
1,23074,0
2,23106,0
3,23139,0
5,23139,0
1,23236,0
0,23236,0
6,23332,0
3,23332,0
5,23381,0
4,23429,0
2,23429,0
3,23526,0
1,23526,0
0,23526,0
6,23526,0
1,23623,0
0,23623,0
4,23719,0
2,23719,0
5,23719,0
5,23816,0
4,23816,0
2,23913,0
0,23913,0
6,23913,0
1,23913,0
4,24010,0
5,24010,0
3,24058,0
2,24106,0
1,24106,0
2,24203,0
1,24203,0
6,24300,0
0,24300,0
5,24348,0
1,24397,0
4,24397,0
6,24494,0
5,24494,0
3,24494,0
1,24590,0
0,24590,0
2,24590,0
3,24687,0
2,24881,0
0,24881,0
4,24881,0
6,24881,0
3,24881,0
2,25074,0
1,25074,0
0,25074,0
0,25171,0
1,25171,0
4,25268,0
5,25268,0
3,25268,0
5,25365,0
4,25365,0
2,25461,0
3,25461,0
1,25461,0
2,25558,0
1,25558,0
6,25655,0
5,25655,0
4,25655,0
6,25752,0
5,25752,0
3,25848,0
1,25848,0
4,25897,0
5,25945,0
2,25945,0
6,26042,0
3,26042,0
0,26042,0
1,26139,0
4,26139,0
2,26187,0
3,26236,0
5,26236,0
4,26332,0
0,26332,0
6,26332,0
4,26526,0
0,26526,0
1,26526,0
2,26526,0
5,26623,0
6,26623,0
3,26623,0
6,26719,0
5,26719,0
0,26816,0
4,26816,0
1,26816,0
0,26913,0
1,26913,0
5,27010,0
3,27010,0
2,27058,0
1,27106,0
4,27106,0
5,27203,0
6,27203,0
2,27203,0
5,27300,0
6,27300,0
2,27397,0
0,27397,0
3,27429,0
4,27461,0
5,27494,0
1,27494,0
2,27542,0
6,27590,0
3,27590,0
5,27639,0
4,27687,0
2,27687,0
0,27784,0
1,27784,0
3,27784,0
0,27977,0
6,27977,0
4,27977,0
1,28026,0
2,28074,0
3,28074,0
0,28171,0
5,28171,0
4,28171,0
6,28268,0
1,28268,0
2,28268,0
5,28316,0
3,28365,0
4,28365,0
6,28461,0
1,28461,0
0,28461,0
3,28558,0
4,28655,0
2,28752,0
0,28752,0
6,28752,0
5,28800,0
3,28848,0
4,28848,0
6,28945,0
2,28945,0
1,28945,0
5,29042,0
0,29042,0
4,29042,0
1,29090,0
3,29139,0
2,29139,0
0,29236,0
5,29236,0
6,29236,0
3,29332,0
4,29429,0
0,29526,0
6,29526,0
2,29526,0
3,29574,0
4,29623,0
1,29623,0
5,29671,0
2,29719,0
6,29719,0
1,29816,0
0,29913,0
4,29913,0
6,29913,0
3,29961,0
2,30010,0
5,30010,0
1,30058,0
4,30106,0
0,30106,0
5,30203,0
2,30300,0
1,30300,0
0,30300,0
4,30397,0
5,30397,0
6,30397,0
0,30494,0
3,30494,0
1,30542,0
2,30590,0
5,30687,0
6,30687,0
3,30784,0
1,30881,0
2,30881,0
4,30977,0
5,31074,0
6,31074,0
0,31074,0
1,31074,0
3,31171,0
0,31365,0
1,31365,0
5,31365,0
6,31365,0
3,31461,0
6,31655,0
5,31655,0
1,31655,0
0,31655,0
3,31752,0
4,31945,0
5,31994,0
6,32042,0
1,32139,0
6,32236,0
4,32236,0
3,32332,0
0,32429,0
2,32429,0
2,32623,0
1,32623,0
4,32623,0
5,32623,0
3,32719,0
2,32913,0
1,32913,0
5,32913,0
4,32913,0
3,33010,0
1,33203,0
2,33203,0
5,33203,0
4,33203,0
3,33300,0
0,33397,0
2,33494,0
4,33590,0
6,33687,0
5,33687,0
3,33784,0
0,33784,0
1,33881,0
5,33977,0
2,33977,0
3,34171,0
1,34171,0
4,34171,0
6,34171,0
2,34268,0
6,34461,0
4,34461,0
3,34461,0
1,34461,0
2,34558,0
1,34752,0
3,34752,0
4,34752,0
6,34752,0
2,34848,0
5,35042,0
3,35042,0
1,35236,0
5,35332,0
3,35332,0
2,35429,0
1,35526,0
4,35526,0
6,35623,0
2,35719,0
0,35719,0
3,35719,0
5,35719,0
4,35816,0
3,36010,0
2,36010,0
0,36010,0
5,36010,0
4,36106,0
3,36300,0
2,36300,0
0,36300,0
5,36300,0
4,36397,0
6,36494,0
1,36494,0
4,36558,0
2,36623,0
0,36687,0
5,36687,0
3,36752,0
1,36816,0
6,36881,0
4,36881,0
2,36945,0
0,37010,0
5,37074,0
3,37074,0
1,37139,0
2,37203,0
6,37268,0
5,37268,0
3,37268,0
2,37365,0
1,37461,0
0,37558,0
4,37655,0
3,37752,0
2,37848,0
1,37945,0
6,38042,0
5,38139,0
3,38236,0
2,38332,0
0,38429,0
1,38526,0
3,38623,0
4,38719,0
6,38816,0
3,38913,0
5,39010,0
2,39106,0
0,39203,0
1,39252,0
2,39300,0
4,39397,0
1,39494,0
3,39590,0
6,39687,0
5,39736,0
4,39784,0
2,39881,0
5,39977,0
3,40074,0
4,40171,0
1,40171,0
0,40171,0
6,40365,0
5,40365,0
2,40365,0
4,40461,0
1,40558,0
0,40558,0
3,40558,0
5,40655,0
0,40752,0
2,40752,0
6,40752,0
3,40848,0
4,40945,0
1,40945,0
5,40945,0
2,41042,0
0,41139,0
6,41139,0
5,41139,0
3,41236,0
1,41332,0
0,41332,0
6,41332,0
4,41429,0
2,41526,0
0,41526,0
5,41526,0
3,41623,0
1,41719,0
6,41719,0
4,41719,0
2,41816,0
6,41913,0
5,41913,0
0,41913,0
4,42010,0
0,42106,0
2,42106,0
5,42106,0
3,42203,0
1,42300,0
0,42300,0
4,42300,0
2,42397,0
6,42494,0
1,42494,0
5,42494,0
3,42590,0
0,42687,0
6,42687,0
4,42687,0
1,42784,0
6,42881,0
3,42881,0
5,42881,0
2,42977,0
4,43074,0
1,43074,0
0,43074,0
5,43171,0
2,43268,0
6,43268,0
1,43268,0
3,43365,0
4,43461,0
6,43461,0
5,43461,0
1,43655,0
0,43655,0
3,43655,0
6,43752,0
5,43752,0
4,43752,0
4,43945,0
5,43945,0
6,43945,0
3,44042,0
1,44042,0
0,44042,0
2,44236,0
1,44236,0
0,44236,0
5,44332,0
4,44332,0
2,44429,0
1,44429,0
0,44429,0
6,44526,0
5,44526,0
3,44526,0
6,44719,0
5,44719,0
3,44719,0
1,44816,0
0,44816,0
2,44816,0
4,45010,0
1,45010,0
6,45010,0
5,45203,0
6,45203,0
3,45203,0
0,45300,0
1,45300,0
2,45300,0
2,45494,0
1,45494,0
0,45494,0
5,45590,0
6,45590,0
4,45590,0
3,45687,0
0,45784,0
2,45784,0
4,45832,0
6,45881,0
1,45977,0
4,46074,0
6,46074,0
2,46123,0
0,46171,0
3,46268,0
5,46268,0
0,46558,0
1,46558,0
4,46558,0
2,46655,0
5,46752,0
6,46752,0
3,46752,0
1,46848,0
6,46945,0
4,46945,0
0,46945,0
3,47042,0
2,47139,0
5,47139,0
1,47139,0
4,47236,0
6,47332,0
0,47332,0
1,47332,0
3,47429,0
5,47526,0
6,47526,0
0,47526,0
2,47623,0
4,47719,0
6,47719,0
1,47719,0
3,47816,0
5,47913,0
0,47913,0
2,47913,0
4,48010,0
0,48106,0
1,48106,0
6,48106,0
2,48203,0
6,48300,0
4,48300,0
1,48300,0
3,48397,0
5,48494,0
6,48494,0
2,48494,0
4,48590,0
0,48687,0
5,48687,0
1,48687,0
3,48784,0
6,48881,0
0,48881,0
2,48881,0
5,48977,0
0,49074,0
3,49074,0
1,49074,0
4,49171,0
2,49268,0
5,49268,0
6,49268,0
1,49365,0
4,49461,0
0,49461,0
5,49461,0
3,49558,0
0,49655,0
2,49655,0
4,49703,0
6,49752,0
1,49848,0
3,49848,0
4,49945,0
6,49945,0
2,49994,0
0,50042,0
5,50139,0
3,50139,0
1,50187,0
4,50284,0
6,50284,0
2,50332,0
1,50429,0
0,50429,0
5,50429,0
6,50816,0
4,50816,0
2,50865,0
0,50913,0
5,51010,0
3,51010,0
2,51106,0
0,51106,0
4,51155,0
6,51203,0
1,51300,0
3,51300,0
5,51348,0
2,51445,0
0,51445,0
4,51494,0
5,51590,0
6,51590,0
1,51590,0
3,51687,0
4,51687,0
2,51736,0
1,51784,0
5,51881,0
4,51881,0
3,51929,0
2,51977,0
1,51977,0
0,51977,0
4,52365,0
3,52558,0
2,52752,0
0,52752,0
6,52752,0
4,52848,0
5,52945,0
1,52945,0
0,52945,0
3,53042,0
1,53139,0
4,53139,0
6,53139,0
0,53236,0
6,53332,0
4,53332,0
5,53332,0
2,53429,0
1,53526,0
4,53526,0
0,53526,0
5,53623,0
0,53719,0
6,53719,0
2,53719,0
3,53816,0
6,53913,0
4,53913,0
5,53913,0
2,54010,0
0,54106,0
5,54106,0
1,54106,0
2,54203,0
3,54252,0
6,54300,0
5,54300,0
4,54300,0
6,54397,0
4,54397,0
2,54590,0
0,54590,0
1,54590,0
2,54687,0
0,54687,0
6,54881,0
5,54881,0
4,54881,0
6,54977,0
4,54977,0
5,55171,0
0,55171,0
1,55171,0
0,55268,0
1,55268,0
5,55268,0
3,55365,0
4,55461,0
6,55461,0
2,55558,0
1,55606,0
0,55655,0
3,55752,0
0,55848,0
2,55848,0
4,55848,0
6,55848,0
6,56042,0
4,56042,0
2,56042,0
0,56042,0
3,56332,0
3,56429,0
0,56623,0
1,56623,0
5,56623,0
6,56623,0
2,56719,0
1,56816,0
0,56816,0
4,56816,0
3,56913,0
6,56913,0
2,57010,0
0,57010,0
5,57010,0
4,57106,0
1,57106,0
3,57203,0
2,57203,0
6,57203,0
4,57300,0
1,57397,0
5,57397,0
0,57397,0
2,57494,0
6,57590,0
0,57590,0
3,57590,0
4,57687,0
2,57784,0
6,57784,0
5,57784,0
1,57881,0
4,57977,0
6,57977,0
0,57977,0
3,58074,0
1,58171,0
0,58171,0
2,58171,0
4,58268,0
5,58268,0
6,58268,0
3,58365,0
0,58365,0
2,58413,0
5,58461,0
1,58461,0
4,58510,0
3,58558,0
6,58558,0
1,58655,0
0,58655,0
2,58703,0
4,58703,0
6,58800,0
5,58800,0
4,58848,0
2,58848,0
1,58945,0
0,58945,0
3,58945,0
6,58945,0
6,59139,0
5,59139,0
4,59139,0
2,59139,0
4,59332,0
0,59429,0
2,59429,0
4,59526,0
5,59526,0
6,59526,0
3,59526,0
0,59623,0
2,59623,0
4,59816,0
6,59816,0
2,59913,0
1,59913,0
0,59913,0
3,59913,0
4,60010,0
5,60058,0
6,60106,0
2,60106,0
5,60203,0
4,60252,0
3,60300,0
1,60300,0
0,60300,0
6,60300,0
2,60494,0
4,60494,0
1,60494,0
4,60687,0
6,60687,0
5,60687,0
3,60687,0
4,60881,0
2,60977,0
0,60977,0
4,61074,0
5,61074,0
6,61074,0
3,61074,0
2,61171,0
1,61171,0
4,61268,0
5,61268,0
6,61268,0
0,61268,0
2,61365,0
3,61365,0
0,61461,0
6,61461,0
5,61461,0
1,61461,0
3,61558,0
4,61606,0
1,61655,0
5,61655,0
6,61655,0
0,61655,0
3,61752,0
2,61800,0
0,61848,0
5,61848,0
6,61848,0
1,61848,0
2,62042,0
0,62042,0
4,62042,0
6,62042,0
3,62139,0
1,62236,0
0,62236,0
5,62236,0
2,62332,0
5,62429,0
3,62429,0
6,62429,0
1,62526,0
6,62623,0
4,62623,0
0,62623,0
2,62719,0
6,62816,0
3,62816,0
0,62816,0
5,62913,0
4,63010,0
0,63010,0
1,63010,0
2,63106,0
5,63203,0
3,63203,0
0,63203,0
1,63300,0
4,63397,0
6,63397,0
2,63397,0
5,63494,0
0,63590,0
1,63590,0
4,63590,0
2,63687,0
6,63784,0
3,63784,0
0,63784,0
4,63881,0
1,63977,0
0,63977,0
6,63977,0
5,64074,0
4,64171,0
0,64171,0
2,64171,0
1,64268,0
2,64365,0
6,64365,0
3,64365,0
4,64461,0
6,64558,0
5,64558,0
0,64558,0
1,64558,0
0,64703,0
5,64703,0
6,64703,0
1,64703,0
6,64848,0
5,64848,0
0,64848,0
1,64848,0
3,65139,0
5,65139,0
2,65187,0
1,65236,0
0,65284,0
4,65332,0
6,65332,0
3,65381,0
2,65429,0
1,65477,0
5,65526,0
0,65526,0
4,65574,0
3,65623,0
2,65671,0
6,65719,0
1,65719,0
5,65768,0
4,65816,0
3,65865,0
2,65913,0
1,65913,0
0,65913,0
6,66300,0
4,66300,0
3,66348,0
2,66397,0
1,66445,0
5,66494,0
0,66494,0
4,66542,0
2,66590,0
1,66639,0
3,66687,0
0,66687,0
4,66736,0
5,66784,0
6,66832,0
2,66881,0
0,66881,0
3,66929,0
4,66977,0
5,67026,0
1,67074,0
6,67074,0
2,67123,0
3,67171,0
4,67219,0
0,67268,0
5,67268,0
1,67316,0
2,67365,0
3,67413,0
4,67461,0
5,67461,0
6,67461,0
1,67752,0
3,67800,0
5,67848,0
6,67848,0
0,67945,0
4,68042,0
5,68042,0
2,68139,0
6,68236,0
5,68236,0
1,68236,0
0,68236,0
3,68332,0
1,68526,0
0,68526,0
6,68526,0
5,68526,0
3,68623,0
6,68816,0
5,68816,0
1,68816,0
0,68816,0
3,68913,0
2,69010,0
4,69106,0
1,69203,0
4,69397,0
6,69397,0
1,69590,0
3,69687,0
5,69687,0
2,69784,0
2,69977,0
4,70171,0
6,70268,0
2,70365,0
0,70461,0
4,70558,0
2,70655,0
5,70752,0
3,70848,0
1,70945,0
4,71042,0
2,71139,0
5,71236,0
0,71332,0
6,71332,0
3,71381,0
4,71429,0
1,71429,0
5,71477,0
6,71526,0
2,71526,0
3,71623,0
5,71623,0
2,71671,0
1,71719,0
4,71719,0
0,71768,0
5,71865,0
6,71865,0
2,71913,0
3,71913,0
0,72010,0
1,72010,0
4,72058,0
3,72058,0
6,72155,0
2,72155,0
5,72203,0
4,72252,0
1,72252,0
2,72348,0
0,72348,0
4,72397,0
5,72397,0
3,72494,0
0,72494,0
2,72542,0
1,72590,0
5,72590,0
4,72639,0
3,72687,0
6,72687,0
6,72881,0
2,72881,0
3,72929,0
0,72977,0
4,72977,0
1,73026,0
2,73074,0
5,73074,0
6,73171,0
3,73171,0
5,73219,0
4,73268,0
2,73268,0
1,73365,0
3,73365,0
0,73461,0
5,73461,0
1,73526,0
2,73590,0
4,73590,0
3,73655,0
6,73655,0
5,73719,0
4,73784,0
2,73784,0
0,73848,0
1,73848,0
3,73945,0
5,73945,0
2,73994,0
1,74042,0
6,74042,0
5,74139,0
0,74139,0
4,74187,0
3,74236,0
1,74236,0
4,74332,0
6,74429,0
2,74429,0
5,74477,0
4,74526,0
0,74623,0
3,74719,0
4,74768,0
5,74816,0
1,74913,0
6,75010,0
5,75058,0
4,75106,0
0,75203,0
3,75300,0
4,75348,0
5,75397,0
1,75494,0
4,75590,0
3,75639,0
2,75687,0
0,75784,0
5,75784,0
1,75832,0
2,75881,0
6,75977,0
5,76026,0
4,76074,0
1,76171,0
3,76268,0
4,76316,0
5,76365,0
6,76558,0
2,76558,0
5,76606,0
4,76655,0
0,76752,0
1,76800,0
2,76848,0
4,76945,0
6,76945,0
1,77042,0
3,77139,0
5,77139,0
0,77236,0
2,77332,0
5,77526,0
1,77526,0
4,77574,0
3,77623,0
0,77671,0
1,77719,0
6,77719,0
2,77768,0
4,77816,0
5,77865,0
3,77913,0
6,77913,0
2,77961,0
1,78010,0
5,78058,0
4,78106,0
0,78106,0
3,78155,0
6,78203,0
5,78252,0
1,78300,0
4,78300,0
2,78348,0
3,78397,0
6,78445,0
0,78494,0
5,78494,0
4,78542,0
2,78590,0
1,78639,0
3,78687,0
0,78687,0
4,78736,0
5,78784,0
1,78832,0
2,78881,0
6,78881,0
3,78929,0
0,78977,0
1,79026,0
2,79074,0
5,79074,0
4,79074,0
3,79171,0
1,79268,0
0,79365,0
2,79461,0
3,79510,0
4,79558,0
6,79655,0
3,79752,0
5,79848,0
2,79945,0
1,79994,0
0,80042,0
3,80139,0
1,80236,0
4,80332,0
2,80429,0
6,80429,0
0,80429,0
5,80623,0
6,80623,0
3,80623,0
1,80719,0
0,80816,0
6,80816,0
4,80816,0
2,80913,0
5,81010,0
3,81010,0
1,81010,0
6,81106,0
4,81203,0
0,81203,0
1,81203,0
2,81300,0
3,81397,0
6,81397,0
5,81397,0
1,81494,0
4,81590,0
6,81590,0
3,81639,0
2,81687,0
0,81687,0
5,81881,0
4,81881,0
6,81881,0
4,81977,0
5,81977,0
6,81977,0
1,82171,0
0,82171,0
2,82171,0
4,82268,0
5,82268,0
6,82268,0
2,82365,0
1,82365,0
0,82365,0
3,82461,0
6,82558,0
5,82558,0
4,82558,0
0,82558,0
2,82655,0
0,82752,0
1,82752,0
6,82752,0
5,82752,0
4,82848,0
2,82945,0
1,82945,0
0,82945,0
6,82945,0
3,83042,0
5,83139,0
6,83139,0
2,83139,0
4,83139,0
1,83284,0
0,83284,0
3,83332,0
6,83332,0
5,83332,0
1,83429,0
0,83429,0
4,83574,0
6,83574,0
2,83623,0
1,83719,0
0,83719,0
5,83719,0
3,83816,0
4,83913,0
6,83913,0
2,83913,0
0,84010,0
1,84106,0
5,84106,0
6,84106,0
3,84203,0
5,84300,0
4,84300,0
0,84300,0
2,84397,0
1,84494,0
6,84494,0
3,84494,0
4,84590,0
2,84687,0
5,84687,0
6,84687,0
0,84784,0
3,84881,0
1,84881,0
4,84881,0
5,84977,0
6,85074,0
0,85074,0
2,85074,0
3,85171,0
6,85268,0
1,85268,0
4,85268,0
2,85365,0
0,85461,0
5,85461,0
3,85461,0
1,85558,0
4,85655,0
2,85655,0
6,85655,0
1,85752,0
5,85848,0
0,85848,0
6,85848,0
3,85945,0
2,86042,0
0,86042,0
4,86139,0
6,86236,0
1,86236,0
3,86332,0
2,86429,0
6,86429,0
4,86429,0
4,86526,0
6,86526,0
2,86526,0
1,86816,0
0,86816,0
2,86816,0
1,86913,0
2,86913,0
6,87010,0
4,87010,0
5,87010,0
5,87106,0
4,87106,0
3,87203,0
1,87203,0
0,87203,0
1,87300,0
0,87300,0
5,87397,0
4,87397,0
6,87397,0
2,87494,0
3,87542,0
4,87590,0
6,87590,0
1,87687,0
0,87687,0
2,87687,0
5,87784,0
6,87784,0
4,87832,0
3,87881,0
2,87881,0
6,87977,0
5,87977,0
0,88074,0
1,88074,0
2,88123,0
3,88171,0
4,88171,0
0,88268,0
1,88268,0
6,88365,0
5,88365,0
4,88365,0
2,88558,0
3,88558,0
4,88606,0
5,88655,0
6,88655,0
1,88752,0
0,88752,0
4,88848,0
5,88848,0
3,88897,0
2,88945,0
1,88945,0
6,89042,0
5,89042,0
3,89139,0
1,89139,0
0,89139,0
1,89236,0
0,89236,0
6,89332,0
5,89332,0
4,89332,0
2,89429,0
1,89429,0
3,89477,0
4,89526,0
5,89526,0
1,89623,0
0,89623,0
2,89671,0
3,89719,0
4,89719,0
0,89913,0
1,89913,0
2,89961,0
6,90010,0
5,90010,0
4,90058,0
3,90106,0
1,90106,0
6,90300,0
5,90300,0
4,90348,0
1,90397,0
0,90397,0
2,90445,0
5,90494,0
3,90494,0
0,90687,0
2,90687,0
4,90687,0
4,90784,0
2,90784,0
0,90784,0
5,90977,0
3,91026,0
1,91074,0
4,91171,0
2,91268,0
3,91365,0
2,91461,0
6,91461,0
0,91461,0
4,91461,0
0,91655,0
5,91848,0
3,91848,0
1,92042,0
2,92139,0
4,92236,0
5,92332,0
6,92332,0
1,92429,0
0,92526,0
6,92623,0
3,92623,0
5,92719,0
2,92816,0
4,92913,0
0,93010,0
0,93203,0
6,93397,0
2,93397,0
4,93494,0
6,93590,0
2,93590,0
0,93687,0
1,93736,0
2,93784,0
6,93784,0
5,93832,0
4,93881,0
3,93977,0
1,94074,0
5,94171,0
3,94171,0
2,94268,0
4,94365,0
1,94365,0
3,94461,0
0,94558,0
5,94558,0
1,94606,0
2,94655,0
4,94655,0
5,94703,0
6,94752,0
1,94752,0
3,94848,0
5,94848,0
2,94897,0
1,94945,0
4,94945,0
0,94994,0
2,95090,0
5,95090,0
3,95139,0
6,95236,0
1,95236,0
5,95284,0
4,95332,0
2,95332,0
1,95429,0
3,95429,0
4,95477,0
2,95526,0
6,95526,0
5,95526,0
0,95526,0
3,95623,0
1,95687,0
0,95752,0
4,95816,0
2,95881,0
1,95945,0
5,96010,0
3,96074,0
2,96139,0
6,96203,0
0,96300,0
3,96397,0
1,96494,0
4,96590,0
2,96687,0
5,96784,0
3,96881,0
6,96977,0
2,97074,0
5,97171,0
1,97268,0
4,97365,0
0,97461,0
3,97558,0
6,97655,0
4,97655,0
2,97655,0
0,97655,0
5,98042,0
4,98429,0
3,98816,0
1,99203,0
5,99203,0
6,99203,0
0,99977,0
1,100268,0
2,100558,0
3,100752,0
5,100752,0
0,100752,0
6,101139,0
4,101526,0
2,101913,0
1,102300,0
5,102300,0
3,102300,0
0,102687,0
2,102881,0
4,103074,0
5,103074,0
6,103074,0
1,103461,0
3,103655,0
5,103848,0
0,103848,0
2,103848,0
6,104236,0
4,104623,0
2,105010,0
1,105397,0
5,105397,0
3,105397,0
2,106171,0
3,106461,0
4,106752,0
0,106945,0
6,106945,0
2,107042,0
3,107139,0
4,107236,0
0,107332,0
2,107429,0
3,107526,0
4,107623,0
1,107719,0
3,107816,0
4,107913,0
5,108010,0
1,108106,0
3,108203,0
4,108300,0
5,108397,0
2,108494,0
0,108494,0
4,108590,0
5,108687,0
6,108784,0
2,108881,0
4,108977,0
5,109074,0
6,109171,0
1,109268,0
0,109268,0
2,109365,0
4,109461,0
5,109558,0
1,109655,0
2,109752,0
4,109848,0
5,109945,0
0,110042,0
1,110090,0
2,110139,0
3,110187,0
4,110236,0
5,110284,0
6,110332,0
0,110381,0
1,110429,0
2,110477,0
6,110526,0
5,110574,0
4,110623,0
3,110671,0
2,110719,0
1,110768,0
0,110816,0
4,110865,0
5,110913,0
6,110961,0
0,111010,0
1,111058,0
2,111106,0
4,111203,0
5,111203,0
1,111300,0
2,111397,0
4,111397,0
6,111494,0
2,111590,0
0,111590,0
4,111590,0
2,111881,0
0,111881,0
4,111977,0
2,112171,0
0,112171,0
5,112268,0
3,112365,0
1,112365,0
3,112655,0
1,112655,0
5,112752,0
1,112945,0
3,112945,0
0,113042,0
4,113139,0
6,113139,0
2,113429,0
0,113429,0
6,113526,0
4,113526,0
2,113719,0
4,113719,0
1,113816,0
3,113913,0
5,113913,0
3,114203,0
5,114203,0
1,114300,0
3,114494,0
5,114494,0
6,114590,0
0,114687,0
1,114687,0
2,114736,0
3,114784,0
5,114881,0
1,114977,0
2,115026,0
3,115074,0
5,115171,0
2,115268,0
1,115316,0
0,115365,0
6,115461,0
5,115510,0
4,115558,0
1,115655,0
5,115752,0
4,115800,0
3,115848,0
1,115945,0
4,116042,0
5,116090,0
6,116139,0
2,116236,0
3,116284,0
4,116332,0
5,116429,0
2,116526,0
1,116574,0
0,116623,0
6,116719,0
4,116816,0
3,116865,0
2,116913,0
6,117010,0
5,117058,0
4,117106,0
0,117203,0
2,117300,0
3,117348,0
4,117397,0
6,117494,0
3,117590,0
2,117639,0
1,117687,0
4,117784,0
6,117784,0
5,117784,0
1,118171,0
6,118365,0
4,118461,0
0,118558,0
2,118558,0
0,118848,0
2,118848,0
5,119042,0
2,119139,0
0,119139,0
3,119236,0
4,119332,0
6,119332,0
2,119719,0
3,119719,0
4,119719,0
1,120010,0
4,120106,0
6,120106,0
2,120300,0
0,120300,0
3,120397,0
4,120494,0
6,120494,0
1,120590,0
2,120687,0
4,120687,0
3,120784,0
6,120881,0
5,120881,0
4,120929,0
2,120977,0
1,121026,0
0,121074,0
6,121074,0
5,121123,0
4,121171,0
2,121219,0
1,121268,0
0,121268,0
3,121316,0
4,121365,0
5,121413,0
6,121461,0
1,121461,0
2,121510,0
4,121558,0
5,121606,0
6,121655,0
0,121655,0
1,121703,0
2,121752,0
4,121800,0
5,121848,0
6,121848,0
3,121897,0
2,121945,0
1,121994,0
0,122042,0
5,122042,0
4,122090,0
3,122139,0
2,122187,0
1,122236,0
6,122236,0
5,122284,0
4,122332,0
3,122381,0
2,122429,0
1,122429,0
0,122429,0
5,122816,0
3,122865,0
1,122913,0
4,123010,0
2,123106,0
0,123106,0
3,123203,0
4,123300,0
5,123348,0
6,123397,0
3,123494,0
5,123590,0
2,123687,0
4,123784,0
1,123784,0
0,123784,0
3,123977,0
6,123977,0
0,123977,0
5,124171,0
2,124268,0
4,124365,0
1,124461,0
3,124558,0
0,124655,0
2,124752,0
4,124848,0
5,124897,0
6,124945,0
3,125042,0
5,125139,0
2,125236,0
0,125332,0
3,125332,0
6,125332,0
1,125526,0
0,125526,0
5,125526,0
3,125623,0
4,125719,0
6,125719,0
1,125719,0
5,125719,0
2,125816,0
0,125816,0
5,125913,0
6,125913,0
3,125913,0
2,126010,0
4,126010,0
1,126106,0
0,126106,0
6,126106,0
5,126106,0
3,126203,0
4,126300,0
6,126300,0
2,126300,0
0,126397,0
1,126397,0
4,126494,0
3,126494,0
6,126494,0
5,126494,0
2,126590,0
1,126687,0
0,126687,0
5,126687,0
3,126784,0
4,126881,0
6,126881,0
0,126881,0
2,126881,0
1,126977,0
2,127074,0
5,127074,0
6,127074,0
4,127171,0
6,127268,0
2,127268,0
1,127268,0
0,127268,0
4,127365,0
0,127461,0
3,127461,0
5,127461,0
2,127558,0
0,127655,0
4,127655,0
6,127655,0
5,127655,0
2,127752,0
5,127848,0
3,127848,0
6,127848,0
1,127945,0
5,128042,0
2,128042,0
4,128042,0
6,128042,0
1,128139,0
4,128236,0
0,128236,0
6,128236,0
2,128332,0
0,128429,0
3,128429,0
5,128429,0
1,128429,0
2,128526,0
1,128623,0
6,128623,0
4,128623,0
3,128719,0
2,128816,0
5,128816,0
0,128816,0
6,128816,0
4,128913,0
3,129010,0
6,129010,0
1,129010,0
4,129106,0
5,129203,0
2,129203,0
0,129203,0
1,129203,0
3,129300,0
6,129397,0
5,129397,0
4,129397,0
0,129494,0
1,129494,0
6,129590,0
5,129590,0
2,129590,0
3,129590,0
4,129687,0
1,129784,0
0,129784,0
3,129784,0
6,129881,0
5,129881,0
2,129881,0
4,130171,0
6,130171,0
5,130171,0
2,130268,0
0,130268,0
1,130268,0
5,130365,0
6,130365,0
3,130413,0
1,130461,0
0,130461,0
2,130655,0
4,130752,0
6,130752,0
0,130945,0
1,130945,0
2,130994,0
3,131042,0
4,131090,0
5,131139,0
6,131139,0
0,131139,0
1,131139,0
2,131236,0
1,131332,0
4,131332,0
6,131332,0
5,131332,0
3,131429,0
5,131526,0
2,131526,0
0,131526,0
1,131526,0
4,131623,0
0,131719,0
6,131719,0
1,131719,0
3,131719,0
4,131816,0
2,131913,0
5,131913,0
0,131913,0
6,131913,0
3,132010,0
1,132106,0
6,132106,0
4,132106,0
0,132106,0
2,132203,0
0,132300,0
5,132300,0
3,132300,0
4,132300,0
1,132397,0
2,132445,0
6,132494,0
3,132494,0
5,132494,0
1,132590,0
0,132590,0
4,132687,0
6,132687,0
2,132784,0
1,132784,0
5,132881,0
2,132977,0
3,132977,0
6,133074,0
0,133268,0
3,133268,0
1,133316,0
2,133365,0
4,133413,0
5,133461,0
6,133461,0
3,133510,0
2,133558,0
1,133606,0
0,133655,0
6,133655,0
5,133703,0
4,133752,0
3,133800,0
0,133848,0
1,133848,0
2,133897,0
4,133945,0
5,133994,0
6,134042,0
0,134042,0
3,134090,0
2,134139,0
1,134187,0
0,134236,0
5,134236,0
4,134284,0
3,134332,0
2,134381,0
6,134429,0
0,134429,0
5,134477,0
3,134526,0
1,134574,0
4,134623,0
6,134623,0
2,134816,0
0,134816,0
6,134913,0
5,134913,0
3,134961,0
1,135010,0
0,135010,0
2,135058,0
4,135106,0
6,135106,0
1,135203,0
0,135203,0
3,135252,0
5,135300,0
6,135300,0
4,135348,0
2,135397,0
0,135397,0
3,135445,0
6,135494,0
4,135542,0
0,135590,0
2,135590,0
4,135881,0
2,135929,0
0,135977,0
3,136074,0
1,136171,0
4,136268,0
0,136365,0
2,136413,0
6,136461,0
4,136461,0
3,136510,0
0,136558,0
1,136558,0
2,136606,0
6,136655,0
4,136703,0
2,136752,0
0,136752,0
3,136800,0
6,136848,0
5,136848,0
4,136897,0
1,136945,0
0,136945,0
2,136994,0
3,137042,0
4,137090,0
5,137139,0
6,137139,0
1,137139,0
2,137429,0
4,137477,0
6,137526,0
3,137623,0
5,137719,0
2,137816,0
1,137913,0
5,137913,0
0,137913,0
4,137913,0
3,138010,0
5,138203,0
4,138203,0
1,138203,0
0,138203,0
3,138300,0
0,138494,0
1,138494,0
4,138494,0
5,138494,0
3,138590,0
2,138784,0
5,138977,0
1,139074,0
2,139074,0
3,139171,0
4,139268,0
5,139268,0
5,139461,0
6,139461,0
2,139461,0
1,139461,0
3,139558,0
5,139752,0
6,139752,0
1,139752,0
2,139752,0
3,139848,0
6,140042,0
5,140042,0
1,140042,0
2,140042,0
3,140139,0
4,140236,0
6,140332,0
0,140429,0
2,140526,0
4,140526,0
5,140623,0
6,140623,0
3,140719,0
1,140816,0
2,140816,0
4,141010,0
5,141010,0
3,141010,0
0,141010,0
2,141106,0
0,141300,0
3,141300,0
4,141300,0
5,141300,0
2,141397,0
5,141590,0
4,141590,0
3,141590,0
0,141590,0
2,141687,0
1,141881,0
3,141881,0
5,142074,0
1,142171,0
4,142171,0
3,142268,0
5,142365,0
2,142365,0
4,142461,0
3,142558,0
6,142558,0
2,142558,0
1,142558,0
2,142848,0
3,142848,0
6,142848,0
1,142848,0
5,142945,0
4,142994,0
2,143139,0
1,143139,0
3,143139,0
5,143236,0
6,143236,0
0,143332,0
1,143332,0
2,143332,0
4,143332,0
6,143429,0
5,143477,0
4,143526,0
1,143526,0
2,143623,0
3,143719,0
5,143719,0
1,143816,0
6,143913,0
0,143913,0
4,143913,0
6,144106,0
5,144106,0
1,144106,0
0,144106,0
3,144106,0
3,144300,0
4,144300,0
2,144300,0
0,144397,0
1,144397,0
5,144494,0
6,144494,0
2,144494,0
3,144590,0
6,144590,0
0,144687,0
1,144687,0
4,144687,0
2,144784,0
5,144784,0
0,144881,0
6,144881,0
3,144881,0
0,144977,0
5,144977,0
2,145074,0
4,145074,0
3,145074,0
6,145171,0
1,145171,0
5,145219,0
4,145268,0
0,145268,0
2,145365,0
3,145365,0
5,145461,0
0,145461,0
1,145510,0
4,145558,0
2,145558,0
5,145655,0
6,145655,0
3,145655,0
5,145752,0
6,145752,0
0,145848,0
1,145848,0
2,145881,0
3,145913,0
6,145945,0
5,145945,0
4,145994,0
0,146042,0
1,146042,0
0,146139,0
1,146139,0
3,146236,0
6,146236,0
5,146236,0
1,146332,0
4,146332,0
5,146381,0
2,146429,0
6,146429,0
0,146526,0
1,146526,0
4,146574,0
3,146574,0
6,146671,0
5,146671,0
3,146719,0
2,146719,0
4,146816,0
0,146816,0
5,146881,0
2,146945,0
6,146945,0
1,147010,0
4,147010,0
0,147074,0
3,147139,0
5,147139,0
2,147397,0
0,147397,0
4,147397,0
1,147397,0
5,147494,0
3,147494,0
1,147590,0
6,147590,0
4,147590,0
2,147687,0
4,147687,0
0,147784,0
6,147784,0
3,147784,0
5,147881,0
1,147881,0
3,147977,0
4,147977,0
2,147977,0
6,148074,0
2,148074,0
3,148171,0
1,148171,0
5,148171,0
0,148268,0
4,148268,0
5,148316,0
2,148365,0
6,148365,0
3,148461,0
4,148510,0
5,148558,0
1,148558,0
3,148752,0
6,148752,0
0,148752,0
1,148800,0
2,148848,0
5,148848,0
4,148945,0
3,149042,0
0,149042,0
6,149042,0
5,149090,0
4,149139,0
1,149139,0
2,149236,0
3,149332,0
6,149332,0
0,149332,0
1,149381,0
2,149429,0
5,149429,0
4,149526,0
3,149623,0
0,149623,0
6,149623,0
5,149671,0
4,149719,0
1,149719,0
2,149816,0
0,149816,0
6,149913,0
3,149913,0
4,149977,0
5,150042,0
1,150106,0
2,150171,0
3,150236,0
6,150300,0
0,150300,0
5,150348,0
4,150397,0
2,150445,0
1,150494,0
6,150494,0
5,150542,0
3,150590,0
2,150639,0
6,150687,0
0,150687,0
4,150736,0
3,150784,0
1,150832,0
0,150881,0
6,150881,0
5,150929,0
4,150977,0
2,151026,0
6,151074,0
1,151074,0
5,151123,0
4,151171,0
3,151219,0
0,151268,0
2,151268,0
6,151316,0
4,151365,0
1,151413,0
3,151461,0
5,151655,0
0,151848,0
6,151848,0
1,151897,0
2,151945,0
4,151994,0
5,152042,0
0,152042,0
1,152090,0
3,152139,0
4,152187,0
0,152236,0
6,152236,0
2,152284,0
3,152332,0
5,152381,0
6,152429,0
0,152429,0
1,152477,0
2,152526,0
4,152574,0
0,152623,0
5,152623,0
1,152671,0
2,152719,0
3,152768,0
6,152816,0
4,152816,0
0,152865,0
2,152913,0
3,153010,0
5,153203,0
0,153397,0
6,153397,0
4,153445,0
2,153494,0
1,153542,0
6,153590,0
0,153590,0
5,153639,0
3,153687,0
2,153736,0
1,153784,0
6,153784,0
5,153832,0
4,153881,0
3,153929,0
0,154171,0
6,154171,0
2,154219,0
4,154268,0
5,154316,0
0,154365,0
6,154365,0
1,154413,0
3,154461,0
4,154510,0
5,154558,0
0,154558,0
1,154606,0
2,154655,0
3,154703,0
0,154945,0
6,154945,0
1,154977,0
2,155010,0
5,155042,0
4,155090,0
3,155139,0
2,155187,0
6,155236,0
0,155236,0
5,155268,0
4,155300,0
1,155332,0
2,155381,0
3,155429,0
4,155477,0
0,155526,0
6,155526,0
1,155558,0
2,155590,0
3,155623,0
4,155655,0
5,155687,0
6,155719,0
0,155719,0
1,155719,0
2,155816,0
4,155865,0
6,155913,0
5,155913,0
1,156010,0
4,156106,0
2,156106,0
0,156203,0
5,156300,0
1,156300,0
2,156397,0
0,156494,0
6,156494,0
3,156494,0
5,156494,0
4,156590,0
1,156687,0
5,156784,0
2,156881,0
6,156977,0
5,157074,0
4,157171,0
3,157268,0
2,157365,0
1,157461,0
0,157558,0
4,157655,0
3,157752,0
2,157848,0
5,157945,0
6,158042,0
3,158139,0
5,158236,0
2,158332,0
4,158429,0
3,158526,0
1,158623,0
0,158719,0
3,158816,0
2,158913,0
5,159010,0
4,159106,0
2,159203,0
1,159300,0
4,159397,0
5,159494,0
0,159590,0
3,159687,0
1,159784,0
5,159881,0
3,159977,0
0,160074,0
5,160171,0
2,160268,0
6,160365,0
3,160461,0
1,160558,0
0,160558,0
4,160655,0
2,160752,0
6,160752,0
5,160848,0
1,160945,0
3,160945,0
4,161042,0
5,161139,0
0,161139,0
3,161187,0
2,161236,0
1,161284,0
0,161332,0
6,161332,0
4,161381,0
3,161429,0
2,161477,0
6,161526,0
1,161526,0
5,161574,0
4,161623,0
3,161671,0
0,161719,0
2,161719,0
6,161768,0
5,161816,0
4,161865,0
1,161913,0
2,161913,0
3,161961,0
4,162010,0
5,162058,0
0,162106,0
6,162106,0
2,162155,0
3,162203,0
4,162252,0
0,162300,0
5,162300,0
1,162348,0
2,162397,0
3,162445,0
4,162494,0
6,162494,0
0,162542,0
1,162590,0
2,162639,0
4,162687,0
5,162687,0
6,162687,0
2,162784,0
1,162784,0
0,162784,0
5,162881,0
6,162881,0
3,162929,0
1,162977,0
4,163074,0
0,163074,0
2,163171,0
5,163268,0
3,163268,0
1,163365,0
0,163461,0
6,163461,0
4,163461,0
2,163461,0
1,163558,0
2,163606,0
3,163655,0
4,163703,0
5,163752,0
