3,512,1,953
0,512,1,747
1,512,1,688
2,512,1,629
4,512,1,688
5,512,1,629
6,512,1,570
6,629,0
5,688,0
2,688,0
1,747,0
4,747,1,953
0,806,0
5,864,1,953
6,864,1,1306
2,864,0
1,1041,0
0,1041,0
5,1217,1,1306
4,1217,1,1482
2,1217,0
1,1217,0
0,1217,0
3,1217,0
5,1394,1,1482
6,1394,1,2541
1,1570,0
0,1570,0
4,1747,1,2011
5,1747,1,1835
5,2100,1,2188
4,2100,1,2541
1,2453,0
0,2453,0
5,2629,1,2717
6,2629,1,2717
4,2629,1,2894
2,2629,0
1,2629,0
0,2629,0
3,2629,0
5,2806,1,2894
6,2806,1,3070
1,2806,0
0,2806,0
2,2806,0
2,2894,0
5,2982,1,3070
4,2982,1,3247
1,2982,0
0,2982,0
5,3159,1,3247
6,3159,1,3600
2,3159,0
2,3247,0
4,3335,1,3600
1,3335,0
0,3335,0
6,3688,1,4129
4,3688,1,3776
5,3688,1,3776
0,3864,0
1,3864,0
1,4041,0
0,4041,0
3,4041,0
5,4041,1,4129
4,4041,1,4306
2,4041,0
6,4217,1,5364
5,4217,1,4306
0,4394,0
1,4394,0
5,4570,1,4659
4,4570,1,4835
3,4747,1,5894
4,4923,1,5364
5,4923,1,5011
0,5276,0
1,5276,0
2,5453,0
1,5453,0
0,5453,0
5,5453,1,5541
6,5453,1,5541
4,5453,1,5717
6,5629,1,5894
5,5629,1,5717
4,5806,1,5894
2,5806,0
5,5806,1,5894
4,5982,0
2,5982,0
6,6070,1,6394
5,6070,1,6335
2,6070,1,6335
1,6159,1,6276
0,6159,1,6217
4,6159,1,6276
3,6159,1,6600
0,6276,0
1,6335,0
4,6335,0
5,6394,0
2,6394,1,6600
6,6453,0
0,6511,1,6953
1,6511,1,6600
6,6688,0
5,6688,0
5,6864,0
6,6864,0
3,6864,0
1,6864,1,6953
2,6864,1,7129
4,6864,0
0,7041,1,8188
1,7041,1,7129
6,7217,0
5,7217,0
1,7394,1,7482
2,7394,1,7659
2,7747,1,8188
1,7747,1,7835
6,8100,0
5,8100,0
4,8276,0
5,8276,0
6,8276,0
1,8276,1,8364
0,8276,1,8364
2,8276,1,8541
3,8276,0
0,8453,1,8717
1,8453,1,8541
4,8453,0
6,8453,0
5,8453,0
4,8541,0
2,8629,1,8894
1,8629,1,8717
6,8629,0
5,8629,0
0,8806,1,9247
1,8806,1,8894
4,8806,0
4,8894,0
6,8982,0
5,8982,0
2,8982,1,9247
2,9335,1,9423
1,9335,1,9423
0,9335,1,9776
5,9511,0
6,9511,0
1,9688,1,9776
2,9688,1,9953
4,9688,0
5,9688,0
6,9688,0
3,9688,0
1,9864,1,9953
0,9864,1,10659
5,10041,0
6,10041,0
1,10217,1,10306
2,10217,1,10306
6,10394,0
5,10394,0
2,10394,1,10835
1,10394,1,10482
3,10394,1,11453
4,10570,0
4,10659,1,10835
0,10747,1,11364
1,10747,1,10835
5,10747,1,10835
4,10923,0
2,10923,1,11011
1,10923,1,11011
5,10923,0
6,10923,1,11188
4,11100,0
4,11188,1,11364
5,11276,1,11320
6,11276,0
2,11276,0
2,11364,1,11541
0,11453,0
1,11453,1,11497
6,11453,1,11570
5,11511,1,11629
4,11570,1,11688
3,11629,1,11747
2,11688,1,11923
1,11747,1,11982
4,11806,1,11982
5,11806,1,11923
6,11806,1,11864
3,11806,1,12247
0,11806,1,12041
6,11923,0
2,11982,0
5,11982,0
1,12041,0
4,12041,1,12247
0,12100,0
6,12159,1,12600
5,12159,1,12247
2,12159,1,12423
1,12335,1,12423
0,12335,1,12423
1,12511,0
0,12511,0
3,12511,0
5,12511,1,12600
4,12511,1,12776
2,12511,0
6,12688,1,13835
5,12688,1,12776
0,12864,0
1,12864,0
5,13041,1,13129
4,13041,1,13306
4,13394,1,13835
5,13394,1,13482
0,13747,0
1,13747,0
2,13923,0
1,13923,0
0,13923,0
5,13923,1,14011
6,13923,1,14011
4,13923,1,14188
3,13923,0
5,14100,1,14188
6,14100,1,14364
2,14100,0
0,14100,0
1,14100,0
2,14188,0
1,14276,0
0,14276,0
5,14276,1,14364
4,14276,1,14541
6,14453,1,14894
5,14453,1,14541
2,14453,0
2,14541,0
0,14629,0
1,14629,0
4,14629,1,14894
5,14982,1,15070
4,14982,1,15070
6,14982,1,15423
1,15159,0
0,15159,0
5,15335,1,15423
4,15335,1,15600
2,15335,0
1,15335,0
0,15335,0
3,15335,0
5,15511,1,15600
6,15511,1,16659
1,15688,0
0,15688,0
4,15864,1,16129
5,15864,1,15953
3,16041,1,17188
5,16217,1,16306
4,16217,1,16659
1,16570,0
0,16570,0
5,16747,1,16835
6,16747,1,16835
4,16747,1,17011
1,16747,0
0,16747,0
2,16747,0
5,16923,1,17011
6,16923,1,17188
0,16923,0
1,16923,0
5,17100,1,17188
2,17100,0
4,17100,1,17188
4,17276,0
2,17276,0
2,17364,1,17629
5,17364,1,17629
6,17364,1,17688
4,17453,1,17570
3,17453,1,17894
1,17453,1,17570
0,17453,1,17511
0,17570,0
1,17629,0
4,17629,1,18070
5,17688,0
2,17688,1,17894
6,17747,0
1,17806,1,17894
0,17806,1,18247
5,17982,1,18070
6,17982,1,18070
1,18159,1,18247
2,18159,1,18423
3,18159,0
4,18159,1,19482
5,18159,1,18247
6,18159,1,18423
1,18335,1,18423
0,18335,1,19482
6,18511,1,19306
5,18511,1,18600
2,18688,1,18953
1,18688,1,18776
1,19041,1,19129
2,19041,1,19482
6,19394,1,19482
5,19394,1,19482
1,19570,1,19659
0,19570,1,19659
2,19570,1,19835
5,19570,1,19659
6,19570,1,19659
4,19570,1,19659
3,19570,0
0,19747,1,20011
1,19747,1,19835
4,19747,0
5,19747,1,19835
6,19747,1,19835
4,19835,1,20011
2,19923,1,20188
1,19923,1,20011
5,19923,1,20011
6,19923,1,20188
1,20100,1,20188
4,20100,0
0,20100,1,20541
4,20188,1,20894
2,20276,1,20541
5,20276,1,20364
6,20276,1,20717
0,20629,1,21070
1,20629,1,20717
2,20629,1,20717
6,20806,1,20894
5,20806,1,20894
3,20982,0
1,20982,1,21070
2,20982,1,21600
4,20982,1,21600
6,20982,1,21247
5,20982,1,21070
0,21159,1,21600
1,21159,1,21247
5,21335,1,21423
6,21335,1,21600
3,21511,0
5,21688,1,21864
6,21688,1,21776
2,21688,1,21953
0,21688,1,21776
4,21688,1,21953
3,21688,0
0,21864,1,21953
6,21864,1,22129
5,21953,1,22129
1,22041,1,22217
0,22041,1,22129
3,22041,0
2,22041,1,22306
4,22041,1,22129
4,22217,1,22482
6,22217,1,22306
0,22217,1,22482
1,22306,1,22482
6,22394,1,22482
3,22394,0
2,22394,1,22482
3,22482,0
4,22570,0
2,22659,0
0,22747,1,23011
1,22747,1,23011
5,22747,1,23011
6,22747,1,23011
4,22747,0
3,22923,1,23188
4,23100,1,23232
6,23100,1,23320
5,23100,1,23276
2,23100,1,23144
1,23100,0
0,23188,0
1,23232,0
2,23276,0
3,23320,0
4,23364,0
5,23409,0
6,23453,0
6,23629,0
5,23806,0
2,23806,0
1,23894,0
5,23894,0
4,23982,0
2,23982,0
0,24159,0
2,24335,0
0,24511,0
0,24688,0
1,24776,0
2,24864,0
0,25041,0
1,25217,0
2,25394,0
6,25570,0
0,25570,0
6,25747,0
6,25835,0
6,25923,0
0,25923,0
2,26100,0
5,26100,0
1,26188,0
5,26188,0
4,26276,0
2,26276,0
6,26453,0
0,26453,0
5,26629,0
2,26629,0
1,26717,0
5,26717,0
4,26806,0
2,26806,0
0,26982,0
2,27159,0
0,27335,0
0,27511,0
1,27600,0
2,27688,0
0,27864,0
2,28041,0
6,28217,0
0,28217,0
6,28394,0
1,28394,0
6,28482,0
2,28482,0
1,28570,0
5,28570,0
2,28659,0
4,28659,0
6,28747,0
3,28747,0
1,28747,0
0,28747,0
5,28923,0
2,28923,0
1,29011,0
5,29011,0
4,29100,0
2,29100,0
6,29276,0
0,29276,0
5,29453,0
2,29453,0
1,29541,0
5,29541,0
4,29629,0
2,29629,0
0,29806,0
2,29982,0
0,30159,0
0,30335,0
1,30423,0
2,30511,0
0,30688,0
1,30864,0
2,31041,0
6,31217,0
0,31217,0
6,31394,0
2,31394,0
6,31482,0
6,31570,0
0,31570,0
5,31747,0
2,31747,0
1,31835,0
5,31835,0
4,31923,0
2,31923,0
6,32100,0
0,32100,0
5,32276,0
2,32276,0
1,32364,0
5,32364,0
4,32453,0
2,32453,0
0,32629,0
2,32806,0
0,32982,0
0,33159,0
1,33247,0
2,33335,0
0,33511,0
1,33688,0
0,33688,0
2,33776,0
1,33864,0
0,33864,0
2,34041,0
3,34041,0
1,34217,0
0,34217,0
3,34394,1,34659
2,34394,1,34835
0,34394,1,34659
4,34394,1,34570
5,34394,1,34482
6,34394,0
1,34394,0
6,34570,1,34835
5,34659,1,34835
4,34747,1,34835
0,34747,1,34835
1,34747,0
3,34747,1,34835
6,34923,1,35364
2,34923,1,35188
0,34923,1,35188
3,34923,1,35100
4,34923,1,35011
1,34923,0
5,35100,1,35364
4,35188,1,35364
3,35276,1,35364
0,35276,1,35364
1,35276,0
2,35276,1,35364
1,35453,1,35717
3,35453,1,35541
2,35453,1,35629
5,35453,1,35806
6,35453,0
0,35453,0
4,35629,1,35717
3,35717,1,36070
6,35806,1,36070
0,35806,0
2,35806,1,35982
1,35806,1,35894
4,35806,1,36247
0,35982,1,36247
1,36070,1,36247
6,36159,1,36247
2,36159,1,36247
3,36159,1,36247
5,36159,0
6,36335,1,36600
3,36335,1,36511
2,36335,1,36423
0,36335,1,36776
4,36335,1,36600
5,36335,0
1,36511,1,36776
2,36600,1,36776
3,36688,1,36776
6,36688,1,36776
4,36688,1,36776
5,36688,0
3,36864,1,36953
4,36864,1,37041
6,36864,0
0,36864,0
1,36864,1,37041
5,36864,1,37041
2,36864,1,37041
3,37041,0
3,37129,1,37482
2,37217,1,37659
4,37217,1,37394
5,37217,1,37306
1,37217,1,37482
6,37217,0
0,37217,0
6,37394,1,37659
5,37482,1,37659
4,37570,1,37659
1,37570,1,37659
0,37570,0
3,37570,1,37659
4,37747,1,37835
3,37747,1,37923
6,37747,1,38188
1,37747,1,38011
0,37747,0
2,37747,1,38011
5,37923,1,38188
4,38011,1,38188
1,38100,1,38188
3,38100,1,38188
0,38100,0
2,38100,1,38188
0,38276,1,38541
2,38276,1,38453
6,38276,1,38541
3,38276,1,38364
5,38276,1,38541
1,38276,1,38541
4,38453,1,38541
3,38541,1,38894
1,38629,1,38717
5,38629,1,38894
2,38629,1,38806
0,38629,0
6,38629,0
4,38629,1,39070
0,38806,1,39070
1,38894,1,39070
2,38982,1,39070
5,38982,1,39070
6,38982,0
3,38982,1,39070
2,39159,1,39247
0,39159,1,39600
5,39159,1,39423
3,39159,1,39335
6,39159,0
4,39159,1,39423
1,39335,1,39600
2,39423,1,39600
5,39511,1,39600
3,39511,1,39600
6,39511,0
4,39511,1,39600
0,39688,0
6,39688,0
4,39688,0
5,39688,0
1,39747,0
2,39806,0
3,39864,0
4,39923,0
5,39982,0
0,40041,1,40129
1,40041,1,40129
2,40041,1,40217
3,40041,1,40306
6,40041,1,40306
1,40217,0
4,40306,1,40570
2,40306,0
5,40394,1,40482
3,40394,1,40659
6,40394,1,40482
1,40394,0
0,40394,1,40659
5,40570,0
4,40659,0
2,40659,1,40923
1,40747,1,40835
3,40747,1,41011
0,40747,1,40835
5,40747,0
6,40747,1,41011
1,40923,0
4,41011,1,41276
2,41011,0
5,41100,1,41188
6,41100,1,41188
3,41100,1,41364
1,41100,0
0,41100,1,41364
5,41276,0
4,41364,1,41629
2,41364,1,41541
0,41453,1,41541
1,41453,1,41541
3,41453,1,41717
5,41453,1,41541
6,41453,1,41541
0,41629,1,41894
1,41629,1,41717
6,41629,1,41894
5,41717,1,41894
2,41717,1,41806
3,41806,1,42070
1,41806,1,41894
4,41806,1,41894
5,41982,1,42070
6,41982,1,42247
0,41982,1,42247
1,42070,1,42247
4,42070,1,42159
3,42159,1,42423
5,42159,1,42247
2,42159,1,42247
0,42335,1,42600
1,42335,1,42423
6,42335,1,42600
2,42423,1,42511
5,42423,1,42600
3,42511,1,42776
1,42511,1,42600
4,42511,1,42600
5,42688,1,42776
6,42688,1,42953
0,42688,1,42953
4,42776,1,43129
1,42776,1,42953
2,42864,1,43129
3,42864,1,44188
5,42864,1,42953
1,43041,1,43129
0,43041,1,43306
5,43041,1,43129
6,43041,1,43306
1,43217,1,43306
2,43217,1,43482
5,43217,1,43306
4,43217,1,43482
5,43394,1,43482
1,43394,1,43482
0,43394,1,43482
6,43394,1,43659
0,43570,0
1,43570,0
5,43570,1,43659
4,43570,1,43659
1,43659,1,43747
0,43659,1,43747
5,43747,0
4,43747,0
4,43835,1,43923
5,43835,1,43923
2,43923,0
1,43923,0
2,44011,1,44100
1,44011,1,44100
6,44100,0
5,44100,0
6,44188,0
5,44188,0
4,44276,0
3,44276,0
0,44276,0
1,44276,0
6,44276,1,44453
5,44276,1,44453
0,44453,0
4,44453,0
2,44453,0
1,44541,0
6,44629,0
5,44629,0
4,44629,0
3,44629,0
2,44629,0
0,44629,0
0,44806,0
4,44806,0
2,44806,0
1,44894,0
6,44982,0
4,44982,0
2,44982,0
0,44982,0
3,44982,0
4,45070,0
6,45070,0
2,45159,0
0,45159,0
1,45247,0
6,45335,0
5,45335,0
3,45335,0
4,45335,0
2,45335,0
0,45335,0
4,45511,0
0,45688,0
1,45688,1,45732
2,45688,1,45776
3,45688,1,45820
4,45688,1,45864
5,45688,1,45909
6,45688,1,45953
3,46041,0
2,46041,1,46159
1,46041,1,46217
0,46041,1,46276
5,46041,1,46217
6,46041,1,46159
4,46159,1,46276
3,46217,1,46335
2,46276,0
6,46276,1,46511
5,46335,1,46453
4,46394,0
0,46394,1,46629
1,46453,1,46570
2,46511,0
4,46511,1,46629
5,46570,1,46688
2,46629,1,46747
6,46629,1,46747
3,46688,1,46806
4,46747,0
0,46747,1,46982
1,46806,1,46923
6,46806,1,46923
2,46864,0
5,46864,1,46982
4,46923,1,47041
3,46982,1,47159
2,47041,1,47100
4,47100,1,47217
0,47100,1,47335
1,47159,1,47276
5,47159,1,47335
2,47217,0
6,47217,1,47276
4,47276,1,47394
3,47335,1,47511
2,47394,1,47453
4,47453,1,47570
0,47453,1,47688
1,47511,1,47629
5,47511,1,47688
2,47570,0
6,47570,1,47629
4,47629,1,47747
3,47688,1,47864
2,47747,1,47806
0,47806,0
4,47806,1,47923
5,47806,1,47982
6,47806,1,48041
1,47864,0
2,47923,0
3,47982,0
4,48041,0
5,48100,0
0,48159,1,48423
6,48159,0
3,48159,0
1,48203,1,48423
2,48247,1,48423
6,48335,1,48423
3,48335,0
5,48379,1,48423
4,48423,1,48688
3,48511,1,48644
2,48511,1,48600
1,48511,1,48556
5,48511,1,48732
6,48511,1,48776
0,48511,0
3,48864,0
0,48864,1,49041
1,48864,1,48982
2,48864,1,48923
6,48864,1,48982
5,48923,1,49041
4,48982,1,49100
3,49041,1,49159
2,49100,1,49217
1,49159,1,49394
3,49217,1,49306
6,49217,0
0,49217,0
4,49261,1,49350
5,49306,1,49570
3,49394,1,49482
2,49438,1,49526
1,49482,1,49747
0,49570,0
6,49570,0
3,49570,1,49659
4,49614,1,49703
5,49659,1,49923
3,49747,1,49835
2,49791,1,49879
1,49835,1,49923
0,49879,1,50056
6,49923,0
3,49923,1,50011
4,49967,1,50056
5,50011,1,50100
1,50011,1,50100
6,50056,1,50232
3,50100,1,50188
2,50144,1,50232
1,50188,1,50276
5,50188,1,50276
0,50232,1,50409
3,50276,1,50364
4,50320,1,50409
5,50364,1,50453
1,50364,1,50453
6,50409,1,50585
3,50453,1,50541
2,50497,1,50585
5,50541,1,50629
1,50541,1,50629
0,50585,1,50717
4,50629,0
3,50688,0
4,50747,0
5,50806,0
6,50864,0
4,50923,0
2,50982,0
2,51070,0
4,51159,0
4,51247,1,51423
6,51335,0
5,51335,1,51379
2,51335,1,51511
3,51335,1,51467
1,51335,1,51556
0,51335,1,51600
4,51688,1,51806
3,51688,0
5,51688,1,51864
6,51688,1,51923
1,51688,1,51864
0,51688,1,51806
2,51806,1,51923
3,51864,1,51982
0,51923,1,52159
4,51923,0
1,51982,1,52100
6,52041,1,52276
2,52041,0
5,52100,1,52217
2,52159,1,52276
4,52159,0
1,52217,1,52335
4,52276,1,52394
0,52276,1,52394
3,52335,1,52453
6,52394,1,52629
2,52394,0
5,52453,1,52570
0,52453,1,52570
4,52511,0
1,52511,1,52629
2,52570,1,52688
3,52629,1,52806
4,52688,1,52747
6,52747,1,52982
2,52747,1,52864
1,52806,1,52982
5,52806,1,52923
0,52864,1,52923
4,52864,0
2,52923,1,53041
3,52982,1,53159
4,53041,1,53100
6,53100,1,53335
2,53100,1,53217
1,53159,1,53335
5,53159,1,53276
0,53217,1,53276
4,53217,0
2,53276,1,53394
3,53335,1,53511
4,53394,1,53453
6,53453,0
2,53453,1,53570
0,53453,1,53688
1,53453,1,53629
5,53511,0
4,53570,0
3,53629,0
2,53688,0
1,53747,0
6,53806,1,54070
0,53806,0
3,53806,0
5,53850,1,54070
4,53894,1,54070
0,53982,1,54070
3,53982,0
1,54026,1,54070
2,54070,1,54335
3,54159,1,54291
4,54159,1,54247
5,54159,1,54203
1,54159,1,54379
0,54159,1,54423
6,54159,0
6,54335,0
5,54423,0
0,54511,1,54688
3,54511,0
4,54511,0
1,54511,0
4,54600,1,54776
2,54688,1,54776
6,54688,1,54776
5,54688,1,54776
1,54732,1,54820
0,54776,1,54864
3,54864,0
6,54864,1,55041
2,54864,0
5,54864,0
2,54953,1,55129
0,55041,1,55129
4,55041,1,55129
1,55041,1,55129
5,55085,1,55173
6,55129,1,55217
0,55217,1,55394
3,55217,0
4,55217,0
1,55217,0
4,55306,1,55482
6,55394,1,55482
2,55394,1,55482
5,55394,1,55482
1,55438,1,55526
0,55482,1,55923
6,55570,1,55923
3,55570,1,55923
5,55570,0
4,55570,0
2,55570,1,55747
4,55747,0
4,55835,0
5,55923,0
2,55923,0
1,55923,0
0,56100,1,56453
3,56100,1,56453
6,56100,1,56453
2,56100,0
1,56100,0
4,56100,1,56276
2,56276,0
2,56364,0
1,56453,0
5,56453,0
4,56453,0
6,56629,0
5,56629,0
0,56629,1,56894
1,56673,1,56894
2,56717,1,56894
3,56761,1,56894
4,56806,1,56894
5,56850,1,56894
6,56894,0
0,56982,0
1,56982,1,57026
2,56982,1,57070
3,56982,1,57114
4,56982,1,57159
5,56982,1,57203
6,56982,1,57247
3,57335,0
4,57335,0
2,57335,1,57570
6,57335,0
5,57335,0
1,57394,1,57511
6,57453,1,57570
0,57453,0
5,57511,1,57629
0,57570,1,57806
4,57570,1,57688
1,57629,1,57747
2,57688,0
6,57688,1,57923
3,57688,0
5,57747,1,57864
2,57806,1,57923
4,57806,0
1,57864,1,57982
4,57923,1,58159
0,57923,1,58041
5,57982,1,58100
2,58041,1,58129
3,58041,0
6,58041,0
1,58085,1,58173
0,58129,1,58350
4,58217,1,58306
2,58217,0
5,58261,1,58350
6,58306,1,58526
0,58394,1,58482
4,58394,0
3,58394,0
1,58438,1,58526
2,58482,1,58703
6,58570,1,58659
0,58570,0
5,58614,1,58703
4,58659,1,58879
2,58747,1,58835
6,58747,0
3,58747,0
1,58791,1,58879
0,58835,1,59056
4,58923,1,59100
2,58923,0
5,58967,1,59056
6,59011,0
6,59100,0
3,59100,1,59159
2,59100,1,59217
1,59100,1,59276
0,59100,1,59335
5,59159,0
4,59217,0
3,59276,0
2,59335,0
1,59394,0
0,59453,0
3,59453,0
6,59453,1,59761
5,59497,1,59717
4,59541,1,59673
3,59629,0
0,59629,1,59717
1,59673,1,59761
2,59717,1,59894
1,59806,1,59850
0,59806,0
3,59806,1,59938
4,59806,1,59982
5,59806,1,60026
6,59806,1,60070
0,60159,0
4,60159,0
5,60159,0
6,60159,0
1,60217,0
2,60276,0
3,60335,0
4,60394,0
5,60453,0
1,60511,0
0,60511,0
3,60511,0
6,60511,1,60776
2,60600,0
5,60600,1,60732
1,60644,0
0,60688,1,60953
3,60688,0
4,60776,0
1,60776,1,60909
5,60820,0
6,60864,1,61129
3,60864,0
2,60953,0
5,60953,1,61085
1,60997,0
0,61041,1,61306
3,61041,0
4,61129,0
1,61129,1,61261
5,61173,0
6,61217,1,61482
3,61217,1,61306
5,61306,1,61438
2,61306,1,61394
1,61350,0
0,61394,1,61659
3,61394,1,61482
1,61482,1,61614
4,61482,1,61570
5,61526,0
6,61570,1,61835
3,61570,1,61659
5,61659,1,61791
2,61659,1,61747
1,61703,0
0,61747,1,62011
3,61747,1,61835
1,61835,1,61967
4,61835,1,61923
5,61879,0
3,61923,0
6,61923,0
4,61982,0
5,62041,0
4,62100,0
3,62159,0
2,62217,0
4,62276,0
5,62276,0
1,62276,0
3,62453,0
3,62541,0
0,62629,1,62894
1,62629,1,62806
2,62629,1,62717
5,62629,1,62806
6,62629,1,62894
4,62629,1,62717
0,62982,1,63276
1,62982,1,63276
4,62982,0
6,62982,1,63100
5,62982,1,63041
2,63041,1,63276
3,63100,1,63217
4,63159,0
5,63335,1,63688
6,63335,1,63688
1,63335,1,63394
0,63335,1,63453
2,63335,0
4,63394,1,63629
3,63453,1,63570
2,63511,0
3,63688,1,63864
0,63688,1,64041
1,63688,1,63997
2,63688,0
4,63732,1,63820
5,63776,0
6,63864,1,63953
2,63864,1,63953
5,63909,1,63953
4,63953,0
3,64041,1,64217
5,64041,1,64350
6,64041,1,64394
2,64085,1,64173
1,64129,0
0,64217,1,64306
4,64217,1,64306
1,64261,1,64306
2,64306,0
3,64394,1,64570
1,64394,1,64703
0,64394,1,64747
4,64438,1,64526
5,64482,0
6,64570,1,64659
2,64570,1,64659
5,64614,1,64659
4,64659,0
6,64747,1,65100
5,64747,1,65056
3,64747,1,65041
2,64806,1,64982
1,64864,1,64923
0,64923,0
1,64982,0
2,65041,0
0,65100,1,65453
1,65100,1,65188
3,65100,1,65276
4,65144,1,65232
5,65188,0
2,65276,1,65364
1,65276,1,65409
6,65276,1,65364
5,65320,1,65364
4,65364,0
5,65453,1,65541
3,65453,1,65629
6,65453,1,65806
2,65497,1,65585
1,65541,0
0,65629,1,65717
5,65629,1,65761
4,65629,1,65717
1,65673,1,65717
2,65717,1,65894
1,65806,1,65894
3,65806,1,65982
0,65806,1,66159
4,65850,1,65938
5,65894,0
1,65982,1,66114
2,65982,1,66070
6,65982,1,66070
5,66026,1,66070
4,66070,1,66247
3,66159,1,66335
5,66159,1,66247
6,66159,1,66511
2,66203,1,66291
1,66247,0
0,66335,1,66423
5,66335,1,66467
4,66335,1,66423
1,66379,1,66423
2,66423,0
3,66511,1,66864
1,66511,0
0,66511,0
4,66511,0
1,66600,1,66688
0,66600,1,66688
6,66688,0
5,66688,0
6,66776,0
5,66776,0
0,66864,0
1,66864,0
5,66864,1,67129
6,66864,1,67085
4,67041,1,67482
5,67217,1,67438
3,67394,1,67879
4,67570,1,67835
2,67747,1,67879
2,67923,1,68188
6,67923,0
5,67923,0
1,67967,1,68188
0,68011,1,68188
6,68276,0
0,68276,1,68541
2,68276,1,68453
1,68276,1,68497
3,68276,1,68409
4,68276,1,68364
5,68276,1,68320
5,68409,0
4,68453,0
3,68497,0
2,68541,0
1,68585,0
0,68629,0
2,68806,1,69070
6,68806,1,69070
3,68806,1,68894
5,68806,1,68894
0,68982,0
1,68982,0
5,68982,0
4,68982,0
3,68982,0
6,69159,1,69247
3,69159,1,69247
2,69159,1,69423
5,69159,1,69423
3,69335,1,69600
6,69335,1,69423
4,69335,0
1,69335,0
1,69511,1,69600
5,69511,1,69776
4,69511,1,69600
2,69511,1,69776
4,69688,1,69953
1,69688,1,69953
6,69688,0
0,69688,0
3,69688,0
0,69864,1,69953
2,69864,1,69953
3,69864,1,70129
5,69864,1,69953
2,70041,1,70306
5,70041,1,70306
4,70041,0
1,70041,0
1,70217,1,70306
3,70217,1,70306
4,70217,1,70482
6,70217,1,70306
2,70394,1,70659
5,70394,1,70659
0,70394,0
1,70394,0
6,70394,0
3,70394,0
6,70570,1,70659
4,70570,1,70659
3,70570,1,70835
1,70570,1,70659
4,70747,1,71011
5,70747,1,71011
2,70747,1,71011
1,70747,1,71011
3,70923,1,71011
6,71100,1,71364
5,71100,1,71320
3,71100,1,71232
2,71100,1,71188
1,71100,1,71144
4,71100,1,71276
0,71100,0
1,71232,0
2,71276,0
3,71320,0
4,71364,0
5,71409,0
6,71453,0
4,71629,1,71894
0,71629,1,71894
3,71629,1,71717
1,71629,1,71717
6,71806,0
5,71806,0
1,71806,0
2,71806,0
3,71806,0
0,71982,1,72070
3,71982,1,72070
4,71982,1,72247
1,71982,1,72247
5,72159,1,72247
3,72159,1,72423
2,72159,1,72247
0,72159,1,72247
5,72335,1,72423
1,72335,1,72423
4,72335,1,72423
2,72335,1,72600
1,72511,1,72776
4,72511,1,72776
3,72511,0
0,72511,0
5,72688,1,72953
3,72688,1,72776
2,72688,1,72953
0,72688,1,72776
3,72864,1,73129
0,72864,1,73129
6,72864,1,73482
4,72864,0
1,72864,0
2,73041,1,73129
5,73041,1,73129
1,73041,1,73129
4,73041,1,73129
0,73217,1,73482
4,73217,1,73747
2,73217,1,73747
5,73217,0
3,73217,0
1,73217,0
1,73394,1,73747
3,73394,1,73482
5,73394,1,73747
0,73570,0
3,73747,0
3,73835,1,74056
4,73923,1,74100
2,73923,1,74011
6,73923,1,74188
5,73923,1,74144
1,73923,1,73967
0,73923,0
1,74056,0
2,74100,0
3,74144,0
4,74188,0
5,74232,0
6,74276,0
2,74453,1,74717
6,74453,1,74717
3,74453,1,74541
5,74453,1,74541
0,74629,0
1,74629,0
5,74629,0
4,74629,0
3,74629,0
6,74806,1,74894
3,74806,1,74894
2,74806,1,75070
5,74806,1,75070
1,74982,1,75070
3,74982,1,75247
4,74982,1,75070
6,74982,1,75070
1,75159,1,75247
5,75159,1,75335
4,75159,1,75247
2,75159,1,75247
6,75335,0
4,75335,1,75423
3,75335,1,75600
0,75335,1,75600
1,75335,0
5,75511,1,75600
1,75511,1,75776
4,75511,1,75776
2,75511,0
2,75688,1,75953
6,75688,1,75776
5,75688,1,75953
3,75688,0
3,75864,1,76129
6,75864,1,76129
0,75864,1,75953
4,75864,0
1,76041,1,76306
4,76041,1,76306
5,76041,0
2,76041,1,76129
0,76041,1,76129
2,76217,1,76482
5,76217,1,76482
6,76217,0
3,76217,1,76306
0,76217,1,76306
6,76394,1,76570
3,76394,1,76570
0,76394,1,76570
4,76394,1,76482
1,76394,1,76482
4,76570,1,76835
0,76747,1,77011
2,76747,1,77011
1,76747,1,76835
5,76747,1,77011
3,76747,0
1,76923,1,77188
3,76923,1,77188
6,76923,1,77188
4,76923,0
2,77100,1,77364
4,77100,1,77364
5,77100,0
0,77100,1,77188
3,77276,1,77541
5,77276,1,77541
0,77276,1,77541
6,77276,0
1,77276,1,77364
4,77453,1,77717
6,77453,1,77717
1,77453,1,77717
2,77453,1,77541
2,77629,1,77894
5,77629,1,77894
3,77629,1,77717
3,77806,1,78070
6,77806,1,78070
4,77806,1,77894
4,77982,1,78247
5,77982,1,78070
5,78159,0
1,78159,0
6,78159,1,78423
0,78159,1,78423
2,78159,1,78247
3,78159,1,78335
2,78335,0
4,78335,0
2,78423,0
4,78423,0
6,78511,0
0,78511,0
3,78511,1,78600
2,78688,1,78776
1,78688,0
5,78688,0
6,78688,1,78953
0,78688,1,78953
3,78688,1,78864
4,78688,1,78776
2,78864,0
4,78864,0
4,78953,0
2,78953,0
3,79041,1,79129
0,79041,0
6,79041,0
6,79217,1,79482
0,79217,0
1,79217,0
5,79261,1,79482
4,79306,1,79482
3,79350,1,79482
2,79394,1,79482
1,79438,1,79482
0,79482,0
4,79570,1,79747
2,79570,1,79659
3,79570,1,79703
5,79570,1,79791
6,79570,1,79835
0,79570,0
1,79570,1,79614
1,79747,0
2,79835,0
1,79923,0
0,80100,0
1,80188,0
2,80276,0
1,80453,0
2,80541,0
2,80717,0
1,80806,0
0,80982,0
2,81159,0
1,81247,0
2,81335,0
0,81511,0
1,81600,0
2,81688,0
1,81864,0
2,81953,0
6,82041,0
2,82129,0
1,82217,0
6,82217,0
6,82306,0
6,82394,0
0,82394,0
1,82570,0
5,82570,0
2,82659,0
5,82659,0
1,82747,0
4,82747,0
0,82923,0
6,82923,0
1,83011,0
2,83100,0
5,83100,0
5,83188,0
1,83276,0
4,83276,0
2,83364,0
2,83541,0
1,83629,0
0,83806,0
2,83982,0
1,84070,0
2,84159,0
0,84335,0
1,84423,0
2,84511,0
1,84688,0
6,84688,0
2,84776,0
6,84864,0
2,84953,0
6,84953,0
1,85041,0
4,85041,0
5,85129,0
0,85217,0
6,85217,0
1,85394,0
5,85394,0
2,85482,0
5,85482,0
1,85570,0
4,85570,0
0,85747,0
6,85747,0
1,85835,0
2,85923,0
5,85923,0
5,86011,0
1,86100,0
4,86100,0
2,86188,0
2,86364,0
1,86453,0
0,86629,0
2,86806,0
1,86894,0
2,86982,0
0,87159,0
1,87247,0
2,87335,0
1,87511,0
2,87600,0
6,87688,0
2,87776,0
1,87864,0
6,87864,0
6,87953,0
0,88041,0
6,88041,0
1,88217,0
5,88217,0
2,88306,0
5,88306,0
1,88394,0
4,88394,0
0,88570,0
6,88570,0
1,88659,0
2,88747,0
5,88747,0
5,88835,0
1,88923,0
4,88923,0
2,89011,0
2,89188,0
1,89276,0
0,89453,0
2,89629,0
1,89717,0
2,89806,0
0,89982,0
1,90070,0
2,90159,0
1,90335,0
6,90335,0
2,90423,0
6,90511,0
2,90600,0
6,90600,0
1,90688,0
5,90688,0
4,90776,0
0,90864,0
6,90864,1,91217
3,90864,0
1,90909,0
2,90953,0
5,91041,1,91394
2,91129,0
1,91217,0
4,91217,1,91570
6,91394,0
0,91394,0
3,91394,1,91747
2,91482,0
5,91570,0
1,91659,0
4,91747,0
2,91747,0
1,91835,0
6,91923,0
3,91923,0
5,92100,0
2,92100,0
4,92188,0
0,92276,0
6,92276,1,92629
3,92276,0
1,92320,0
2,92364,0
5,92453,1,92806
2,92541,0
1,92629,0
4,92629,1,92982
6,92806,0
0,92806,0
3,92806,1,93159
2,92894,0
5,92982,0
1,93070,0
4,93159,0
2,93159,0
1,93247,0
6,93335,0
3,93335,0
2,93511,0
4,93511,0
4,93600,0
0,93688,0
6,93688,1,94041
3,93688,0
1,93732,0
2,93776,0
5,93864,1,94217
2,93953,0
1,94041,0
4,94041,1,94394
6,94217,0
0,94217,0
3,94217,1,94570
2,94306,0
5,94394,0
1,94482,0
4,94570,0
2,94570,0
1,94659,0
6,94747,0
3,94747,0
5,94923,0
2,94923,0
4,95011,0
0,95100,0
6,95100,1,95453
3,95100,0
1,95144,0
2,95188,0
5,95276,1,95629
2,95364,0
1,95453,0
4,95453,1,95806
6,95629,0
0,95629,0
3,95629,1,95982
2,95717,0
5,95806,0
1,95894,0
4,95982,0
2,95982,0
1,96070,0
6,96159,0
3,96159,0
2,96335,0
4,96335,0
4,96423,1,96600
0,96511,0
6,96511,1,96600
3,96511,1,96600
1,96556,0
2,96600,0
6,96688,1,96953
5,96776,1,96953
2,96776,0
1,96864,0
4,96864,1,97129
0,97041,0
6,97041,1,97129
3,97041,1,97129
2,97129,0
6,97217,1,97482
1,97306,0
5,97306,1,97482
2,97394,0
4,97394,1,97659
1,97482,0
3,97570,1,97659
6,97570,1,97659
2,97747,0
5,97747,1,98011
4,97835,1,98011
0,97923,0
6,97923,1,98011
3,97923,1,98011
1,97967,0
2,98011,0
6,98100,1,98364
2,98188,0
5,98188,1,98364
1,98276,0
4,98276,1,98541
0,98453,0
6,98453,1,98541
3,98453,1,98541
2,98541,0
6,98629,1,98894
1,98717,0
5,98717,1,98894
2,98806,0
4,98806,1,99070
1,98894,0
3,98982,1,99070
6,98982,1,99070
1,99159,0
4,99159,0
4,99247,1,99423
0,99335,0
6,99335,1,99423
5,99335,1,99423
3,99335,1,99423
1,99379,0
2,99423,0
6,99511,1,99776
2,99600,0
5,99600,1,99776
1,99688,0
4,99688,1,99953
0,99864,0
6,99864,1,99953
3,99864,1,99953
2,99953,0
6,100041,1,100306
1,100129,0
5,100129,1,100306
2,100217,0
4,100217,1,100482
1,100306,0
6,100394,1,100659
3,100394,1,100482
1,100570,0
5,100570,1,100835
4,100659,1,100835
0,100747,0
6,100747,1,100835
3,100747,1,101188
6,100923,1,101188
5,101011,1,101188
4,101100,1,101188
0,101276,0
3,101276,1,101717
6,101276,1,101364
6,101453,1,101717
5,101541,1,101717
4,101629,1,101717
6,101806,0
5,101806,0
0,101806,1,102070
1,101850,1,102070
2,101894,1,102070
3,101938,1,102070
4,101982,1,102070
5,102026,1,102070
6,102070,0
4,102159,0
3,102159,0
0,102159,1,102423
2,102159,1,102423
1,102159,1,102600
5,102159,1,102335
6,102159,1,102335
4,102335,0
4,102423,1,102511
0,102511,1,102600
2,102511,1,102600
6,102511,1,102688
5,102511,1,102688
3,102688,0
0,102688,1,102864
2,102688,1,102864
1,102688,1,103041
6,102776,0
5,102820,0
4,102864,0
0,102953,1,103041
2,102953,1,103041
4,102953,1,103041
5,103041,1,103129
6,103041,1,103129
3,103085,1,103306
2,103129,1,103306
1,103173,1,103306
4,103217,1,103306
0,103217,1,103306
5,103217,0
6,103217,1,103306
4,103394,0
6,103394,0
5,103394,0
0,103482,0
1,103482,0
2,103482,0
2,103570,0
6,103570,1,103835
4,103570,1,103835
5,103570,1,104011
0,103570,1,103747
1,103570,1,103747
2,103747,0
2,103835,1,103923
6,103923,1,104011
4,103923,1,104011
0,103923,1,104100
1,103923,1,104100
3,104100,0
6,104100,1,104276
4,104100,1,104276
5,104100,1,104453
0,104188,0
1,104232,0
2,104276,0
6,104364,1,104453
4,104364,1,104453
2,104364,1,104453
1,104453,1,104541
0,104453,1,104541
3,104497,1,104717
4,104541,1,104717
5,104585,1,104717
2,104629,1,104717
6,104629,1,104717
1,104629,0
0,104629,1,104717
3,104806,0
0,104806,0
1,104806,0
5,104806,0
6,104806,0
3,104894,0
0,104982,1,105247
2,104982,1,105247
1,104982,1,105423
4,104982,0
5,104982,1,105159
6,104982,1,105159
4,105159,0
4,105247,1,105335
6,105335,1,105511
5,105335,1,105511
0,105335,1,105423
2,105335,1,105423
1,105511,1,105864
2,105511,1,105688
3,105511,0
0,105511,1,105688
6,105600,0
5,105644,0
4,105688,0
4,105776,1,105864
2,105776,1,105864
0,105776,1,105864
6,105864,1,105953
5,105864,1,105953
3,105909,1,106129
2,105953,1,106129
1,105997,1,106129
5,106041,0
6,106041,1,106129
4,106041,1,106129
0,106041,1,106129
5,106217,0
6,106217,0
4,106217,0
2,106306,0
1,106306,0
0,106306,0
5,106394,1,106835
6,106394,1,106659
2,106394,0
4,106394,1,106659
0,106394,1,106570
1,106394,1,106570
2,106570,0
2,106659,1,106747
4,106747,1,106835
6,106747,1,106835
0,106747,1,106835
1,106747,1,106835
3,106747,0
6,106923,0
4,106923,1,107188
5,106923,1,107276
1,106923,0
0,106923,0
3,106967,1,107144
2,107011,1,107100
6,107100,1,107276
0,107100,1,107188
2,107188,1,107364
1,107188,1,107541
3,107232,1,107364
4,107276,1,107364
0,107364,1,107541
5,107364,1,107453
6,107364,1,107453
4,107453,1,107541
3,107453,1,107541
2,107453,1,107541
3,107629,0
3,107717,0
6,107806,0
0,107806,1,108070
2,107806,1,108070
1,107806,1,108247
4,107806,1,107982
5,107806,1,107982
6,107982,0
6,108070,1,108159
0,108159,1,108247
2,108159,1,108247
5,108159,1,108335
4,108159,1,108335
3,108335,0
0,108335,1,108511
2,108335,1,108511
1,108335,1,108688
4,108423,0
5,108467,0
6,108511,0
0,108600,1,108688
2,108600,1,108688
6,108600,1,108688
5,108688,1,108776
4,108688,1,108776
3,108732,1,108953
2,108776,1,108953
1,108820,1,108953
0,108864,1,108953
6,108864,1,108953
4,108864,0
5,108864,1,108953
4,109041,0
6,109041,0
5,109041,0
0,109129,0
1,109129,0
2,109129,0
0,109217,0
6,109217,1,109482
4,109217,1,109482
5,109217,1,109659
2,109217,1,109394
1,109217,1,109394
0,109394,0
0,109482,1,109570
6,109570,1,109659
4,109570,1,109659
1,109570,1,109747
2,109570,1,109747
3,109747,0
6,109747,1,109923
4,109747,1,109923
5,109747,1,110100
2,109835,0
1,109879,0
0,109923,0
6,110011,1,110100
4,110011,1,110100
0,110011,1,110100
1,110100,1,110188
2,110100,1,110188
3,110144,1,110364
4,110188,1,110364
5,110232,1,110364
6,110276,1,110364
0,110276,1,110364
2,110276,0
1,110276,1,110364
3,110453,0
0,110453,0
1,110453,0
5,110453,0
6,110453,0
3,110541,0
6,110629,0
0,110629,1,110894
2,110629,1,110894
1,110629,1,111070
4,110629,1,110806
5,110629,1,110806
6,110806,0
6,110894,1,110982
0,110982,1,111070
2,110982,1,111070
5,110982,1,111159
4,110982,1,111159
3,111159,0
0,111159,1,111335
2,111159,1,111335
1,111159,1,111511
4,111247,0
5,111291,0
6,111335,0
0,111423,1,111511
2,111423,1,111511
6,111423,1,111511
5,111511,1,111600
4,111511,1,111600
3,111556,1,111776
2,111600,1,111776
1,111644,1,111776
0,111688,1,111776
6,111688,1,111776
4,111688,0
5,111688,1,111776
4,111864,0
6,111864,0
5,111864,0
0,111953,0
1,111953,0
2,111953,0
6,112041,1,112217
1,112041,1,112261
2,112041,1,112306
0,112041,1,112217
5,112085,1,112217
4,112129,1,112217
3,112217,1,112306
0,112306,1,112482
4,112306,1,112570
6,112306,1,112482
5,112306,1,112526
1,112350,1,112482
2,112394,1,112482
3,112482,1,112570
6,112570,1,112747
2,112570,1,112747
1,112570,1,112747
0,112570,1,112747
5,112614,1,112747
4,112659,1,112747
3,112747,1,112835
1,112835,0
0,112835,0
5,112835,0
6,112835,0
6,113011,0
5,113011,0
1,113011,0
0,113011,0
4,113100,1,113188
3,113100,0
0,113100,1,113188
1,113100,1,113188
2,113100,1,113188
6,113100,1,113188
5,113100,1,113188
3,113276,0
3,113364,0
6,113453,1,113717
4,113453,1,113717
5,113453,1,113894
0,113453,1,113629
2,113453,1,113541
1,113453,1,113585
3,113541,1,113806
2,113629,0
2,113717,1,113806
6,113806,1,113894
4,113806,1,113894
0,113806,1,113982
1,113806,1,113982
6,113982,1,114159
4,113982,1,114159
5,113982,1,114335
3,113982,0
0,114070,1,114247
1,114114,1,114247
2,114159,0
6,114247,1,114335
4,114247,1,114335
2,114247,1,114335
1,114335,1,114423
0,114335,1,114423
3,114379,1,114600
4,114423,1,114600
5,114467,1,114600
2,114511,1,114600
6,114511,1,114600
1,114511,0
0,114511,1,114600
2,114688,0
0,114688,0
1,114688,0
6,114776,0
5,114776,0
4,114776,0
4,114864,0
0,114864,1,115129
2,114864,1,115129
1,114864,1,115306
6,114864,1,115041
5,114864,1,115041
4,115041,0
4,115129,1,115217
0,115217,1,115306
2,115217,1,115306
6,115217,1,115394
5,115217,1,115394
0,115394,1,115570
2,115394,1,115570
1,115394,1,115747
3,115394,0
6,115482,1,115659
5,115526,1,115659
4,115570,0
0,115659,1,115747
2,115659,1,115747
4,115659,1,115747
5,115747,1,115835
6,115747,1,115835
3,115791,1,116011
2,115835,1,116011
1,115879,1,116011
4,115923,1,116011
0,115923,1,116011
5,115923,0
6,115923,1,116011
3,116100,0
6,116100,0
5,116100,0
1,116100,0
0,116100,0
3,116188,0
6,116276,1,116541
4,116276,1,116541
5,116276,1,116717
2,116276,0
1,116276,1,116453
0,116276,1,116453
2,116453,0
2,116541,1,116629
0,116629,1,116806
1,116629,1,116806
6,116629,1,116717
4,116629,1,116717
5,116806,1,117159
4,116806,1,116982
3,116806,0
6,116806,1,116982
0,116894,1,117070
1,116938,1,117070
2,116982,0
2,117070,1,117159
4,117070,1,117159
6,117070,1,117159
0,117159,1,117247
1,117159,1,117247
3,117203,1,117423
4,117247,1,117423
5,117291,1,117423
1,117335,0
0,117335,1,117423
2,117335,1,117423
6,117335,1,117423
1,117511,0
0,117511,0
2,117511,0
4,117600,0
5,117600,0
6,117600,0
1,117688,1,118129
0,117688,1,117953
4,117688,0
2,117688,1,117953
6,117688,1,117864
5,117688,1,117864
4,117864,0
4,117953,1,118041
2,118041,1,118129
0,118041,1,118129
6,118041,1,118129
5,118041,1,118129
3,118041,0
0,118217,0
2,118217,1,118482
1,118217,1,118570
5,118217,0
6,118217,0
3,118261,1,118438
4,118306,1,118394
0,118394,1,118570
6,118394,1,118482
4,118482,1,118659
5,118482,1,118835
3,118526,1,118659
2,118570,1,118659
6,118659,1,118835
1,118659,1,118747
0,118659,1,118747
2,118747,1,118835
3,118747,1,118835
4,118747,1,118835
3,118923,0
3,119011,0
0,119100,0
6,119100,1,119364
4,119100,1,119364
5,119100,1,119541
2,119100,1,119276
1,119100,1,119276
0,119276,0
3,119276,1,119541
0,119364,1,119453
6,119453,1,119541
4,119453,1,119541
1,119453,1,119629
2,119453,1,119629
0,119629,0
3,119629,0
6,119629,1,119806
4,119629,1,119806
5,119629,1,119982
2,119717,1,119894
1,119761,1,119894
0,119806,0
6,119894,1,119982
4,119894,1,119982
0,119894,1,119982
1,119982,1,120070
2,119982,1,120070
3,120026,1,120423
4,120070,1,120247
5,120114,1,120247
0,120159,1,120247
2,120159,0
1,120159,1,120247
6,120159,1,120247
2,120335,0
0,120335,0
1,120335,0
6,120423,0
5,120423,0
4,120423,0
6,120511,0
0,120511,1,120776
2,120511,1,120776
1,120511,1,120953
4,120511,1,120688
5,120511,1,120688
6,120688,0
3,120688,1,120953
6,120776,1,120864
0,120864,1,120953
2,120864,1,120953
5,120864,1,121041
4,120864,1,121041
6,121041,0
3,121041,0
0,121041,1,121217
2,121041,1,121217
1,121041,1,121394
4,121129,1,121306
5,121173,1,121306
6,121217,0
0,121306,1,121394
2,121306,1,121394
6,121306,1,121394
5,121394,1,121482
4,121394,1,121482
3,121438,1,121659
2,121482,1,121659
1,121526,1,121659
0,121570,1,121659
6,121570,1,121659
4,121570,0
5,121570,1,121659
3,121747,0
6,121747,0
5,121747,0
1,121747,0
0,121747,0
3,121835,0
0,121923,0
6,121923,1,122188
4,121923,1,122188
5,121923,1,122364
2,121923,1,122100
1,121923,1,122100
0,122100,0
3,122100,1,122364
0,122188,1,122276
6,122276,1,122364
4,122276,1,122364
1,122276,1,122453
2,122276,1,122453
0,122453,0
3,122453,0
6,122453,1,122629
4,122453,1,122629
5,122453,1,122806
2,122541,1,122717
1,122585,1,122717
0,122629,0
6,122717,1,122806
4,122717,1,122806
0,122717,1,122806
1,122806,1,122894
2,122806,1,122894
3,122850,1,123247
4,122894,1,123070
5,122938,1,123070
6,122982,1,123070
0,122982,1,123070
2,122982,0
1,122982,1,123070
2,123159,0
0,123159,0
1,123159,0
6,123247,0
5,123247,0
4,123247,0
4,123335,0
5,123335,0
6,123335,0
3,123335,0
2,123335,0
1,123335,0
0,123335,0
2,123511,1,123600
4,123511,1,123600
3,123600,1,123776
2,123688,1,123776
4,123688,1,123776
3,123864,0
3,124041,1,124129
2,124129,1,124306
4,124129,1,124306
3,124217,1,124306
4,124394,0
5,124394,0
6,124394,0
1,124394,1,124570
2,124394,1,124526
0,124394,1,124614
3,124482,1,124614
6,124570,1,124747
5,124614,1,124747
4,124659,1,124747
3,124703,1,125011
1,124747,0
2,124747,0
0,124747,1,125188
2,124923,0
5,124923,1,125011
2,125011,1,125188
4,125011,1,125100
1,125100,1,125188
3,125100,1,125188
3,125276,1,125541
6,125276,1,125717
4,125453,0
1,125453,1,125541
4,125541,1,125717
2,125541,1,125629
5,125629,1,125717
3,125629,1,125717
4,125806,0
6,125806,0
2,125894,0
0,125894,0
4,125982,1,126070
5,125982,1,126070
2,126070,1,126159
1,126070,1,126159
3,126159,1,126423
6,126159,1,126600
0,126159,0
1,126335,1,126423
5,126335,0
2,126423,1,126511
5,126423,1,126600
4,126511,1,126600
3,126511,1,126600
3,126688,1,126953
0,126688,1,127129
6,126688,0
5,126864,1,126953
1,126864,0
1,126953,1,127129
4,126953,1,127041
2,127041,1,127129
3,127041,1,127129
2,127217,0
0,127217,0
6,127306,0
4,127306,0
2,127394,0
2,127482,0
3,127570,1,127835
0,127570,1,128011
1,127570,0
5,127570,0
6,127570,0
5,127747,1,127835
2,127747,0
2,127835,1,128011
4,127835,1,127923
3,127923,1,128011
1,127923,1,128011
6,128100,1,128541
3,128100,1,128364
0,128100,0
1,128276,1,128364
4,128276,0
2,128364,1,128453
4,128364,1,128541
3,128453,1,128541
5,128453,1,128541
2,128629,0
0,128629,0
4,128717,0
6,128717,0
2,128806,1,128894
1,128806,1,128894
4,128894,1,128982
5,128894,1,128982
3,128982,1,129247
6,128982,1,129423
0,128982,0
1,129159,1,129247
5,129159,0
2,129247,1,129335
5,129247,1,129423
3,129335,1,129423
4,129335,1,129423
6,129511,0
3,129511,1,129776
0,129511,1,129953
1,129688,0
5,129688,1,129776
1,129776,1,129953
4,129776,1,129864
2,129864,1,129953
3,129864,1,129953
0,130041,0
1,130041,0
6,130041,0
2,130041,0
3,130041,1,130129
4,130085,1,130306
5,130129,1,130306
6,130173,1,130306
3,130217,1,130394
2,130261,1,130394
1,130306,1,130394
0,130350,1,130394
4,130394,0
5,130394,0
6,130394,1,130659
4,130570,0
4,130659,1,130747
1,130747,0
3,130747,0
5,130747,0
2,130747,0
0,130747,1,131011
6,130747,0
2,130923,0
2,131011,1,131100
6,131100,1,131364
5,131100,0
3,131100,0
4,131100,0
0,131100,0
1,131100,1,131364
4,131276,0
4,131364,1,131453
1,131453,0
0,131453,1,131717
2,131453,0
3,131453,0
6,131453,0
5,131453,1,131717
2,131629,0
2,131717,1,131806
6,131806,1,132070
5,131806,0
4,131806,0
3,131806,0
0,131806,0
1,131806,1,132070
4,131982,0
4,132070,1,132159
2,132159,0
0,132159,1,132423
1,132159,0
3,132159,0
6,132159,0
5,132159,1,132423
2,132335,0
2,132423,1,132511
3,132511,0
4,132511,0
6,132511,1,132776
5,132511,0
1,132511,1,132776
0,132511,1,132776
4,132688,0
4,132776,1,132864
2,132864,0
0,132864,1,133129
1,132864,0
3,132864,0
5,132864,1,133129
6,132864,1,133129
2,133041,0
2,133129,1,133217
1,133217,1,133306
0,133217,1,133306
3,133217,1,133306
4,133217,1,133306
6,133306,1,133394
1,133394,1,133482
2,133394,1,133482
4,133394,1,133482
5,133394,1,133482
0,133482,1,133570
2,133570,1,133659
3,133570,1,133659
5,133570,1,133659
6,133570,1,133659
1,133659,1,133747
3,133747,1,133835
4,133747,1,133835
5,133747,1,133835
6,133747,1,133835
2,133835,1,133923
6,133923,1,134011
0,133923,0
1,133923,0
5,133923,1,134011
3,133923,1,134541
0,134011,1,134100
1,134011,1,134100
5,134100,0
6,134100,0
5,134188,1,134276
6,134188,1,134276
2,134276,0
1,134276,0
1,134364,1,134541
2,134364,1,134541
4,134453,0
5,134453,0
4,134541,1,134629
5,134541,1,134629
3,134629,0
2,134629,0
1,134629,0
0,134629,0
6,134629,0
0,134806,0
2,134806,0
3,134894,0
4,134982,0
5,134982,0
6,134982,0
0,134982,0
1,134982,0
6,135159,0
4,135159,0
3,135247,0
2,135335,0
1,135335,0
0,135335,0
5,135335,0
6,135335,0
3,135511,0
3,135600,0
1,135688,0
5,135688,0
0,135688,1,135776
2,135688,1,135776
4,135688,1,135776
6,135688,1,135776
1,135864,1,135953
3,135864,1,135953
5,135864,1,135953
0,136041,1,136159
1,136041,1,136217
2,136041,1,136276
3,136041,1,136335
4,136041,1,136276
5,136041,1,136217
6,136041,1,136159
0,136394,0
4,136394,0
3,136394,0
6,136394,0
5,136394,1,136629
1,136453,1,136629
2,136511,1,136570
4,136570,1,136688
0,136570,1,136923
3,136629,1,136747
2,136688,1,136806
6,136747,0
1,136747,1,136982
5,136806,1,136982
4,136864,1,136923
2,136923,1,137041
6,136923,1,137276
3,136982,1,137100
4,137041,1,137159
5,137100,1,137335
0,137100,0
1,137159,1,137335
2,137217,1,137276
4,137276,1,137394
0,137276,1,137629
3,137335,1,137453
2,137394,1,137511
1,137453,1,137688
6,137453,0
5,137511,1,137688
4,137570,1,137629
2,137629,1,137747
6,137629,1,137982
3,137688,1,137806
4,137747,1,137864
5,137806,1,138041
0,137806,0
1,137864,1,138041
2,137923,1,137982
0,137982,1,138335
4,137982,1,138100
3,138041,1,138159
2,138100,1,138217
6,138159,0
1,138159,1,138394
5,138217,1,138394
4,138276,1,138335
6,138335,1,138688
2,138335,1,138453
3,138394,1,138511
4,138453,1,138570
0,138511,0
5,138511,1,138747
1,138570,1,138747
2,138629,1,138688
0,138688,1,139041
4,138688,1,138806
3,138747,1,138864
2,138806,1,138923
6,138864,0
1,138864,1,139100
5,138923,1,139100
4,138982,1,139041
6,139041,1,139394
2,139041,1,139159
3,139100,1,139217
4,139159,1,139276
5,139217,1,139453
0,139217,0
1,139276,1,139453
2,139335,1,139394
4,139394,1,139511
0,139394,1,139747
3,139453,1,139570
2,139511,1,139629
1,139570,1,139806
6,139570,0
5,139629,1,139806
4,139688,1,139747
2,139747,1,139864
6,139747,1,140100
3,139806,1,139923
4,139864,1,139982
0,139923,0
5,139923,1,140159
1,139982,1,140159
2,140041,1,140100
0,140100,1,140453
4,140100,1,140217
3,140159,1,140276
2,140217,1,140335
6,140276,0
1,140276,1,140511
5,140335,1,140511
4,140394,1,140453
2,140453,1,140570
6,140453,1,141070
3,140511,1,140629
4,140570,1,140688
0,140629,1,140923
5,140629,1,141070
1,140688,1,140864
2,140747,1,140806
4,140806,1,141070
3,140864,1,140982
2,140982,1,141070
0,140982,1,141070
1,141070,1,141159
3,141070,1,141159
6,141159,1,141600
2,141159,1,141600
5,141159,1,141335
4,141159,1,141335
1,141335,1,141423
3,141335,0
0,141335,0
5,141423,1,141511
4,141423,1,141511
1,141511,1,141600
0,141511,0
4,141600,1,141864
5,141600,1,141923
1,141688,1,141923
3,141688,1,141806
0,141688,1,141982
6,141688,1,141982
2,141688,1,141864
6,142041,0
2,142041,0
3,142041,0
0,142041,0
1,142041,1,142276
5,142100,1,142276
4,142159,1,142217
2,142217,1,142335
6,142217,1,142570
3,142276,1,142394
4,142335,1,142453
0,142394,0
5,142394,1,142629
1,142453,1,142629
2,142511,1,142570
4,142570,1,142688
0,142570,1,142923
3,142629,1,142747
2,142688,1,142806
1,142747,1,142982
6,142747,0
5,142806,1,142982
4,142864,1,142923
2,142923,1,143041
6,142923,1,143276
3,142982,1,143100
4,143041,1,143159
5,143100,1,143335
0,143100,0
1,143159,1,143335
2,143217,1,143276
4,143276,1,143394
0,143276,1,143629
3,143335,1,143453
2,143394,1,143511
1,143453,1,143688
6,143453,0
5,143511,1,143688
4,143570,1,143629
6,143629,1,143982
2,143629,1,143747
3,143688,1,143806
4,143747,1,143864
0,143806,0
5,143806,1,144041
1,143864,1,144041
2,143923,1,143982
0,143982,1,144335
4,143982,1,144100
3,144041,1,144159
2,144100,1,144217
6,144159,0
1,144159,1,144394
5,144217,1,144394
4,144276,1,144335
6,144335,1,144688
2,144335,1,144453
3,144394,1,144511
4,144453,1,144570
0,144511,0
5,144511,1,144747
1,144570,1,144747
2,144629,1,144688
0,144688,1,145041
4,144688,1,144806
3,144747,1,144864
2,144806,1,144923
1,144864,1,145100
6,144864,0
5,144923,1,145100
4,144982,1,145041
2,145041,1,145159
6,145041,1,145394
3,145100,1,145217
4,145159,1,145276
5,145217,1,145453
0,145217,0
1,145276,1,145453
2,145335,1,145394
4,145394,1,145511
0,145394,1,145747
3,145453,1,145570
2,145511,1,145629
6,145570,0
1,145570,1,145806
5,145629,1,145806
4,145688,1,145747
2,145747,1,145864
6,145747,1,145923
3,145806,1,145923
4,145923,1,146100
0,145923,1,146100
5,145923,0
1,145923,0
2,146100,1,146188
6,146100,1,146188
5,146188,1,146276
1,146188,1,146276
6,146276,0
3,146276,0
0,146276,1,146364
4,146276,0
1,146320,1,146409
2,146364,1,146453
3,146409,1,146497
4,146453,1,146629
0,146453,1,146629
2,146629,1,146717
6,146629,1,146717
5,146717,1,146806
1,146717,1,146806
6,146806,1,146894
2,146806,0
3,146806,0
0,146806,0
5,146850,1,146938
4,146894,1,146982
3,146938,1,147026
1,146982,1,147159
0,146982,1,147159
2,146982,1,147159
3,147335,1,147600
6,147335,0
0,147335,0
4,147379,1,147600
2,147379,1,147600
5,147423,1,147600
1,147423,1,147600
6,147467,1,147600
0,147467,1,147600
3,147688,1,147776
6,147688,1,147923
0,147688,1,147776
2,147688,1,147776
1,147688,1,147776
5,147747,1,148129
4,147806,1,148041
3,147864,1,147923
0,147864,1,147923
1,147923,1,148482
2,147982,1,148041
6,148041,0
0,148041,1,148217
3,148041,1,148217
4,148129,1,148217
2,148217,1,148394
6,148217,1,148276
5,148276,1,148835
4,148335,1,148394
3,148394,1,148570
0,148394,0
6,148394,1,148570
2,148482,1,148570
0,148570,1,148629
4,148570,1,148747
1,148629,1,149188
2,148688,1,148747
3,148747,1,148923
6,148747,0
0,148747,1,148923
4,148835,1,148923
6,148923,1,148982
2,148923,1,149100
5,148982,1,149453
4,149041,1,149100
3,149100,1,149276
0,149100,0
6,149100,1,149276
2,149188,1,149276
0,149276,1,149335
4,149276,1,149453
1,149335,1,149629
2,149394,1,149453
6,149453,0
3,149453,1,149688
0,149453,1,149629
4,149511,1,149629
5,149570,1,149688
2,149629,1,149747
6,149629,1,149747
0,149806,0
1,149806,1,149894
5,149806,1,149894
2,149806,0
4,149806,0
6,149806,0
3,149894,1,149982
4,149982,1,150070
6,149982,1,150070
2,149982,1,150070
0,149982,1,150070
2,150159,1,150423
4,150159,1,150423
5,150159,1,150423
0,150159,0
6,150159,0
1,150159,1,150423
0,150511,1,150629
3,150511,1,150629
2,150511,0
1,150511,1,150629
4,150570,1,150688
5,150629,1,150747
6,150688,1,150982
2,150688,0
1,150747,0
0,150806,1,150982
3,150864,0
5,150864,1,150982
4,150864,1,150982
1,150923,1,151041
2,150982,1,151217
6,151041,1,151159
5,151100,1,151217
4,151159,1,151394
3,151217,0
1,151217,1,151335
0,151217,1,151335
5,151335,1,151453
2,151394,0
6,151394,1,151688
1,151453,0
0,151511,1,151688
5,151570,1,151688
3,151570,0
4,151570,1,151688
1,151629,1,151747
2,151688,1,151923
6,151747,1,151864
5,151806,1,151923
4,151864,1,152100
3,151923,0
0,151923,1,152041
1,151923,1,152041
5,152041,1,152159
6,152100,1,152364
2,152100,0
1,152159,0
0,152217,1,152453
3,152276,1,152364
5,152276,1,152364
4,152276,0
2,152364,1,152453
1,152364,1,152453
4,152453,1,152806
5,152453,1,152806
3,152541,1,152717
2,152585,1,152717
0,152629,0
6,152629,0
1,152629,1,152717
1,152806,0
2,152806,1,152894
5,152894,0
4,152894,1,152982
6,152982,0
3,152982,1,153247
1,152982,0
0,152982,0
4,153070,1,153247
2,153070,1,153247
5,153159,1,153247
1,153159,1,153247
6,153335,1,153453
3,153335,1,153453
4,153335,0
5,153335,1,153453
2,153394,1,153511
1,153453,1,153570
0,153511,1,153806
4,153511,0
5,153570,0
6,153629,1,153806
3,153688,0
1,153688,1,153806
2,153688,1,153806
5,153747,1,153864
4,153806,1,154041
0,153864,1,153982
1,153923,1,154041
2,153982,1,154217
3,154041,0
5,154041,1,154159
6,154041,1,154159
1,154159,1,154276
4,154217,0
0,154217,1,154511
5,154276,0
6,154335,1,154511
3,154394,0
1,154394,1,154511
2,154394,1,154511
5,154453,1,154570
4,154511,1,154747
0,154570,1,154688
1,154629,1,154747
2,154688,1,154923
6,154747,1,154864
3,154747,0
5,154747,1,154864
1,154864,1,154982
4,154923,0
0,154923,1,155217
5,154982,0
6,155041,1,155217
1,155100,1,155217
3,155100,0
2,155100,1,155217
5,155159,1,155276
4,155217,1,155453
0,155276,1,155394
1,155335,1,155453
2,155394,1,155629
5,155453,1,155570
3,155453,0
6,155453,1,155570
1,155570,1,155688
0,155629,1,155923
4,155629,0
5,155688,0
6,155747,1,155923
3,155806,0
1,155806,1,155923
2,155806,1,155923
5,155864,1,155982
4,155923,1,156159
0,155982,1,156100
1,156041,1,156159
2,156100,1,156335
6,156159,1,156276
3,156159,0
5,156159,1,156276
1,156276,1,156394
4,156335,0
0,156335,1,156600
5,156394,0
6,156453,1,157129
2,156511,0
3,156511,1,156688
1,156600,1,156688
5,156688,1,156776
2,156688,1,156864
4,156688,0
0,156776,1,156864
4,156864,1,156953
1,156864,1,157041
3,156864,0
5,156953,1,157129
3,157041,1,157129
0,157041,1,157217
2,157041,0
4,157129,1,157217
2,157217,0
1,157217,0
5,157217,1,157306
6,157217,1,157306
5,157394,1,157835
1,157570,1,157659
1,157747,1,158188
0,157747,1,157835
5,157923,1,158011
6,157923,1,158011
5,158100,1,158188
0,158276,1,158453
1,158276,1,158497
2,158276,1,158541
3,158320,1,158541
4,158364,1,158541
5,158409,1,158541
6,158453,1,158541
6,158629,1,158806
5,158629,1,158850
4,158629,1,158894
3,158673,1,158894
2,158717,1,158894
1,158761,1,158894
0,158806,1,158894
2,158982,1,159070
4,158982,1,159070
0,158982,1,159070
3,158982,1,159070
0,159159,1,159247
4,159159,1,159247
1,159159,1,159247
3,159159,1,159247
6,159335,0
2,159335,1,159953
5,159335,0
1,159335,1,159423
0,159335,1,159423
4,159423,1,159776
3,159423,1,159600
5,159511,0
1,159511,1,159953
6,159511,1,159600
0,159688,0
6,159688,0
5,159688,1,159776
3,159688,1,159953
5,159864,0
4,159864,1,159953
6,159864,1,159953
0,159864,1,159953
1,160041,1,160306
0,160041,0
2,160041,1,160129
3,160041,1,160129
2,160217,1,160482
4,160217,1,160306
3,160217,1,160306
3,160394,1,160659
0,160394,1,160482
4,160394,1,160482
5,160394,1,160482
4,160570,1,160835
1,160570,1,160659
5,160570,1,160659
6,160570,1,160659
3,160747,0
6,160747,1,160835
0,160747,1,161011
1,160747,1,160835
2,160747,1,160835
1,160923,1,161188
6,160923,1,161011
3,160923,1,161011
2,160923,1,161011
2,161100,1,161364
6,161100,1,161188
4,161100,1,161188
3,161100,1,161188
4,161276,1,161364
0,161276,1,161364
3,161276,1,161364
5,161276,1,161364
0,161453,1,161629
1,161453,1,161673
2,161453,1,161717
3,161497,1,161717
4,161541,1,161717
5,161585,1,161717
6,161629,1,161717
4,161806,1,161894
2,161806,1,161894
6,161806,1,161894
3,161806,1,161894
6,161982,1,162070
2,161982,1,162070
5,161982,1,162070
3,161982,1,162070
0,162159,0
4,162159,1,162776
1,162159,0
5,162159,1,162247
6,162159,1,162247
2,162247,1,162600
3,162247,1,162423
1,162335,0
5,162335,1,162776
0,162335,1,162423
6,162511,0
0,162511,0
1,162511,1,162600
3,162511,1,162776
1,162688,0
2,162688,1,162776
0,162688,1,162776
6,162688,1,162776
5,162864,1,163129
6,162864,0
4,162864,1,162953
3,162864,1,162953
4,163041,1,163306
2,163041,1,163129
3,163041,1,163129
3,163217,1,163482
6,163217,1,163306
2,163217,1,163306
1,163217,1,163306
2,163394,1,163659
5,163394,1,163482
1,163394,1,163482
0,163394,1,163482
3,163570,0
0,163570,1,163659
6,163570,1,163835
5,163570,1,163659
4,163570,1,163659
5,163747,1,164011
0,163747,1,163835
3,163747,1,163835
4,163747,1,163835
6,163923,1,164011
2,163923,1,164011
3,163923,1,164011
0,163923,1,164011
6,164100,1,164188
4,164100,1,164188
5,164100,1,164188
2,164188,1,164276
0,164188,1,164276
1,164188,1,164276
4,164276,1,164541
5,164276,1,164497
6,164276,1,164453
3,164320,1,164541
2,164364,1,164541
1,164409,1,164541
0,164453,1,164541
0,164629,1,164717
3,164629,1,164717
2,164629,1,164717
4,164629,1,164717
1,164806,1,164894
3,164806,1,164894
0,164806,1,164894
4,164806,1,164894
1,164982,1,165070
0,164982,1,165070
5,164982,0
6,164982,0
2,164982,1,165600
3,165070,1,165247
4,165070,1,165423
6,165159,1,165247
1,165159,1,165600
5,165159,0
5,165335,1,165423
3,165335,1,165600
0,165335,0
6,165335,0
6,165511,1,165600
0,165511,1,165600
5,165511,0
4,165511,1,165600
2,165688,1,165776
3,165688,1,165776
1,165688,1,165953
0,165688,0
3,165864,1,165953
4,165864,1,165953
2,165864,1,166129
4,166041,1,166129
5,166041,1,166129
3,166041,1,166306
0,166041,1,166129
5,166217,1,166306
6,166217,1,166306
4,166217,1,166482
1,166217,1,166306
1,166394,1,166482
2,166394,1,166482
0,166394,1,166659
3,166394,0
6,166394,1,166482
3,166570,1,166659
2,166570,1,166659
1,166570,1,166835
6,166570,1,166659
4,166747,1,166835
3,166747,1,166835
2,166747,1,167011
6,166747,1,166835
3,166923,1,167011
5,166923,1,167011
4,166923,1,167011
0,166923,1,167011
1,167100,1,167188
6,167100,0
5,167100,1,167364
2,167100,1,167188
3,167276,1,167364
0,167276,1,167364
4,167276,1,167541
2,167453,1,167541
0,167453,1,167541
3,167453,1,167717
6,167453,1,167541
5,167629,1,167717
2,167629,1,167894
1,167629,1,167717
0,167629,1,167717
0,167806,0
1,167806,1,168070
4,167806,1,167894
5,167806,1,167894
2,167982,1,168247
3,167982,1,168070
6,167982,1,168070
6,168159,1,168247
3,168159,1,168423
0,168159,1,168247
4,168159,1,168247
1,168335,1,168423
4,168335,1,168511
5,168335,1,168423
6,168335,1,168423
0,168511,0
2,168511,1,168776
5,168511,0
6,168511,0
1,168511,0
3,168688,0
3,168776,1,168864
5,168864,0
6,168864,0
0,168864,0
2,168864,0
1,168864,0
1,169041,0
0,169041,0
4,169041,1,169306
6,169041,0
5,169041,0
3,169217,0
3,169306,1,169394
5,169394,0
6,169394,0
1,169394,0
4,169394,0
0,169394,0
0,169570,0
1,169570,0
6,169570,0
2,169570,0
5,169629,0
4,169688,0
3,169747,0
2,169806,1,170041
1,169864,1,169982
5,169923,1,170217
6,169923,1,170276
4,169923,1,170159
0,169923,0
3,169923,1,170100
3,170276,0
4,170276,0
2,170276,1,170541
1,170276,0
0,170276,0
6,170364,0
5,170453,1,170629
4,170541,1,170629
2,170629,1,170982
3,170629,0
1,170629,0
0,170629,0
4,170717,0
5,170806,1,170982
6,170894,1,170982
1,170982,0
0,170982,0
4,170982,0
3,170982,0
5,171070,1,171335
4,171159,1,171335
2,171159,1,171335
0,171335,0
6,171335,0
3,171335,0
4,171511,1,171688
2,171511,1,171953
5,171600,1,171688
1,171688,0
0,171688,0
3,171688,0
6,171688,0
5,171776,0
4,171864,1,172041
3,171953,1,172041
6,172041,0
0,172041,0
2,172041,1,172306
5,172129,0
6,172217,1,172306
4,172217,1,172306
1,172217,1,172482
0,172306,1,172394
5,172394,0
6,172394,0
2,172394,1,172659
4,172394,0
5,172570,1,172659
3,172570,1,172659
3,172747,0
5,172747,0
6,172747,0
1,172747,1,172923
0,172747,1,172923
2,172747,0
6,172923,1,173011
5,172923,1,173011
0,173011,1,173100
1,173011,1,173100
3,173100,0
2,173100,0
4,173100,1,173364
5,173100,0
6,173100,0
0,173188,0
1,173276,1,173453
2,173364,1,173453
4,173453,1,173806
3,173453,0
5,173453,0
6,173453,0
2,173541,0
1,173629,1,173806
0,173717,1,173806
5,173806,0
6,173806,0
2,173806,0
3,173806,0
1,173894,1,174159
2,173982,1,174159
4,173982,1,174159
6,174159,0
0,174159,0
3,174159,0
2,174335,1,174511
4,174335,1,174776
1,174423,1,174511
5,174511,0
6,174511,0
3,174511,0
0,174511,0
1,174600,0
2,174688,1,174864
3,174776,1,174864
6,174864,1,174953
5,174864,1,174953
4,174864,1,174953
0,174953,1,175041
1,174953,1,175041
2,174953,1,175041
6,175041,0
4,175041,0
5,175129,0
3,175129,0
0,175217,1,175306
1,175217,1,175306
4,175217,0
2,175217,0
6,175306,1,175394
5,175306,1,175394
1,175394,1,175482
0,175394,1,175482
6,175482,1,175570
5,175482,1,175570
0,175570,1,175806
4,175570,1,175806
1,175570,1,175806
3,175570,1,175806
2,175570,1,175806
3,175923,0
2,175923,0
4,175923,1,176188
5,175923,0
6,175923,0
0,176011,0
1,176100,1,176276
2,176188,1,176276
4,176276,1,176629
3,176276,0
5,176276,0
6,176276,0
2,176364,0
1,176453,1,176629
0,176541,1,176629
5,176629,0
6,176629,0
2,176629,0
3,176629,0
1,176717,1,176982
2,176806,1,176982
4,176806,1,176982
6,176982,0
0,176982,0
3,176982,0
2,177159,1,177335
4,177159,1,177600
1,177247,1,177335
5,177335,0
6,177335,0
3,177335,0
0,177335,0
1,177423,0
2,177511,1,177688
3,177600,1,177688
0,177688,0
6,177688,0
4,177688,1,177953
1,177776,0
0,177864,1,177953
2,177864,1,177953
5,177864,1,178129
6,177953,1,178041
1,178041,0
0,178041,0
4,178041,1,178306
2,178041,0
1,178217,1,178306
3,178217,1,178306
3,178394,0
1,178394,0
0,178394,0
5,178394,1,178570
6,178394,1,178570
4,178394,0
0,178570,1,178659
1,178570,1,178659
6,178659,1,178747
5,178659,1,178747
3,178747,0
4,178747,0
2,178747,1,179011
1,178747,0
0,178747,0
6,178835,0
5,178923,1,179100
4,179011,1,179100
2,179100,1,179453
3,179100,0
1,179100,0
0,179100,0
4,179188,0
5,179276,1,179453
6,179364,1,179453
1,179453,0
0,179453,0
4,179453,0
3,179453,0
5,179541,1,179806
4,179629,1,179806
2,179629,1,179806
0,179806,0
6,179806,0
3,179806,0
1,179894,1,179982
2,179894,1,179982
4,179982,1,180070
5,180026,1,180114
2,180070,1,180159
1,180114,1,180335
6,180159,0
0,180159,1,180335
3,180159,1,180335
5,180159,0
4,180203,1,180335
2,180247,1,180335
6,180335,0
5,180335,0
1,180423,1,180511
2,180423,1,180511
4,180511,1,180600
5,180556,1,180644
2,180600,1,180688
1,180644,1,180864
6,180688,0
5,180688,0
0,180688,1,180864
3,180688,1,180864
4,180732,1,180864
2,180776,1,180864
6,180864,1,181129
5,180864,1,181129
6,181217,1,181570
2,181217,1,181335
1,181217,1,181276
5,181217,1,181511
0,181217,0
3,181217,1,181394
4,181217,1,181453
3,181570,0
4,181570,0
2,181570,1,181835
1,181570,0
0,181570,0
6,181659,0
5,181747,1,181923
4,181835,1,181923
2,181923,1,182276
3,181923,0
1,181923,0
0,181923,0
4,182011,0
5,182100,1,182276
6,182188,1,182276
1,182276,0
0,182276,0
4,182276,0
3,182276,0
5,182364,1,182629
4,182453,1,182629
2,182453,1,182629
0,182629,0
6,182629,0
3,182629,0
4,182806,1,182982
2,182806,1,183247
5,182894,1,182982
1,182982,0
0,182982,0
3,182982,0
6,182982,0
5,183070,0
4,183159,1,183335
3,183247,1,183335
6,183335,0
0,183335,0
2,183335,1,183600
5,183423,0
6,183511,1,183600
4,183511,1,183600
1,183511,1,183776
0,183600,1,183688
5,183688,0
6,183688,0
2,183688,1,183953
4,183688,0
5,183864,1,183953
3,183864,1,183953
3,184041,0
5,184041,0
6,184041,0
1,184041,1,184217
0,184041,1,184217
2,184041,0
6,184217,1,184306
5,184217,1,184306
0,184306,1,184394
1,184306,1,184394
3,184394,0
2,184394,0
4,184394,1,184659
5,184394,0
6,184394,0
0,184482,0
1,184570,1,184747
2,184659,1,184747
4,184747,1,185100
3,184747,0
5,184747,0
6,184747,0
2,184835,0
1,184923,1,185100
0,185011,1,185100
5,185100,0
6,185100,0
2,185100,0
3,185100,0
1,185188,1,185453
2,185276,1,185453
4,185276,1,185453
6,185453,0
0,185453,0
3,185453,0
2,185629,1,185806
4,185629,1,186070
1,185717,1,185806
5,185806,0
6,185806,0
3,185806,0
0,185806,0
1,185894,0
2,185982,1,186159
3,186070,1,186159
6,186159,1,186247
5,186159,1,186247
4,186159,1,186247
0,186247,1,186335
1,186247,1,186335
2,186247,1,186335
6,186335,0
4,186335,0
5,186423,0
3,186423,0
0,186511,1,186776
2,186511,1,186776
4,186511,1,186776
6,186688,0
5,186688,0
6,186776,1,186864
5,186776,1,186864
4,186864,0
0,186864,0
2,186864,0
3,186953,1,187129
1,186953,1,187129
2,187041,1,187129
4,187041,1,187129
0,187041,1,187129
6,187217,1,187482
3,187217,1,187482
2,187217,0
0,187217,0
4,187217,0
5,187217,1,187482
0,187394,1,187835
1,187482,1,187835
4,187570,0
3,187570,1,187835
2,187570,0
5,187570,1,187835
6,187570,1,187835
1,187923,0
2,187923,0
4,187923,0
5,187923,0
6,187923,0
0,187923,0
3,188100,1,188188
6,188100,1,188188
5,188100,1,188188
3,188276,0
0,188276,1,188364
6,188276,0
4,188276,0
5,188276,0
1,188364,1,188453
4,188453,1,188541
2,188453,1,188541
6,188453,1,188541
5,188453,1,188541
3,188541,1,188629
0,188629,0
4,188629,1,188717
2,188629,0
1,188629,0
5,188717,1,188806
3,188806,1,188894
6,188806,1,188894
0,188806,0
2,188894,1,188982
1,188894,0
6,188982,1,189247
0,188982,0
3,188982,1,189247
4,188982,1,189070
5,188982,1,189070
4,189159,0
4,189247,1,189335
1,189335,1,189423
6,189335,0
3,189335,1,189600
2,189335,1,189423
0,189335,1,189600
2,189511,0
2,189600,1,189688
5,189688,0
6,189688,0
4,189688,0
3,189688,1,189864
0,189776,1,189864
1,189776,0
4,189864,1,190041
5,189864,0
1,189953,1,190041
2,189953,0
0,190041,0
5,190041,1,190217
6,190041,0
2,190129,1,190217
3,190129,0
0,190217,0
1,190217,1,190394
3,190306,1,190394
4,190306,0
0,190394,0
6,190394,0
2,190394,1,190570
4,190482,1,190570
5,190482,0
1,190570,0
3,190570,1,190747
5,190659,1,190747
6,190659,0
1,190747,1,190835
0,190747,1,190923
2,190747,0
4,190747,0
6,190835,1,190923
3,190835,1,190923
4,190923,1,191011
2,190923,0
5,191011,1,191100
1,191011,0
4,191100,0
6,191100,0
3,191100,0
2,191100,0
0,191100,0
2,191276,0
2,191364,1,191453
6,191453,0
1,191453,0
0,191453,0
4,191453,0
3,191453,0
4,191629,0
4,191717,1,191806
6,191806,0
5,191806,0
0,191806,0
2,191806,0
3,191806,0
2,191982,0
2,192070,1,192159
1,192159,0
5,192159,0
6,192159,1,192423
3,192159,1,192423
0,192159,1,192423
4,192335,1,192423
5,192335,1,192423
2,192335,1,192423
1,192335,1,192423
4,192511,0
5,192511,0
6,192511,0
3,192511,0
0,192511,0
1,192511,0
2,192511,0
