0,16347,0
1,16369,0
2,16390,0
0,16690,0
0,16862,0
1,16883,0
0,17033,0
1,17055,0
2,17076,0
3,17376,0
3,17547,0
2,17569,0
3,17719,0
2,17740,0
1,17762,0
1,18062,0
1,18233,0
2,18255,0
1,18405,0
2,18426,0
3,18447,0
0,18662,1,18747
1,18747,1,19090
2,18919,0
3,18940,0
2,19090,1,20462
3,19112,0
0,19133,0
1,19433,0
1,19605,0
0,19647,0
1,19776,0
0,19797,0
3,19819,0
0,20119,0
0,20290,0
1,20312,0
0,20462,1,21147
1,20483,0
3,20505,0
3,20805,0
3,20976,0
2,20997,0
3,21147,0
2,21169,0
1,21190,0
0,21490,0
0,21662,0
1,21683,0
0,21833,0
1,21855,0
2,21876,0
3,22176,1,22347
1,22347,0
2,22369,0
1,22519,1,22690
2,22540,0
3,22562,0
0,22862,1,23033
2,23033,0
1,23055,0
2,23205,0
1,23226,0
0,23247,0
2,23547,1,23697
1,23719,0
0,23740,0
1,23890,1,24233
0,23912,0
3,23933,0
2,24105,1,24576
0,24233,0
0,24405,0
1,24426,0
0,24576,1,25262
1,24597,0
3,24619,0
2,24919,0
2,25090,0
1,25112,0
2,25262,1,25948
1,25283,0
3,25305,0
1,25605,0
1,25776,0
3,25798,0
1,25948,1,26633
3,25969,0
0,25990,0
3,26290,1,26462
0,26462,0
2,26483,0
0,26633,1,26805
2,26655,0
3,26676,0
3,26976,0
3,27148,0
2,27169,0
3,27319,0
2,27340,0
1,27362,0
2,27490,0
2,27662,0
3,27683,0
2,27833,0
1,27855,0
2,28005,1,28348
1,28026,0
0,28048,0
0,28348,1,28690
2,28519,0
1,28540,0
3,28690,1,29033
2,28712,0
1,28733,0
0,29033,0
0,29205,0
1,29226,0
0,29376,1,29719
1,29398,0
2,29419,0
2,29719,1,30062
3,29890,0
1,29912,0
3,30062,1,30576
1,30083,0
0,30105,0
2,30405,0
2,30576,1,30748
1,30598,0
3,30748,1,31090
1,30769,0
0,30790,0
2,31090,1,31433
1,31262,0
0,31283,0
1,31433,1,32119
0,31455,0
3,31476,0
3,31776,0
3,31948,0
2,31969,0
3,32119,1,32462
2,32140,0
0,32162,0
2,32462,1,32805
0,32462,0
0,32633,0
1,32655,0
0,32805,1,33148
1,32826,0
3,32848,0
1,33148,1,33319
2,33319,0
3,33340,0
1,33490,1,33833
2,33512,0
3,33533,0
0,33833,1,34176
2,34005,0
1,34026,0
2,34176,1,34519
1,34198,0
3,34219,0
0,34519,0
0,34690,0
1,34712,0
0,34862,1,35205
1,34883,0
2,34905,0
2,35205,1,35548
3,35376,0
1,35398,0
3,35548,1,35805
1,35569,0
0,35590,0
3,35890,1,36233
1,36062,0
2,36083,0
1,36233,1,36576
2,36255,0
0,36276,0
2,36576,1,36919
3,36748,0
0,36769,0
3,36919,1,37005
1,36940,0
0,36962,0
2,37005,1,37605
0,37262,1,37433
3,37433,0
1,37455,0
3,37605,1,37948
1,37626,0
0,37648,0
2,37948,1,38290
0,38119,0
1,38140,0
0,38290,1,38890
1,38312,0
3,38333,0
3,38633,1,38719
2,38805,0
1,38826,0
3,38890,1,38976
2,38976,1,39062
1,38998,0
0,39019,0
3,39062,1,39319
1,39233,1,39319
0,39319,1,39405
0,39490,1,39662
1,39512,0
3,39662,1,40005
2,39683,0
1,39705,0
0,39833,1,40005
2,40005,1,40176
1,40176,1,40262
3,40198,0
0,40262,1,40690
2,40348,1,40690
3,40369,0
1,40390,0
1,40690,1,40862
2,40862,1,40948
3,40883,0
0,40948,1,41205
1,41033,0
2,41055,0
3,41076,0
2,41205,1,41290
1,41290,1,41376
2,41376,0
2,41548,0
1,41569,0
2,41719,1,41805
1,41740,0
0,41762,0
2,41890,1,42062
0,42062,1,42148
0,42233,1,42319
1,42255,0
3,42405,1,42748
1,42426,0
0,42448,0
2,42533,1,42748
0,42748,1,43005
1,42919,1,43005
2,42940,0
3,43005,1,43348
0,43090,1,43348
1,43112,0
2,43133,0
3,43433,1,43605
0,43605,1,43948
1,43626,0
1,43776,0
2,43798,0
3,43819,0
2,44119,0
2,44290,0
1,44312,0
0,44462,1,44548
1,44483,0
2,44505,0
0,44633,1,44805
1,44805,1,44976
2,44976,1,45148
3,44998,0
3,45148,1,45233
1,45169,0
0,45190,0
2,45233,1,45490
1,45319,1,45490
0,45490,1,45576
0,45662,1,45833
1,45683,0
3,45833,1,45919
2,45855,0
1,45876,0
0,45919,1,46176
1,46005,1,46176
3,46176,1,46348
2,46348,1,46433
0,46369,0
1,46433,1,46690
0,46519,1,46690
2,46540,0
3,46562,0
3,46862,0
2,47033,1,47376
0,47205,1,47548
1,47376,1,47548
2,47548,1,47890
1,47719,1,48062
0,47890,1,48062
1,48233,1,48576
3,48405,1,48919
2,48919,1,49090
1,49005,1,49176
0,49090,1,49176
2,49176,1,49262
0,49262,1,49433
3,49262,1,49948
1,49348,1,49519
2,49433,1,49776
0,49605,1,49690
0,49776,1,49862
0,49948,0
1,49948,0
2,49948,0
0,50290,1,50633
1,50462,0
1,50633,1,50805
2,50719,1,50890
3,50805,1,50976
0,50976,1,51148
3,51148,1,51319
2,51233,1,51405
1,51319,1,51490
0,51319,0
0,51490,1,51662
2,51576,1,51748
1,51662,1,51833
3,51833,1,52005
2,51919,1,52090
0,52005,1,52348
1,52005,1,52690
3,52176,1,52519
2,52348,1,52433
2,52519,1,52605
0,52690,0
2,52690,0
3,52690,0
1,53033,1,53376
2,53205,0
0,53376,1,53548
1,53462,1,53633
2,53548,1,53719
0,53719,1,53890
2,53890,1,54062
1,53976,1,54148
0,54062,0
3,54062,1,54233
1,54233,1,54405
2,54319,1,54490
3,54405,1,54576
2,54576,1,54748
1,54662,1,54833
0,54748,1,55090
3,54748,1,55433
2,54919,1,55262
1,55090,1,55176
1,55262,1,55348
0,55433,0
2,55433,0
1,55433,0
2,55776,1,56119
1,55948,0
1,56119,1,56290
2,56205,1,56376
3,56290,1,56462
0,56462,1,56633
2,56633,1,56805
1,56719,1,56890
3,56805,0
0,56805,1,56976
2,56890,1,57062
1,56976,1,57148
3,57062,1,57233
0,57148,1,57319
2,57319,1,57490
1,57405,1,57576
3,57490,1,57833
0,57490,1,58176
2,57662,1,58005
1,57833,1,57919
1,58005,1,58090
1,58176,0
3,58176,0
2,58176,0
3,58519,1,58862
1,58690,0
1,58862,1,59033
2,58948,1,59119
3,59033,1,59205
0,59205,1,59376
2,59376,1,59548
1,59462,1,59633
3,59548,0
0,59548,1,59719
2,59719,1,59890
0,59805,1,59976
3,59890,0
1,59890,1,60062
0,60062,0
2,60062,1,60233
3,60148,1,60319
0,60233,1,60576
1,60233,1,60919
2,60405,1,60748
3,60576,1,60662
3,60748,1,60833
0,60919,0
3,60919,0
2,60919,0
1,61262,1,61605
0,61433,0
0,61605,1,61776
1,61690,1,61862
2,61776,1,61948
3,61948,1,62119
2,62119,1,62290
1,62205,1,62376
0,62290,1,62462
3,62290,0
2,62462,1,62633
3,62548,1,62719
0,62633,1,62805
2,62805,1,62976
1,62890,1,63062
3,62976,1,63319
0,62976,1,63662
2,63148,1,63490
1,63319,1,63405
1,63490,1,63576
1,63662,0
2,63662,0
3,63662,0
0,64005,1,64348
1,64176,0
1,64348,1,64519
2,64433,1,64605
3,64519,1,64690
1,64690,1,64862
0,64862,1,65033
2,64948,1,65119
1,65033,1,65205
3,65033,0
3,65205,1,65376
2,65290,1,65462
1,65376,1,65548
3,65548,1,65719
0,65633,1,65805
2,65719,1,66062
1,65719,1,66405
3,65890,1,66233
0,66062,1,66148
0,66233,1,66319
0,66405,0
3,66405,0
2,66405,0
0,66748,1,67090
1,66919,0
2,67090,1,67262
1,67176,1,67348
3,67262,1,67433
2,67433,1,67605
1,67605,1,67776
0,67690,1,67862
3,67776,0
2,67776,1,67948
1,67862,1,68033
3,67948,1,68119
0,68033,1,68205
2,68119,1,68290
1,68290,1,68462
0,68376,1,68548
2,68462,1,68805
3,68462,1,69148
0,68633,1,68976
1,68805,1,68890
1,68976,1,69062
2,69148,0
1,69148,0
0,69148,0
0,69490,1,69833
1,69662,0
1,69833,1,70005
2,69919,1,70090
0,70005,0
3,70005,1,70176
2,70176,0
0,70176,1,70348
3,70348,0
1,70348,1,70519
2,70433,1,70605
3,70519,1,70690
0,70519,0
2,70690,1,70776
0,70690,1,71033
1,70776,1,70862
3,70862,1,70948
2,70948,1,71033
1,71033,1,71119
2,71119,1,71205
1,71205,0
3,71205,1,71376
0,71205,0
3,71548,1,71719
3,71890,1,72062
3,72233,1,72405
0,72576,1,72645
1,72645,1,72713
2,72713,1,72782
0,72782,1,72850
1,72850,1,72919
3,72919,1,73090
1,73262,1,73433
2,73605,1,73776
1,73776,1,73948
3,73948,1,74119
0,73948,1,74119
1,74119,0
3,74290,0
0,74290,0
2,74462,0
2,74633,1,74805
2,74976,1,75148
3,75319,1,75388
0,75388,1,75456
1,75456,1,75525
3,75525,1,75593
2,75593,1,75662
1,75662,1,75833
0,76005,1,76176
2,76348,1,76519
1,76519,1,76690
2,76690,1,76862
0,76690,1,76862
1,76862,0
2,77033,0
3,77033,0
0,77205,0
2,77376,1,77548
2,77719,1,77890
1,78062,1,78130
3,78130,1,78199
2,78199,1,78268
0,78268,1,78336
3,78336,1,78405
1,78405,1,78576
1,78748,1,78919
1,79090,1,79262
2,79262,1,79433
1,79433,1,79605
0,79433,1,79605
3,79605,0
3,79776,1,79948
2,79776,1,79948
0,79948,0
0,80119,1,80290
0,80462,1,80633
3,80805,1,80873
0,80873,1,80942
2,80942,1,81010
3,81010,1,81079
0,81079,1,81148
1,81148,1,81319
0,81490,1,81662
3,81662,0
2,81662,0
1,81748,0
3,81833,0
2,81833,0
2,82005,0
1,82005,0
3,82176,1,82348
0,82176,0
1,82176,0
2,82348,0
3,82519,0
0,82519,1,82605
2,82605,1,82690
1,82690,1,82776
0,82862,0
3,82862,1,83033
1,83033,0
0,83205,0
3,83205,1,83376
2,83376,0
3,83548,1,83616
0,83548,0
1,83616,1,83685
2,83685,1,83753
0,83753,1,83822
1,83822,1,83890
2,83890,0
3,83890,1,84062
1,84062,0
0,84233,0
2,84233,1,84405
3,84405,0
1,84576,0
2,84576,1,84748
1,84748,1,84919
3,84919,1,85090
0,84919,1,85090
2,85090,0
3,85262,1,85348
0,85262,0
2,85433,1,85519
3,85605,0
2,85605,1,85776
1,85776,0
0,85948,0
2,85948,1,86119
3,86119,0
0,86290,0
1,86290,1,86359
2,86359,1,86428
0,86428,1,86496
3,86496,1,86565
1,86565,1,86633
0,86633,0
2,86633,1,86805
3,86805,0
2,86976,0
1,86976,1,87148
0,87148,0
3,87319,0
2,87319,1,87490
1,87490,1,87662
0,87662,1,87833
3,87662,1,87833
2,87833,0
1,88005,0
0,88005,0
2,88176,0
3,88348,0
1,88348,1,88519
0,88519,0
2,88690,0
1,88690,1,88862
0,88862,0
1,89033,0
3,89033,1,89102
2,89102,1,89170
0,89170,1,89239
1,89239,1,89308
3,89308,1,89376
0,89376,0
2,89376,1,89548
3,89633,0
0,89633,0
2,89719,0
1,89719,1,89890
3,89890,0
0,89890,0
3,90062,0
0,90062,1,90233
2,90233,0
1,90233,1,90405
0,90405,1,90576
2,90405,1,90576
3,90576,0
1,90576,0
3,90748,0
2,90748,0
1,90919,0
0,90919,0
1,91090,0
2,91090,1,91262
3,91262,0
0,91262,0
1,91348,0
2,91348,0
3,91433,0
0,91433,1,91605
2,91605,0
1,91605,0
1,91776,0
3,91776,0
0,91776,0
0,91948,0
0,92119,0
2,93148,0
3,93148,1,93319
0,93148,1,93319
2,93490,0
3,93490,0
0,93490,0
1,93490,0
1,93833,0
3,93833,1,94005
0,93833,1,94005
2,94176,0
1,94176,0
0,94176,1,94348
3,94176,1,94348
1,94519,0
2,94519,1,94605
3,94519,1,94605
2,94690,1,94776
3,94690,1,94776
0,94862,0
1,94862,0
3,94862,1,95033
2,94862,1,95033
3,95205,0
1,95205,1,95376
0,95205,1,95376
1,95548,0
0,95548,0
2,95548,1,95719
3,95548,0
1,95719,1,95890
3,95890,0
2,95890,1,96062
0,95890,1,96062
2,96233,0
3,96233,0
1,96233,0
0,96233,0
3,96576,0
2,96576,1,96748
0,96576,1,96748
1,96919,0
3,96919,0
0,96919,1,97090
2,96919,1,97090
2,97262,0
1,97262,1,97348
0,97262,1,97348
1,97433,1,97519
0,97433,1,97519
3,97605,0
0,97605,0
2,97605,1,97776
1,97605,1,97776
1,97948,0
3,97948,1,98119
2,97948,1,98119
0,98290,0
3,98290,0
1,98290,1,98462
2,98290,0
2,98462,1,98633
1,98633,0
3,98633,1,98805
0,98633,1,98805
3,98976,0
0,98976,0
1,98976,0
2,98976,0
0,99319,0
2,99319,1,99490
1,99319,1,99490
0,99662,0
3,99662,0
1,99662,1,99833
2,99662,1,99833
1,100005,0
3,100005,1,100090
0,100005,1,100090
0,100176,1,100262
3,100176,1,100262
2,100348,1,100519
1,100348,0
3,100348,0
0,100348,1,100519
0,100690,0
2,100690,1,100862
1,100690,1,100862
2,101033,0
0,101033,0
3,101033,1,101205
1,101033,0
1,101205,1,101376
3,101376,0
0,101376,1,101548
2,101376,1,101548
2,101719,0
3,101719,0
0,101719,0
1,101719,0
2,102062,0
3,102062,1,102233
1,102062,1,102233
2,102405,0
0,102405,0
1,102405,1,102576
3,102405,1,102576
0,102748,0
3,102748,1,102833
2,102748,1,102833
3,102919,1,103005
2,102919,1,103005
1,103090,1,103262
0,103090,0
3,103090,0
2,103090,1,103262
1,103433,0
2,103433,1,103605
0,103433,1,103605
3,103776,0
0,103776,0
1,103776,1,103948
2,103776,0
2,103948,1,104119
0,104119,0
1,104119,1,104290
3,104119,1,104290
3,104462,0
1,104462,0
0,104462,0
2,104462,0
3,104633,0
2,104633,0
0,104805,0
1,104805,1,104976
3,104805,1,104976
0,104976,0
2,104976,0
3,105148,1,105319
1,105148,1,105319
0,105148,0
2,105148,0
0,105490,0
3,105490,1,105576
1,105490,1,105576
3,105662,1,105748
1,105662,1,105748
2,105833,0
0,105833,0
3,105833,1,106005
1,105833,1,106005
2,106005,0
0,106005,0
1,106176,0
3,106176,1,106348
2,106176,1,106348
1,106348,0
0,106348,0
2,106433,0
1,106519,1,106690
0,106519,0
3,106519,0
3,106690,1,106862
0,106862,0
2,106862,1,107033
1,106862,1,107033
3,107205,0
0,107205,0
1,107205,0
2,107205,0
3,107376,0
2,107376,0
0,107548,0
2,107548,1,107719
1,107548,1,107719
3,107719,0
0,107719,0
3,107890,0
0,107890,0
1,107890,1,108062
2,107890,1,108062
0,108062,0
3,108062,0
3,108233,0
1,108233,1,108319
2,108233,1,108319
1,108405,1,108490
2,108405,1,108490
0,108576,0
3,108576,0
2,108576,1,108748
1,108576,1,108748
3,108748,0
0,108748,0
2,108919,0
1,108919,1,109090
0,108919,1,109090
3,109090,0
2,109090,0
0,109262,0
3,109262,0
1,109262,1,109433
2,109262,0
3,109433,0
2,109476,0
0,109519,0
1,109562,0
3,109605,1,109755
2,109605,1,109755
1,109948,0
2,109948,0
0,109948,0
3,109948,0
1,110290,0
2,110290,0
0,110290,1,110462
3,110290,1,110462
2,110633,0
1,110633,0
0,110633,1,110805
3,110633,1,110805
3,110976,1,111062
0,110976,0
1,110976,0
2,110976,1,111062
3,111148,1,111233
2,111148,1,111233
3,111319,1,111490
0,111319,0
2,111319,0
1,111319,1,111490
1,111662,0
0,111662,0
3,111662,1,111833
2,111662,0
0,111833,0
2,111833,1,112005
1,111919,0
3,112005,0
0,112005,1,112176
3,112176,1,112348
2,112348,1,112519
0,112348,1,112519
3,112519,0
0,112690,1,112748
3,112690,0
1,112748,1,112805
2,112805,1,112862
1,112862,1,112919
0,112919,1,112976
2,112976,1,113033
3,113033,1,113119
1,113033,1,113205
2,113119,1,113205
0,113205,1,113290
3,113290,1,113376
1,113376,1,113462
0,113376,0
2,113376,1,113548
3,113462,1,113548
0,113548,0
1,113548,0
3,113633,0
2,113633,0
0,113719,1,113788
3,113788,1,113856
1,113856,1,113925
2,113925,1,113993
0,113993,1,114062
3,114062,1,114233
2,114233,0
0,114233,0
0,114405,1,114576
3,114576,1,114662
2,114605,1,114690
1,114633,1,114719
3,114748,1,114919
0,114748,0
0,114919,1,115090
1,114919,0
2,115005,0
3,115090,0
1,115090,0
2,115262,0
2,115433,0
1,115433,0
0,115433,0
3,115605,0
1,115776,0
3,115776,0
0,115948,1,116033
3,116119,0
2,116119,0
0,116119,1,116205
0,116290,1,116462
3,116462,0
1,116462,1,116633
2,116548,1,116719
3,116633,1,116719
3,116805,0
0,116805,0
1,116805,1,116976
2,116890,1,117062
3,116976,1,117062
1,117148,0
3,117148,1,117319
1,117319,1,117405
2,117490,0
0,117490,0
1,117490,1,117576
2,117662,1,117748
0,117833,0
2,117833,1,118005
1,117919,1,118090
0,118005,1,118090
0,118176,0
3,118176,0
2,118176,1,118348
1,118262,1,118433
0,118348,1,118433
3,118519,0
2,118519,0
2,118690,1,118862
3,118862,0
0,118862,1,118948
0,119033,1,119119
2,119205,0
0,119205,1,119376
1,119290,1,119462
2,119376,1,119462
2,119548,0
3,119548,0
0,119548,1,119719
1,119633,1,119805
2,119719,1,119805
0,119890,0
3,119890,1,119933
1,119933,1,119976
2,119976,1,120019
3,120062,1,120148
1,120233,0
2,120233,0
3,120233,1,120319
2,120405,1,120490
0,120576,0
2,120576,1,120748
1,120662,1,120833
0,120748,1,120833
3,120919,0
0,120919,0
2,120919,1,121090
1,121005,1,121176
0,121090,1,121176
2,121262,0
1,121262,0
0,121433,1,121476
2,121476,1,121519
1,121519,1,121562
3,121605,0
0,121605,0
1,121605,1,121690
1,121776,1,121862
3,121948,0
1,121948,1,122119
2,122033,1,122205
3,122119,1,122205
3,122290,0
0,122290,0
1,122290,1,122462
2,122376,1,122548
3,122462,1,122548
0,122633,0
1,122633,1,122676
3,122676,1,122719
2,122719,1,122762
1,122805,1,122890
3,122976,0
2,122976,0
1,122976,1,123062
3,123148,1,123233
1,123319,0
3,123319,1,123490
2,123405,1,123576
1,123490,1,123576
1,123662,0
0,123662,0
3,123662,1,123833
2,123748,1,123919
1,123833,1,123919
3,124005,0
2,124005,0
0,124176,1,124219
1,124262,1,124305
3,124348,0
0,124348,0
1,124348,1,124433
1,124519,1,124605
0,124690,0
1,124690,1,124862
2,124776,1,124948
3,124862,1,124948
0,125033,0
3,125033,0
1,125033,1,125205
2,125119,1,125290
3,125205,1,125290
2,125376,0
3,125376,1,125548
2,125548,1,125633
1,125719,0
0,125719,0
2,125719,1,125805
0,125890,1,125976
2,126062,0
0,126062,1,126233
1,126148,1,126319
3,126233,0
2,126233,1,126319
3,126405,0
0,126405,0
1,126405,1,126576
2,126490,1,126662
0,126576,0
3,126576,1,126662
3,126748,0
2,126748,0
0,126919,1,127005
1,126919,0
2,127005,1,127090
3,127090,0
0,127090,0
1,127090,1,127176
2,127262,0
1,127262,1,127348
3,127433,0
1,127433,1,127605
2,127519,1,127690
0,127605,0
3,127605,1,127690
2,127776,0
3,127776,0
0,127776,1,127948
1,127862,1,128033
3,127948,0
2,127948,1,128033
1,128119,0
2,128119,1,128290
3,128290,0
1,128290,1,128376
3,128462,0
1,128462,1,128548
2,128462,0
0,128633,0
2,128633,1,128719
3,128719,0
0,128805,0
2,128805,1,128976
1,128890,1,129062
3,128976,0
0,128976,1,129062
0,129148,0
1,129148,0
3,129148,1,129319
2,129233,1,129405
0,129319,0
1,129319,1,129405
2,129490,0
3,129490,0
1,129662,0
3,129662,1,129833
0,129833,0
1,129833,0
2,129833,1,129919
3,130005,0
2,130005,1,130090
3,130176,1,130262
0,130176,1,130262
0,130348,1,130433
3,130348,1,130433
1,130519,0
3,130519,1,130605
0,130519,1,130605
2,130690,0
1,130690,1,130862
0,130862,0
3,130862,1,131033
2,130948,1,131119
0,131033,0
1,131033,1,131119
3,131119,0
1,131205,0
2,131205,0
0,131205,1,131376
3,131376,1,131462
2,131376,0
1,131548,0
3,131548,1,131719
2,131633,1,131805
0,131719,0
1,131719,1,131805
3,131890,0
0,131890,0
2,131890,1,132062
1,131976,1,132148
3,132062,0
0,132062,1,132148
0,132233,0
2,132233,0
1,132405,0
2,132405,1,132576
1,132576,0
3,132576,0
0,132576,0
0,132748,0
2,132748,1,132919
1,132919,0
3,132919,1,133090
0,133090,0
1,133090,1,133133
2,133176,1,133219
1,133262,0
3,133262,0
2,133262,1,133348
2,133433,0
1,133433,1,133605
0,133605,0
2,133605,1,133690
1,133690,1,133733
1,133776,1,133862
2,133948,0
0,133948,1,134033
1,134119,0
0,134119,1,134205
2,134205,0
3,134290,0
1,134290,1,134462
0,134376,1,134548
3,134462,1,134548
2,134633,0
1,134633,1,134805
0,134719,1,134890
2,134805,1,134890
3,134976,0
0,134976,0
0,135148,1,135233
2,135190,1,135276
1,135233,1,135319
3,135319,0
0,135319,1,135405
0,135490,1,135576
2,135662,0
3,135662,1,135833
1,135833,1,135876
0,135876,1,135919
1,135919,1,135962
2,136005,1,136048
3,136069,1,136112
0,136148,1,136205
1,136176,1,136233
2,136205,1,136262
3,136233,0
2,136348,1,136433
3,136519,1,136562
2,136562,1,136605
2,136690,1,136733
1,136733,1,136776
0,136862,1,136905
1,136905,1,136948
0,137033,1,137119
1,137055,0
3,137076,0
2,137119,1,137162
1,137162,1,137205
3,137248,1,137290
0,137355,1,137398
0,137483,1,137526
1,137548,0
2,137569,0
0,137676,1,137719
1,137719,1,137805
2,137740,0
3,137762,0
1,137890,1,138062
2,138062,1,138233
0,138233,1,138319
1,138255,0
0,138405,1,138748
1,138426,0
2,138448,0
3,138490,1,138748
2,138748,1,138919
1,138919,1,139262
3,138940,0
0,139090,0
2,139112,0
3,139133,0
0,139262,1,139605
1,139433,1,139605
3,139605,1,139776
2,139626,0
0,139776,1,139948
1,139798,0
2,139819,0
0,140290,1,140376
1,140312,0
0,140462,1,140633
1,140483,0
3,140505,0
2,140633,1,140719
2,140805,1,140976
0,140976,1,141148
1,140998,0
3,141148,1,141490
2,141169,0
1,141190,0
0,141233,1,141490
1,141490,1,141576
1,141662,1,142005
2,141662,0
3,141683,0
0,141833,0
2,141855,0
3,141876,0
2,142005,1,142090
3,142090,1,142176
1,142176,1,142262
3,142348,1,142519
2,142369,0
2,142519,0
1,142540,0
0,142562,0
0,143033,1,143205
1,143055,0
3,143205,1,143290
2,143226,0
1,143248,0
3,143376,1,143719
1,143548,1,143719
0,143719,1,143890
2,143740,0
3,143890,1,144062
2,143912,0
1,143933,0
0,144233,1,144319
0,144405,1,144576
2,144426,0
3,144576,1,144662
2,144598,0
1,144619,0
3,144748,1,145005
2,144833,1,145005
0,144919,1,145005
2,145090,1,145176
0,145112,0
1,145176,1,145262
0,145262,1,145605
2,145283,0
3,145305,0
2,145776,0
1,145798,0
2,145948,1,146033
1,145969,0
0,145990,0
2,146119,1,146290
0,146290,1,146376
0,146462,1,146633
1,146483,0
1,146633,1,146719
3,146655,0
0,146676,0
2,146719,1,146805
3,146805,1,146976
0,146976,1,147062
0,147148,1,147490
2,147169,0
1,147319,0
2,147340,0
3,147362,0
1,147490,1,147576
2,147576,1,147662
3,147662,1,148005
2,147833,0
1,147855,0
0,148005,1,148090
1,148026,0
2,148048,0
3,148090,1,148519
0,148326,0
2,148348,0
1,148519,0
2,148540,0
1,148690,1,148776
2,148712,0
3,148733,0
1,148862,1,149033
2,149033,1,149119
2,149205,1,149376
1,149226,0
1,149376,1,149462
3,149398,0
0,149419,0
2,149462,1,149548
3,149548,1,149719
0,149719,1,149805
0,149890,1,150233
2,149912,0
3,150062,0
2,150083,0
1,150105,0
2,150233,1,150319
1,150319,1,150405
0,150405,1,150555
3,150576,1,150919
1,150598,0
2,150748,0
1,150769,0
0,150790,0
0,151262,0
1,151283,0
0,151433,1,151519
1,151455,0
2,151476,0
0,151605,1,151776
2,151776,1,151862
2,151948,1,152119
1,151969,0
1,152119,1,152205
3,152140,0
0,152162,0
2,152205,1,152290
3,152290,1,152462
0,152462,1,152548
0,152633,1,152976
2,152655,0
1,152805,0
2,152826,0
3,152848,0
1,152976,1,153062
2,153062,1,153148
3,153148,1,153319
1,153319,1,153662
2,153340,0
0,153490,0
3,153512,0
2,153533,0
0,154005,1,154090
1,154026,0
0,154176,1,154348
1,154198,0
3,154219,0
2,154348,1,154519
3,154519,1,154605
3,154690,1,155033
2,154712,0
2,154862,0
1,154883,0
0,154905,0
2,155033,1,155205
1,155205,1,155376
0,155376,1,155548
2,155398,0
3,155548,1,155890
2,155569,0
1,155590,0
1,155890,1,155976
1,156062,1,156233
2,156083,0
0,156233,1,156405
2,156255,0
3,156276,0
1,156405,1,156490
2,156490,1,156576
2,156748,0
1,156769,0
2,156919,1,157005
1,156940,0
0,156962,0
2,157090,1,157262
0,157262,1,157348
0,157433,1,157605
1,157455,0
1,157605,1,157948
2,157626,0
3,157648,0
3,157948,1,158033
3,158119,1,158205
1,158140,0
2,158205,1,158290
1,158290,1,158462
0,158312,0
3,158333,0
0,158462,1,158548
1,158548,1,158633
2,158633,1,158805
0,158805,0
1,158826,0
0,158976,1,159512
3,158998,0
2,159019,0
1,159062,1,159319
3,159319,0
3,159490,0
1,159512,0
2,159576,1,159662
3,159662,1,159748
1,159683,0
0,159705,0
2,159748,1,160005
1,159919,1,160005
0,160005,1,160090
0,160176,1,160348
1,160198,0
3,160348,1,160690
2,160369,0
1,160390,0
0,160519,1,160690
2,160690,1,160862
1,160862,1,160948
3,160883,0
0,160948,1,161376
2,161033,1,161376
3,161055,0
1,161076,0
1,161376,1,161548
2,161548,1,161633
3,161569,0
0,161633,1,161890
1,161719,0
2,161740,0
3,161762,0
3,161890,1,161976
2,161976,1,162062
1,162062,0
1,162233,0
0,162255,0
2,162405,1,162490
1,162426,0
0,162448,0
2,162576,1,162748
0,162748,1,162833
0,162919,1,163005
1,162940,0
3,163090,1,163433
1,163112,0
0,163133,0
2,163219,1,163433
0,163433,1,163690
1,163605,1,163690
2,163626,0
3,163690,1,164033
0,163776,1,164033
1,163798,0
2,163819,0
3,164119,1,164290
0,164290,1,164633
1,164312,0
1,164462,0
2,164483,0
3,164505,0
2,164805,0
2,164976,0
1,164998,0
0,165148,1,165233
1,165169,0
2,165190,0
0,165319,1,165490
1,165490,1,165662
2,165662,1,165833
3,165683,0
3,165833,1,165919
1,165855,0
0,165876,0
2,165919,1,166176
1,166005,1,166176
0,166176,1,166262
0,166348,1,166519
1,166369,0
3,166519,1,166605
2,166540,0
1,166562,0
0,166605,1,166862
1,166690,1,166862
3,166862,1,167033
2,167033,1,167119
0,167055,0
1,167119,1,167376
0,167205,1,167376
2,167226,0
3,167248,0
2,167719,1,168062
0,167890,1,168233
1,168062,1,168233
2,168233,1,168576
1,168405,1,168748
0,168576,1,168748
1,168919,1,169262
3,169090,1,169605
2,169605,1,169776
1,169690,1,169862
0,169776,1,169862
2,169862,1,169948
0,169948,1,170119
3,169948,1,170633
1,170033,1,170205
2,170119,1,170462
0,170290,1,170376
0,170462,1,170548
0,170633,0
1,170633,0
2,170633,0
0,170976,1,171319
1,171148,0
1,171319,1,171490
2,171405,1,171576
3,171490,1,171662
1,171662,1,171833
3,171833,1,172005
1,171919,1,172090
0,172005,1,172176
2,172005,0
3,172176,1,172348
2,172262,1,172433
0,172348,1,172519
2,172519,1,172690
1,172605,1,172776
3,172690,1,173033
0,172690,1,173376
2,172862,1,173205
1,173033,1,173119
1,173205,1,173290
1,173376,0
2,173376,0
3,173376,0
1,173719,1,174062
2,173890,0
0,174062,1,174233
1,174148,1,174319
2,174233,1,174405
0,174405,1,174576
2,174576,1,174748
1,174662,1,174833
0,174748,0
3,174748,1,174919
1,174919,1,175090
2,175005,1,175176
3,175090,1,175262
2,175262,1,175433
1,175348,1,175519
0,175433,1,175776
3,175433,1,176119
1,175605,1,175948
2,175776,1,175862
2,175948,1,176033
0,176119,0
2,176119,0
1,176119,0
2,176462,1,176805
1,176633,0
1,176805,1,176976
2,176890,1,177062
3,176976,1,177148
0,177148,1,177319
3,177319,1,177490
1,177405,1,177576
0,177490,0
2,177490,1,177662
3,177576,1,177748
1,177662,1,177833
0,177748,1,177919
2,177833,1,178005
0,178005,1,178176
1,178090,1,178262
3,178176,1,178519
2,178176,1,178862
0,178348,1,178690
1,178519,1,178605
1,178690,1,178776
1,178862,0
3,178862,0
0,178862,0
0,179205,1,179548
1,179376,0
1,179548,1,179719
2,179633,1,179805
3,179719,1,179890
0,179890,1,180062
2,180062,1,180233
1,180148,1,180319
3,180233,0
0,180233,1,180405
2,180405,1,180576
0,180490,1,180662
3,180576,0
1,180576,1,180748
0,180748,0
2,180748,1,180919
3,180833,1,181005
0,180919,1,181262
1,180919,1,181605
2,181090,1,181433
3,181262,1,181348
3,181433,1,181519
0,181605,0
3,181605,0
2,181605,0
0,181948,1,182290
1,182119,0
1,182290,1,182462
2,182376,1,182548
3,182462,1,182633
0,182633,1,182805
2,182805,1,182976
1,182890,1,183062
0,182976,1,183148
3,182976,0
2,183148,1,183319
1,183233,1,183405
0,183319,1,183490
1,183490,1,183662
2,183576,1,183748
3,183662,1,184005
0,183662,1,184348
1,183833,1,184176
2,184005,1,184090
2,184176,1,184262
1,184348,0
2,184348,0
3,184348,0
0,184690,1,185033
1,184862,0
1,185033,1,185205
2,185119,1,185290
3,185205,1,185376
1,185376,1,185548
0,185548,1,185719
2,185633,1,185805
1,185719,1,185890
3,185719,0
3,185890,1,186062
2,185976,1,186148
1,186062,1,186233
3,186233,1,186405
0,186319,1,186490
2,186405,1,186748
1,186405,1,187090
3,186576,1,186919
0,186748,1,186833
0,186919,1,187005
0,187090,0
3,187090,0
2,187090,0
0,187433,1,187776
1,187605,0
2,187776,1,187948
1,187862,1,188033
3,187948,1,188119
2,188119,1,188290
1,188290,1,188462
0,188376,1,188548
3,188462,0
2,188462,1,188633
1,188548,1,188719
3,188633,1,188805
0,188719,1,188890
2,188805,1,188976
1,188976,1,189148
0,189062,1,189233
2,189148,1,189490
3,189148,1,189833
0,189319,1,189662
1,189490,1,189576
1,189662,1,189748
2,189833,0
1,189833,0
0,189833,0
0,190176,1,190519
1,190348,0
1,190519,1,190690
2,190605,1,190776
3,190690,1,190862
0,190862,1,191033
2,191033,1,191205
1,191119,1,191290
0,191205,1,191376
3,191205,0
1,191376,1,191548
2,191462,1,191633
3,191548,1,191740
2,191719,1,191890
1,191805,1,191976
0,191890,1,192576
3,191890,0
1,192233,0
3,192405,0
3,192576,0
1,192576,0
2,192576,0
0,192919,0
3,193090,0
0,193262,0
3,193433,0
1,193605,1,193776
2,193690,1,193948
3,193948,1,194290
0,193948,0
1,193948,0
1,194290,1,194462
2,194376,1,194548
3,194462,1,194890
2,194633,0
0,194633,0
1,194633,1,195148
3,194976,1,195319
0,195319,0
2,195319,1,195662
1,195319,0
1,195662,1,196348
3,195833,0
0,196005,0
3,196176,0
0,196348,1,196690
1,196690,0
3,196690,0
2,196690,1,197033
0,197033,1,197205
2,197119,1,197290
1,197205,1,197376
3,197376,0
0,197376,1,197890
2,197376,0
3,197719,1,198062
2,197890,0
2,198062,1,198405
1,198062,0
0,198062,0
1,198405,1,198919
3,198576,0
0,198748,0
3,198919,0
1,199090,1,199262
2,199176,1,199348
3,199262,1,199776
2,199433,0
1,199433,0
0,199433,0
1,199605,1,199776
2,199776,1,199948
1,199862,1,200033
0,199948,1,202519
2,200119,0
3,200119,1,200633
1,200119,0
2,200462,0
1,200633,0
1,200805,0
3,200805,0
2,200805,0
1,201148,0
3,201319,0
1,201490,0
3,201662,0
1,201833,0
2,202176,0
1,202176,0
3,202176,0
2,202519,0
1,202519,1,202862
0,202690,0
3,202690,0
3,202862,1,203890
2,202862,0
0,202862,0
2,203205,0
0,203376,0
0,203548,0
1,203548,0
2,203548,0
0,203890,0
2,204062,0
0,204233,0
2,204405,0
0,204576,1,204748
1,204662,1,204919
3,204919,0
2,204919,1,205262
0,204919,0
3,205262,1,205948
0,205433,0
1,205605,0
0,205605,1,206119
2,205605,0
2,205948,1,206290
1,206290,1,206633
0,206290,0
3,206290,0
0,206633,1,207148
3,206805,0
1,206976,0
3,207148,0
2,207319,1,207490
3,207405,1,207662
0,207662,0
1,207662,1,208005
2,207662,0
0,208005,1,208348
3,208176,0
1,208348,1,208862
3,208348,1,208690
2,208348,0
2,208690,1,209033
0,208862,0
3,209033,0
1,209033,1,209376
0,209033,0
0,209376,1,209548
1,209462,1,209633
2,209548,1,209890
0,209719,0
3,209890,0
2,210062,1,210405
0,210062,0
1,210233,0
1,210405,1,210748
0,210405,0
3,210405,0
0,210748,1,210919
1,210833,1,211005
2,210919,1,213148
1,211090,1,211605
3,211090,0
0,211090,0
3,211433,0
0,211605,0
0,211776,0
3,211776,0
1,211776,0
0,212119,0
3,212290,0
1,212633,0
3,212805,0
1,212890,1,213490
0,212976,0
3,213148,0
0,213148,0
3,213319,0
2,213490,0
1,213662,0
0,213833,1,214519
1,214176,1,214519
2,214519,1,214862
0,214862,1,215033
3,214862,1,216062
1,214948,1,215119
2,215033,1,215205
1,215205,1,215890
2,215548,1,216062
0,215890,1,216233
2,216233,1,216576
3,216576,1,216919
1,216576,1,216919
0,216919,1,217262
1,217262,1,217605
2,217262,1,217605
0,217605,1,217776
3,217605,1,217948
1,217690,1,217862
2,217776,1,217948
1,217948,1,218290
0,217948,1,218290
3,218290,1,219319
2,218633,1,219319
1,218976,1,219319
0,219319,1,220005
2,219662,1,220005
3,220005,1,220348
0,220348,1,220690
1,220348,1,220519
2,220433,1,220605
3,220519,1,220948
3,221033,1,221376
0,221376,1,221719
2,221376,1,221719
1,221719,1,221890
1,222062,1,222405
0,222062,1,222405
3,222405,1,222748
0,222748,1,223090
1,223090,1,223262
2,223176,1,223348
3,223262,1,223433
0,223433,1,223776
2,223433,1,223605
1,223605,1,223776
2,223776,1,224119
3,223776,1,224119
0,224119,1,224462
2,224462,1,224633
1,224462,1,224633
3,224805,0
0,224805,1,225062
1,225148,1,225233
0,225233,1,225276
1,225319,1,225362
2,225362,1,225405
3,225405,1,225490
1,225490,0
2,225662,1,225748
1,225748,1,225790
0,225833,1,225890
2,225890,1,225948
1,225948,1,226005
3,226005,1,226062
2,226062,1,226119
0,226176,1,226233
1,226233,1,226290
3,226290,1,226348
2,226348,1,226405
1,226405,1,226462
3,226519,1,226562
2,226562,1,226605
3,226690,1,226733
2,226733,1,226776
1,226862,1,226905
2,226905,1,226948
1,227033,1,227076
2,227076,1,227119
0,227205,1,227248
1,227248,1,227290
0,227376,1,227419
1,227419,1,227462
0,227548,1,227605
2,227548,0
1,227605,1,227662
3,227662,1,227719
2,227719,1,227776
1,227776,1,227833
0,227890,1,227976
0,228062,1,228233
2,228405,1,228490
0,228576,1,228633
3,228633,1,228690
1,228690,1,228748
2,228748,1,228805
3,228805,1,228862
0,228919,1,228976
3,228976,1,229033
1,229033,1,229090
2,229090,1,229148
3,229148,1,229205
1,229262,1,229348
0,229433,0
1,229433,1,229605
2,229605,1,229690
3,229690,1,229776
2,229862,1,229948
3,229948,1,230033
0,230119,1,230205
1,230290,0
3,230290,1,230348
0,230348,1,230405
2,230405,1,230462
1,230462,1,230519
0,230519,1,230576
3,230633,1,230719
2,230805,0
3,230805,1,230976
2,230976,0
0,231148,1,231233
1,231319,0
3,231319,1,231376
0,231376,1,231433
2,231433,1,231490
3,231490,1,231548
1,231548,1,231605
1,231662,0
3,231662,1,231719
0,231719,1,231776
2,231776,1,231833
3,231833,1,231890
1,231890,1,231948
2,232005,1,232090
2,232176,1,232262
0,232176,0
0,232348,0
2,232348,1,232433
1,232433,1,232605
2,232690,0
1,232690,1,232862
0,232862,1,232948
0,233033,1,233102
2,233033,0
1,233102,1,233170
3,233170,1,233239
2,233239,1,233308
1,233308,1,233376
2,233376,1,233462
3,233548,0
2,233548,1,233633
3,233719,0
2,233719,1,233976
0,233890,0
1,233976,0
0,234062,0
3,234062,1,234148
2,234233,0
3,234233,1,234319
1,234405,0
0,234405,0
3,234405,1,234662
1,234748,1,234833
1,234919,1,235005
1,235090,1,235176
0,235176,1,235348
0,235433,1,235519
0,235605,1,235690
2,235776,0
3,235776,1,235948
0,235776,1,235948
2,236119,0
3,236119,0
0,236119,0
1,236119,0
1,236462,0
3,236462,1,236633
0,236462,1,236633
2,236805,0
1,236805,0
0,236805,1,236976
3,236805,1,236976
1,237148,0
2,237148,1,237233
3,237148,1,237233
2,237319,1,237405
3,237319,1,237405
0,237490,0
1,237490,0
3,237490,1,237662
2,237490,1,237662
2,237833,0
1,237833,1,238005
0,237833,1,238005
1,238176,0
0,238176,0
2,238176,1,238348
3,238176,0
1,238348,1,238519
3,238519,0
2,238519,1,238690
0,238519,1,238690
2,238862,0
3,238862,0
1,238862,0
0,238862,0
3,239205,0
2,239205,1,239376
0,239205,1,239376
1,239548,0
3,239548,0
0,239548,1,239719
2,239548,1,239719
2,239890,0
1,239890,1,239976
0,239890,1,239976
1,240062,1,240148
0,240062,1,240148
2,240233,1,240405
3,240233,0
1,240233,0
0,240233,1,240405
1,240576,0
3,240576,1,240748
2,240576,1,240748
0,240919,0
3,240919,0
1,240919,1,241090
2,240919,0
2,241090,1,241262
1,241262,0
3,241262,1,241433
0,241262,1,241433
3,241605,0
0,241605,0
1,241605,0
2,241605,0
3,241948,0
2,241948,1,242119
1,241948,1,242119
0,242290,0
3,242290,0
1,242290,1,242462
2,242290,1,242462
1,242633,0
3,242633,1,242719
0,242633,1,242719
0,242805,1,242890
3,242805,1,242890
2,242976,0
0,242976,0
1,242976,1,243148
3,242976,1,243148
3,243319,0
2,243319,1,243490
1,243319,1,243490
2,243662,0
0,243662,0
3,243662,1,243833
1,243662,0
2,243833,1,244005
3,244005,0
0,244005,1,244176
1,244005,1,244176
2,244348,0
3,244348,0
0,244348,0
1,244348,0
3,244690,0
0,244690,1,244862
2,244690,1,244862
1,245033,0
3,245033,0
2,245033,1,245205
0,245033,1,245205
1,245376,0
3,245376,1,245462
2,245376,1,245462
3,245548,1,245633
2,245548,1,245633
1,245719,1,245890
0,245719,0
3,245719,0
2,245719,1,245890
2,246062,0
1,246062,1,246233
0,246062,1,246233
3,246405,0
0,246405,0
1,246405,0
2,246405,1,246576
1,246576,1,246748
3,246748,0
0,246748,1,246919
2,246748,1,246919
0,247090,0
2,247090,0
3,247090,0
1,247090,0
0,247262,0
1,247262,0
2,247433,1,247605
0,247433,1,247605
3,247433,0
3,247605,0
1,247605,0
1,247776,0
3,247776,0
0,247776,1,247948
2,247776,1,247948
3,248119,0
2,248119,1,248205
0,248119,1,248205
2,248290,1,248376
0,248290,1,248376
3,248462,0
1,248462,0
0,248462,1,248633
2,248462,1,248633
3,248633,0
1,248633,0
0,248805,0
3,248805,1,248976
2,248805,1,248976
1,248976,0
0,248976,0
2,249062,0
1,249148,1,249319
0,249148,0
3,249148,0
3,249319,1,249490
0,249490,0
2,249490,1,249662
1,249490,1,249662
3,249833,0
0,249833,0
1,249833,0
2,249833,0
1,250005,0
0,250005,0
3,250176,0
2,250176,1,250348
1,250176,1,250348
3,250348,0
0,250348,0
3,250519,0
0,250519,0
1,250519,1,250690
2,250519,1,250690
0,250690,0
3,250690,0
0,250862,0
2,250862,1,250948
1,250862,1,250948
2,251033,1,251119
1,251033,1,251119
3,251205,1,251376
0,251205,0
2,251205,0
1,251205,1,251376
2,251376,0
0,251376,0
2,251548,0
1,251548,1,251719
0,251548,1,251719
3,251719,0
2,251719,0
0,251890,0
3,251890,0
1,251890,1,252062
2,251890,0
3,252062,0
2,252105,0
0,252148,0
1,252190,0
3,252233,1,252405
2,252233,1,252405
1,252576,0
2,252576,0
0,252576,0
3,252576,0
1,252919,0
2,252919,0
0,252919,1,253090
3,252919,1,253090
2,253262,0
1,253262,0
0,253262,1,253433
3,253262,1,253433
3,253605,1,253690
0,253605,0
1,253605,0
2,253605,1,253690
3,253776,1,253862
2,253776,1,253862
2,253948,1,254119
0,253948,0
3,253948,0
1,253948,1,254119
1,254290,0
0,254290,0
3,254290,1,254462
2,254290,0
2,254462,1,254633
1,254548,0
3,254633,0
0,254633,1,254805
3,254805,1,254976
2,254976,1,255148
0,254976,1,255148
3,255148,0
3,255319,1,255376
0,255319,0
2,255376,1,255433
1,255433,1,255490
2,255490,1,255548
3,255548,1,255605
1,255605,1,255662
2,255662,1,255748
0,255662,1,255833
3,255748,1,255833
1,255833,1,255919
0,255919,1,256005
2,256005,1,256090
1,256005,0
3,256005,0
0,256090,1,256176
3,256176,0
2,256176,0
1,256262,0
0,256262,0
3,256348,1,256416
0,256416,1,256485
2,256485,1,256553
1,256553,1,256622
3,256622,1,256690
2,256690,1,256862
0,256862,1,256948
1,256890,1,256976
2,256919,1,257005
3,257033,0
0,257033,1,257205
1,257119,0
3,257205,1,257262
2,257262,1,257319
1,257319,1,257376
3,257376,1,257548
0,257548,0
2,257548,1,257719
1,257719,0
3,257719,0
0,257719,1,258062
2,258062,0
1,258062,0
3,258062,1,258148
3,258233,1,258405
1,258405,0
0,258405,0
1,258576,1,258662
3,258748,0
0,258748,0
1,258748,1,258919
2,258833,1,259005
3,258919,1,259005
3,259090,0
1,259090,1,259262
2,259176,1,259348
3,259262,1,259348
1,259433,0
0,259433,0
3,259433,1,259519
3,259605,1,259690
0,259776,0
2,259776,1,259948
1,259862,1,260033
0,259948,1,260033
2,260033,1,260205
3,260119,0
1,260119,1,260290
0,260205,1,260290
3,260290,1,260462
1,260462,0
2,260462,1,260719
3,260805,0
1,260805,0
2,260805,1,260890
2,260976,1,261148
1,261148,0
0,261148,0
0,261319,1,261405
3,261490,0
2,261490,0
0,261490,1,261662
1,261576,1,261748
2,261662,1,261748
2,261833,0
0,261833,1,262005
1,261919,1,262090
2,262005,1,262090
2,262176,0
1,262176,0
3,262176,1,262262
3,262348,1,262519
0,262519,0
2,262519,1,262690
1,262605,1,262776
0,262690,1,262776
2,262776,1,262948
3,262862,0
1,262862,1,263033
0,262948,1,263033
3,263033,1,263205
2,263205,1,263248
0,263205,0
3,263248,1,263290
1,263290,1,263333
2,263333,1,263376
0,263376,1,263419
1,263419,1,263462
1,263548,0
3,263548,1,263590
0,263590,1,263633
2,263633,1,263676
3,263719,1,263890
1,263890,0
0,263890,0
1,264062,1,264148
3,264233,0
0,264233,0
1,264233,1,264405
2,264319,1,264490
3,264405,1,264490
3,264576,0
1,264576,1,264748
2,264662,1,264833
3,264748,1,264833
1,264919,0
0,264919,0
2,264919,1,265005
2,265090,1,265176
0,265262,0
2,265262,1,265433
1,265348,1,265519
0,265433,1,265519
2,265519,1,265605
1,265605,0
0,265605,0
3,265605,1,265776
1,265776,1,265948
2,265948,0
0,265948,1,266290
3,266290,0
1,266290,0
2,266290,1,266376
0,266462,1,266505
1,266505,1,266548
2,266548,1,266633
1,266633,1,266805
3,266633,0
2,266719,1,266890
3,266805,1,266890
1,266976,0
0,266976,0
2,266976,1,267033
3,267033,1,267090
1,267148,1,267205
0,267205,1,267319
1,267319,0
3,267319,1,267376
2,267383,1,267490
1,267662,0
0,267662,0
2,267662,1,267719
3,267719,1,267776
1,267833,1,267890
2,267890,1,267948
3,268005,0
0,268005,1,268062
1,268062,1,268262
3,268348,0
2,268348,0
1,268348,1,268433
1,268519,1,268690
2,268690,0
0,268690,1,269033
3,268862,0
1,268862,0
3,269033,1,269119
1,269033,0
2,269033,0
2,269205,0
0,269205,0
3,269205,1,269376
0,269376,0
1,269376,0
2,269548,0
1,269548,1,269633
1,269719,1,269890
0,269719,0
3,269719,0
2,269805,1,269976
0,269890,0
3,269890,1,269976
1,270062,1,270233
3,270062,0
2,270148,1,270319
0,270233,0
3,270233,1,270319
3,270405,1,270490
0,270405,0
1,270405,0
1,270576,0
3,270576,1,270662
2,270748,1,270919
0,270748,0
1,270833,1,271005
3,270919,0
0,270919,1,271005
2,271005,1,271176
1,271090,1,271262
3,271090,0
0,271176,1,271262
2,271262,0
3,271262,1,271433
0,271348,0
2,271433,1,271690
1,271433,0
3,271605,0
0,271605,0
2,271776,1,271862
0,271776,0
1,271776,0
1,271948,0
3,271948,0
2,271948,1,272119
3,272119,0
1,272119,0
2,272290,0
0,272290,1,272376
0,272462,1,272633
2,272462,0
3,272462,0
1,272548,1,272719
3,272633,0
2,272633,1,272719
0,272805,1,272976
2,272805,0
1,272890,1,273062
3,272976,0
2,272976,1,273062
3,273148,1,273233
1,273148,0
2,273148,0
1,273319,0
0,273319,0
3,273319,1,273490
2,273490,1,273662
0,273490,0
1,273576,1,273748
3,273662,0
0,273662,1,273748
2,273748,1,273919
1,273833,1,274005
3,273833,0
0,273919,1,274005
2,274005,0
3,274005,1,274176
2,274176,1,274219
0,274176,0
3,274219,1,274262
1,274262,1,274305
2,274305,1,274348
0,274348,1,274390
1,274390,1,274433
3,274519,1,274562
0,274519,0
2,274562,1,274605
1,274605,1,274648
2,274690,0
3,274690,1,274862
0,274862,0
1,274862,0
2,275033,0
1,275033,1,275119
1,275205,1,275376
0,275205,0
3,275205,0
2,275290,1,275462
0,275376,0
3,275376,1,275462
1,275548,1,275719
3,275548,0
2,275633,1,275805
0,275719,0
3,275719,1,275805
2,275890,1,275976
0,275890,0
1,275890,0
3,276062,0
2,276062,1,276148
2,276233,1,276405
0,276233,0
1,276319,1,276490
3,276405,0
0,276405,1,276490
2,276490,1,276576
1,276576,0
3,276576,1,276662
0,276576,0
1,276748,1,276919
2,276748,0
3,276833,0
0,276919,1,277262
2,276919,0
3,277090,0
1,277090,0
3,277262,0
1,277262,0
2,277262,1,277348
2,277433,1,277476
1,277433,0
0,277476,1,277519
3,277519,1,277605
0,277605,0
1,277605,1,277776
2,277690,1,277862
0,277776,0
3,277776,1,277862
0,277948,0
1,277948,0
2,277948,1,278005
3,278005,1,278062
2,278119,0
1,278119,1,278176
0,278176,1,278290
1,278290,0
3,278290,1,278348
2,278348,1,278462
3,278462,0
1,278462,0
0,278633,0
1,278633,0
2,278633,1,278690
3,278690,1,278748
0,278805,0
1,278805,1,278862
2,278862,1,278919
3,278976,0
0,278976,1,279033
1,279033,1,279233
3,279148,0
2,279148,0
0,279233,0
2,279319,0
3,279319,0
1,279319,1,279405
1,279490,1,279662
0,279662,0
3,279705,0
2,279726,0
0,280005,0
1,280026,0
3,280176,0
2,280198,0
1,280219,0
3,280348,0
2,280369,0
1,280390,0
2,280690,0
3,280733,0
1,280776,0
0,280819,0
2,280862,0
3,280883,0
0,281033,0
1,281055,0
2,281076,0
2,281376,0
1,281398,0
2,281548,0
1,281569,0
0,281590,0
2,281719,0
1,281740,0
0,281762,0
3,282062,0
1,282105,0
2,282148,0
0,282190,0
3,282233,0
1,282276,0
2,282319,0
0,282405,0
1,282426,0
2,282448,0
2,282748,0
1,282769,0
2,282919,0
3,282940,0
1,283090,0
2,283112,0
3,283133,0
1,283433,0
0,283476,0
1,283605,0
0,283626,0
1,283776,0
2,283798,0
1,283948,0
2,283969,0
3,284119,0
2,284140,0
2,284290,0
3,284312,0
1,284462,0
2,284483,0
3,284505,0
0,284612,0
2,284676,0
1,284719,0
3,284762,0
0,284805,0
1,284826,0
2,284848,0
1,284976,0
0,284998,0
2,285148,0
3,285169,0
1,285190,0
1,285490,0
0,285533,0
1,285662,0
2,285683,0
3,285705,0
2,285833,0
1,285855,0
0,285876,0
3,286176,0
1,286219,0
2,286262,0
0,286305,0
3,286348,0
1,286369,0
2,286390,0
1,286519,0
0,286540,0
2,286690,0
1,286712,0
0,286862,1,287076
1,287076,0
2,287119,0
3,287162,0
0,287205,0
1,287226,0
2,287248,0
3,287548,0
2,287569,0
2,287719,0
1,287740,0
2,287890,0
1,287912,0
0,287933,0
0,288233,0
3,288276,0
1,288319,0
2,288362,0
0,288405,1,288576
1,288576,0
2,288598,0
3,288619,0
3,288919,0
2,288940,0
2,289090,0
1,289112,0
0,289262,0
1,289283,0
1,289433,0
2,289455,0
3,289476,0
2,289605,0
1,289626,0
0,289776,0
1,289798,0
2,289819,0
3,289948,0
2,289969,0
1,289990,0
3,290119,0
2,290140,0
1,290162,0
0,290290,0
2,290376,0
0,290462,0
2,290548,0
0,290633,0
