1,342,0
0,342,0
1,488,0
2,634,0
3,634,0
2,781,0
1,927,0
0,927,0
1,1073,0
2,1220,0
3,1220,0
2,1366,0
1,1512,0
0,1512,0
1,1659,0
2,1805,0
3,1805,0
2,1951,0
1,2098,0
0,2098,0
1,2244,0
2,2390,0
3,2390,0
2,2537,0
1,2683,0
0,2683,0
1,2829,0
2,2976,0
3,2976,0
2,3122,0
0,3268,0
1,3268,0
1,3415,0
3,3561,0
2,3561,0
2,3707,0
0,3854,0
1,3854,0
1,4000,0
2,4146,0
3,4146,0
2,4293,0
0,4439,0
1,4439,0
1,4585,0
3,4732,0
2,4732,1,5024
3,5024,0
0,5024,0
1,5024,0
2,5220,0
1,5317,0
0,5317,0
2,5415,0
1,5512,0
3,5512,0
2,5610,0
0,5610,0
0,5805,0
2,5805,0
1,5902,0
3,5902,0
3,6098,0
2,6195,0
0,6195,0
0,6390,0
1,6488,0
2,6488,0
3,6585,0
1,6683,0
2,6683,0
3,6781,0
0,6781,0
0,6976,0
3,6976,0
2,7073,0
1,7073,0
3,7171,0
2,7268,0
1,7366,0
0,7366,0
0,7561,0
1,7659,0
3,7659,0
2,7756,0
1,7854,0
3,7854,0
2,7951,0
0,7951,0
0,8146,0
2,8146,0
1,8244,0
3,8244,0
3,8439,0
2,8537,0
0,8537,0
0,8732,0
1,8829,0
2,8829,0
3,8927,0
0,9024,0
2,9122,0
3,9122,0
1,9171,0
0,9220,0
3,9317,0
1,9415,1,9707
0,9415,1,9707
2,9707,0
3,9707,0
3,9902,0
0,10000,0
1,10000,0
2,10098,0
3,10195,0
1,10195,0
0,10293,0
2,10293,0
0,10488,0
2,10488,0
1,10585,0
3,10585,0
3,10781,0
2,10878,0
0,10878,0
0,11073,0
3,11171,0
1,11171,0
2,11268,0
0,11366,0
3,11366,0
2,11463,0
1,11463,0
1,11659,0
2,11659,0
3,11756,0
0,11756,0
1,11854,0
3,11951,0
2,12049,0
0,12049,0
0,12244,0
1,12341,0
3,12341,0
2,12439,0
3,12537,0
1,12537,0
2,12634,0
0,12634,0
2,12829,0
0,12829,0
3,12927,0
1,12927,0
3,13122,0
0,13220,0
2,13220,0
0,13415,0
1,13512,0
2,13512,0
3,13610,0
0,13707,0
2,13805,0
3,13805,0
1,13854,0
0,13902,0
3,14000,0
0,14098,0
1,14098,0
2,14195,0
1,14293,0
0,14390,0
3,14390,0
2,14390,0
3,14537,0
2,14610,0
1,14683,0
0,14683,0
1,14829,0
2,14976,0
3,14976,0
0,15049,0
2,15122,0
1,15268,0
0,15268,0
1,15415,0
2,15561,0
3,15561,0
0,15634,0
2,15707,0
1,15854,0
0,15854,0
3,15927,0
1,16000,0
2,16146,0
3,16146,0
0,16220,0
2,16293,0
1,16439,0
0,16439,0
1,16585,0
2,16732,0
3,16732,0
1,16805,0
0,16805,0
2,16878,0
3,16878,0
1,16951,0
0,16951,0
3,17024,0
2,17024,0
1,17098,0
0,17171,0
3,17171,0
2,17244,0
1,17317,0
0,17317,0
2,17390,0
3,17390,0
1,17463,0
0,17463,0
2,17537,0
3,17537,0
1,17610,0
0,17610,0
2,17683,0
3,17756,0
0,17756,0
1,17829,0
2,17902,0
3,17902,0
1,17976,0
0,18049,0
3,18049,0
2,18122,0
1,18195,0
0,18195,0
2,18268,0
3,18341,0
0,18341,0
1,18415,0
2,18488,0
3,18488,0
1,18561,0
0,18634,0
3,18634,0
2,18707,0
1,18781,0
0,18781,0
2,18854,0
3,18927,0
0,18927,0
1,19000,0
2,19073,0
1,19146,0
1,19366,0
2,19659,0
1,19732,0
0,19951,0
3,19951,0
1,19951,0
2,19951,0
3,20244,0
0,20244,0
2,20244,0
0,20390,0
3,20390,0
3,20537,0
2,20537,0
1,20537,0
2,20683,0
3,20829,0
0,20829,0
1,20829,0
1,20976,0
0,21122,0
3,21122,0
2,21122,0
2,21268,0
3,21415,0
0,21415,0
1,21415,0
3,21561,0
1,21561,0
3,21707,0
0,21707,0
2,21707,0
2,21854,0
0,21854,0
0,22000,0
1,22000,0
3,22000,0
3,22146,0
0,22146,0
2,22293,0
3,22293,0
1,22293,0
2,22439,0
3,22585,0
0,22585,0
1,22585,0
0,22732,0
3,22732,0
3,22878,0
2,22878,0
1,22878,0
2,23024,0
1,23171,0
0,23171,0
3,23171,0
1,23317,0
0,23463,0
3,23463,0
2,23463,0
2,23610,0
1,23756,0
0,23756,0
2,23805,0
3,23854,0
1,23902,0
0,23902,0
2,24049,0
3,24049,0
0,24049,0
2,24195,0
3,24195,0
3,24341,0
0,24341,0
1,24341,0
2,24415,0
0,24488,0
1,24488,0
0,24634,0
3,24634,0
2,24634,1,24927
1,24927,0
0,24927,0
3,24927,0
0,25073,0
3,25073,0
3,25220,0
1,25220,0
2,25220,0
1,25366,0
3,25512,0
0,25512,0
2,25512,0
2,25659,0
0,25805,0
3,25805,0
1,25805,0
1,25951,0
3,26098,0
0,26098,0
2,26098,0
0,26244,0
2,26244,0
3,26390,0
0,26390,0
1,26390,0
1,26537,0
3,26537,0
0,26683,0
3,26683,0
2,26683,0
0,26829,0
3,26829,0
1,26976,0
0,26976,0
2,26976,0
1,27122,0
3,27268,0
2,27268,0
0,27268,0
3,27415,0
0,27415,0
1,27561,0
0,27561,0
2,27561,0
1,27707,0
3,27854,0
0,27854,0
2,27854,0
2,28000,0
3,28146,0
1,28146,0
0,28146,0
1,28293,0
2,28439,0
3,28439,0
1,28488,0
0,28537,0
3,28585,0
2,28585,0
1,28732,0
0,28732,0
3,28732,0
1,28878,0
0,28878,0
2,29024,0
0,29024,0
3,29024,0
2,29171,0
0,29317,0
3,29317,1,29610
1,29610,0
0,29610,0
1,29756,0
2,29902,0
3,29902,0
0,29976,0
2,30049,0
0,30122,0
2,30195,0
1,30195,0
3,30268,0
1,30341,0
1,30488,0
3,30488,0
2,30561,0
3,30634,0
2,30707,0
1,30781,0
0,30781,0
0,30927,0
3,30927,0
3,31073,0
0,31073,0
1,31146,0
2,31220,0
1,31293,0
2,31366,0
0,31366,0
3,31439,0
1,31512,0
3,31585,0
0,31659,0
1,31659,0
0,31805,0
2,31951,0
1,31951,0
2,32098,0
1,32171,0
3,32244,0
2,32244,0
1,32317,0
0,32390,0
2,32463,0
0,32537,0
3,32537,0
1,32610,0
2,32683,0
1,32829,0
2,32829,0
1,32976,0
3,33122,0
0,33122,0
1,33195,0
2,33268,0
3,33268,0
1,33341,0
3,33415,0
0,33415,0
2,33488,0
1,33561,0
2,33634,0
3,33707,0
1,33707,0
0,33781,0
2,33854,0
3,34000,0
0,34000,0
2,34000,0
0,34146,0
3,34146,0
2,34293,0
1,34293,0
2,34439,0
1,34512,0
3,34585,0
0,34585,0
2,34659,0
0,34732,0
1,34805,0
2,34878,0
3,34878,0
0,34951,0
2,35024,0
0,35098,0
3,35171,0
2,35171,0
3,35317,0
2,35390,0
1,35463,0
0,35463,0
3,35537,0
1,35610,0
2,35756,0
1,35756,0
0,35829,0
2,35902,0
0,35976,0
3,36049,0
2,36049,0
1,36122,0
3,36195,0
3,36341,0
2,36341,0
2,36488,0
1,36634,0
0,36634,0
2,36707,0
3,36781,0
1,36854,0
0,36927,0
3,36927,0
0,37073,0
1,37146,0
2,37220,0
3,37220,0
1,37293,0
0,37366,0
1,37512,0
0,37512,0
0,37659,0
1,37732,0
3,37805,0
2,37805,0
1,37951,0
3,38024,0
2,38098,0
1,38098,0
0,38171,0
2,38244,0
3,38390,0
1,38390,0
0,38463,0
1,38537,0
2,38683,0
0,38683,0
3,38683,0
2,38829,0
1,38976,0
0,38976,0
3,38976,0
2,39268,0
3,39268,0
0,39268,0
2,39415,0
0,39561,0
1,39561,0
3,39561,0
1,39707,0
0,39854,0
3,39854,0
2,39854,0
1,40000,0
0,40146,0
2,40146,0
3,40146,0
2,40439,0
3,40439,0
0,40439,0
0,40585,0
1,40732,0
3,40732,0
2,40732,0
2,40878,0
3,41024,0
0,41024,0
1,41024,0
2,41171,0
3,41317,0
0,41317,0
1,41317,0
0,41610,0
3,41610,0
1,41610,0
2,41756,0
3,41902,0
0,41902,0
1,41902,0
2,42049,0
0,42195,0
3,42195,0
2,42195,0
0,42341,0
2,42488,0
3,42488,0
1,42488,0
1,42634,0
0,42781,0
3,42781,0
2,42781,0
2,42927,0
0,43000,0
3,43073,0
1,43073,0
1,43220,0
3,43366,0
2,43366,0
0,43366,0
3,43512,0
1,43659,0
0,43659,0
2,43659,0
1,43805,0
0,43805,0
2,43951,0
3,43951,0
0,43951,0
2,44098,0
3,44098,0
3,44244,0
1,44244,0
0,44244,0
1,44390,0
3,44390,0
2,44537,0
0,44537,0
3,44537,0
2,44683,0
0,44683,0
1,44829,0
0,44829,0
3,44829,0
1,44976,0
0,44976,0
3,45122,0
1,45122,0
2,45122,0
1,45268,0
2,45268,0
2,45415,0
3,45415,0
0,45415,0
3,45561,0
2,45561,0
1,45707,0
0,45707,0
3,45707,0
1,45854,0
0,45854,0
2,46000,0
3,46000,0
1,46073,0
0,46073,0
3,46146,0
2,46146,0
1,46220,0
0,46220,0
2,46293,0
3,46293,0
1,46366,0
0,46366,0
2,46439,0
3,46439,0
0,46512,0
1,46512,0
2,46585,0
3,46585,0
1,46659,0
0,46659,0
2,46732,0
3,46732,0
1,46805,0
0,46805,0
2,46878,0
3,46878,0
0,46951,0
1,46951,0
2,47024,0
3,47024,0
1,47098,0
0,47098,0
2,47171,0
3,47171,0
2,47463,0
1,47463,0
1,47756,0
0,47756,0
2,48049,0
1,48049,0
3,48341,0
0,48341,0
3,48634,0
0,48634,0
3,48927,0
0,48927,0
3,49220,0
0,49220,0
2,49220,0
1,49220,0
2,49512,0
3,49512,0
0,49585,0
1,49659,0
2,49732,0
3,49732,0
1,49805,0
0,49805,0
3,49878,0
2,49951,0
0,49951,0
1,50024,0
2,50098,0
3,50098,0
1,50171,0
0,50171,0
3,50244,0
2,50317,0
1,50390,0
0,50390,0
2,50463,0
3,50537,0
0,50537,0
1,50610,0
3,50683,0
2,50683,0
1,50756,0
0,50829,0
3,50902,0
2,50902,0
1,50976,0
0,50976,0
3,51049,0
0,51122,0
2,51122,0
1,51195,0
2,51268,0
3,51268,0
0,51341,0
1,51341,0
3,51415,0
2,51488,0
0,51561,0
1,51561,0
2,51634,0
3,51707,0
0,51707,0
1,51781,0
3,51854,0
2,51854,0
1,51927,0
0,52000,0
3,52073,0
2,52073,0
1,52146,0
0,52146,0
3,52220,0
2,52293,0
0,52293,0
1,52366,0
2,52439,0
3,52439,0
0,52512,0
1,52512,0
3,52585,0
2,52659,0
1,52732,0
0,52732,0
2,52805,0
1,52878,0
0,52951,0
2,53024,0
3,53024,0
0,53098,0
1,53171,0
2,53244,0
3,53244,0
1,53317,0
0,53317,0
3,53390,0
2,53463,0
0,53463,0
1,53537,0
2,53610,0
3,53610,0
1,53683,0
0,53683,0
3,53756,0
2,53829,0
1,53902,0
0,53902,0
1,54049,0
0,54049,0
0,54195,0
1,54195,0
3,54268,0
2,54341,0
1,54415,0
0,54415,0
2,54488,0
3,54488,0
0,54561,0
3,54634,0
0,54707,0
3,54781,0
1,54781,0
2,54854,0
1,54927,0
0,55000,0
3,55073,0
2,55073,0
3,55220,0
2,55220,0
3,55366,0
2,55366,0
0,55439,0
1,55512,0
2,55585,0
3,55585,0
1,55659,0
0,55659,0
3,55732,0
0,55805,0
3,55878,0
0,55951,0
2,55951,0
1,56024,0
2,56098,0
1,56171,0
0,56244,0
3,56244,0
2,56317,0
0,56390,0
1,56463,0
2,56537,0
3,56537,0
1,56610,0
0,56610,0
2,56683,0
3,56683,0
1,56756,0
3,56829,0
0,56829,0
2,56902,0
1,56976,0
2,57049,0
3,57122,0
0,57122,0
1,57195,0
2,57268,0
3,57341,0
0,57415,0
1,57415,0
0,57561,0
1,57561,0
0,57707,0
3,57707,0
1,57781,0
2,57854,0
3,57927,0
0,58000,0
1,58000,0
3,58073,0
2,58146,0
1,58220,0
2,58293,0
0,58293,0
3,58366,0
0,58439,0
1,58512,0
2,58585,0
3,58585,0
2,58732,0
3,58732,0
1,58805,0
0,58805,0
2,58878,0
3,58878,0
0,58951,0
1,59024,0
2,59098,0
3,59098,0
1,59171,0
0,59171,0
3,59244,0
0,59317,0
2,59317,0
1,59390,0
2,59463,0
3,59463,0
1,59537,0
0,59537,0
3,59610,0
2,59683,0
1,59756,0
0,59756,0
3,59829,0
2,59902,0
0,59902,0
1,59976,0
3,60049,0
2,60049,0
0,60122,0
1,60195,0
2,60268,0
3,60268,0
1,60341,0
0,60341,0
3,60415,0
2,60488,0
0,60488,0
1,60561,0
2,60634,0
3,60634,0
1,60707,0
0,60707,0
3,60781,0
2,60854,0
1,60927,0
0,60927,0
3,61000,0
2,61073,0
1,61146,0
2,61220,0
3,61220,0
0,61293,0
1,61366,0
3,61439,0
2,61439,0
1,61512,0
0,61512,0
3,61585,0
0,61659,0
2,61659,0
1,61732,0
2,61805,0
3,61805,0
0,61878,0
1,61878,0
3,61951,0
2,62024,0
0,62098,0
1,62098,0
3,62171,0
2,62244,0
1,62317,0
0,62390,0
3,62390,0
2,62463,0
1,62537,0
2,62610,0
3,62610,0
1,62683,0
0,62683,0
3,62756,0
0,62829,0
2,62829,0
1,62902,0
2,62976,0
3,62976,0
1,63049,0
0,63049,0
3,63122,0
2,63195,0
1,63268,0
0,63268,0
3,63341,0
1,63415,0
2,63415,0
0,63488,0
2,63561,0
3,63561,0
0,63634,0
1,63707,0
2,63781,0
3,63781,0
0,63854,0
1,63854,0
3,63927,0
0,64000,0
3,64073,0
2,64146,0
0,64146,0
1,64220,0
2,64293,0
3,64366,0
0,64439,0
1,64439,0
0,64585,0
1,64585,0
1,64732,0
0,64732,0
2,64805,0
0,64878,0
3,64951,0
2,64951,0
1,65024,0
0,65024,0
3,65098,0
2,65171,0
1,65244,0
3,65317,0
0,65317,0
2,65390,0
1,65463,0
0,65463,0
2,65537,0
3,65610,0
0,65610,0
1,65683,0
3,65756,0
2,65756,0
1,65829,0
2,65902,0
3,65902,0
1,65976,0
0,65976,0
2,66049,0
3,66049,0
0,66122,0
3,66195,0
1,66195,0
2,66268,0
1,66341,0
2,66415,0
3,66488,0
0,66488,0
1,66561,0
3,66634,0
2,66707,0
1,66781,0
0,66781,0
1,66927,0
0,66927,0
0,67073,0
1,67073,0
3,67146,0
2,67220,0
1,67293,0
2,67366,0
3,67366,0
1,67439,0
2,67512,0
3,67512,0
1,67585,0
3,67659,0
0,67659,0
2,67732,0
1,67805,0
0,67805,0
2,67878,0
1,67951,0
0,67951,0
2,68024,0
3,68098,0
0,68098,0
1,68171,0
3,68244,0
2,68244,0
2,68390,0
1,68537,0
0,68537,0
1,68683,0
2,68829,0
3,68829,0
2,68976,0
0,69122,0
1,69122,0
1,69268,0
2,69415,0
3,69415,0
2,69561,0
0,69707,0
1,69707,0
1,69854,0
2,70000,0
3,70000,0
2,70146,0
1,70293,0
0,70293,0
1,70439,0
3,70585,0
0,70585,0
2,70585,0
2,70732,0
3,70732,0
1,70878,0
0,70878,0
3,70878,0
2,71024,0
1,71171,0
0,71171,0
1,71317,0
0,71317,0
0,71463,0
2,71463,0
3,71463,0
2,71610,0
3,71610,0
1,71756,0
0,71756,0
2,71902,0
3,72049,0
1,72049,0
0,72049,0
2,72195,0
1,72341,0
0,72341,0
2,72488,0
3,72634,0
0,72634,0
1,72634,0
2,72781,0
0,72927,0
1,72927,0
1,73073,0
3,73073,0
0,73220,0
2,73220,0
3,73220,0
0,73366,0
1,73366,0
2,73512,0
3,73512,0
0,73659,0
1,73659,0
1,73805,0
3,73805,0
0,73805,0
3,73951,0
2,73951,0
1,74098,0
0,74098,0
2,74244,0
1,74390,0
0,74390,0
3,74390,0
2,74537,0
3,74683,0
1,74683,0
0,74829,0
2,74976,0
3,74976,0
1,74976,0
0,75122,0
2,75268,0
3,75268,0
2,75415,0
3,75415,0
1,75561,0
0,75561,0
3,75561,0
1,75707,0
0,75707,0
2,75854,0
3,75854,0
2,76000,0
3,76000,0
1,76146,0
0,76146,0
3,76146,0
2,76293,0
1,76439,0
0,76439,0
2,76585,0
3,76732,0
1,76732,0
0,76732,0
2,76878,0
3,76878,0
0,77024,0
1,77024,0
0,77171,0
1,77171,0
2,77317,0
3,77317,0
0,77317,0
1,77463,0
3,77610,0
2,77610,0
1,77756,0
0,77902,0
3,77902,0
2,77902,0
0,78049,0
1,78049,0
2,78195,0
3,78195,0
0,78341,0
1,78341,0
2,78488,0
3,78488,0
0,78488,0
2,78634,0
3,78634,0
1,78781,0
0,78781,0
3,78927,0
1,78927,0
2,79073,0
3,79073,0
0,79073,0
2,79220,0
1,79366,0
0,79366,0
1,79512,0
3,79659,0
0,79659,0
2,79659,0
2,79805,0
3,79951,0
0,79951,0
1,79951,0
3,80244,0
0,80244,0
2,80244,0
2,80537,0
1,80537,0
0,80537,0
1,80829,0
2,80829,0
3,80829,0
2,81122,0
1,81122,0
0,81122,0
0,81415,0
1,81415,0
3,81415,0
2,81707,0
3,81707,0
0,81707,0
1,82000,0
0,82000,0
3,82000,0
1,82293,0
2,82293,0
3,82293,0
2,82585,0
1,82585,0
0,82585,0
1,82878,0
2,82878,0
3,82878,0
3,83171,0
2,83171,0
0,83171,0
1,83463,0
0,83463,0
3,83463,0
2,83756,0
1,83756,0
0,83756,0
2,84049,0
3,84049,0
1,84049,0
3,84341,0
1,84341,0
0,84341,0
0,84634,0
1,84634,0
3,84634,0
1,84781,0
0,84781,0
3,84927,0
2,84927,0
0,84927,0
3,85073,0
2,85073,0
1,85220,0
2,85220,0
3,85220,0
1,85366,0
2,85366,0
1,85512,0
0,85512,0
3,85512,0
1,85659,0
0,85659,0
0,85805,0
2,85805,0
3,85805,0
2,85951,0
0,85951,0
1,86098,0
3,86098,0
0,86098,0
1,86244,0
3,86244,0
3,86390,0
2,86390,0
0,86390,0
2,86537,0
3,86537,0
0,86683,0
1,86683,0
2,86683,0
1,86829,0
0,86829,0
2,86976,0
3,86976,0
1,87049,0
0,87049,0
2,87122,0
3,87122,0
1,87195,0
0,87195,0
2,87268,0
3,87268,0
1,87341,0
0,87341,0
2,87415,0
3,87415,0
1,87488,0
0,87488,0
2,87561,0
3,87561,0
0,87634,0
1,87634,0
2,87707,0
3,87707,0
1,87781,0
0,87781,0
2,87854,0
3,87854,0
1,87927,0
0,87927,0
2,88000,0
3,88000,0
1,88073,0
0,88073,0
2,88146,0
3,88146,0
2,88439,0
1,88439,0
0,88732,0
1,88732,0
2,89024,0
1,89024,0
3,89317,0
0,89317,0
1,89537,0
0,89610,0
3,89610,0
2,89756,0
3,89902,0
0,89902,0
1,90049,0
3,90195,0
0,90195,0
2,90195,0
1,90195,0
2,90488,0
3,90488,0
0,90561,0
1,90634,0
2,90707,0
3,90707,0
0,90781,0
1,90781,0
3,90854,0
2,90927,0
0,90927,0
1,91000,0
2,91073,0
3,91073,0
0,91146,0
1,91146,0
3,91220,0
2,91293,0
1,91366,0
0,91366,0
3,91439,0
2,91512,0
1,91512,0
0,91585,0
2,91659,0
3,91659,0
0,91732,0
1,91805,0
2,91878,0
3,91878,0
1,91951,0
0,91951,0
3,92024,0
2,92098,0
0,92098,0
1,92171,0
2,92244,0
3,92244,0
1,92317,0
0,92317,0
3,92390,0
2,92463,0
0,92537,0
1,92537,0
2,92610,0
1,92683,0
0,92756,0
2,92829,0
3,92829,0
0,92902,0
1,92976,0
2,93049,0
3,93049,0
1,93122,0
0,93122,0
3,93195,0
2,93268,0
0,93268,0
1,93341,0
2,93415,0
3,93415,0
1,93488,0
0,93488,0
3,93561,0
2,93634,0
1,93707,0
3,93707,0
2,93781,0
1,93854,0
0,93927,0
2,94000,0
3,94000,0
0,94073,0
1,94146,0
2,94220,0
3,94220,0
1,94293,0
0,94293,0
3,94366,0
2,94439,0
0,94439,0
1,94512,0
2,94585,0
3,94585,0
1,94659,0
0,94659,0
3,94732,0
2,94805,0
1,94878,0
0,94878,0
1,95024,0
0,95024,0
1,95171,0
0,95171,0
3,95244,0
2,95317,0
1,95390,0
0,95390,0
2,95463,0
3,95463,0
0,95537,0
3,95610,0
0,95683,0
3,95756,0
1,95756,0
2,95829,0
1,95902,0
0,95976,0
3,96049,0
2,96049,0
3,96195,0
2,96195,0
3,96341,0
2,96341,0
0,96415,0
1,96488,0
3,96561,0
2,96561,0
0,96634,0
1,96634,0
3,96707,0
0,96781,0
3,96854,0
0,96927,0
2,96927,0
1,97000,0
2,97073,0
1,97146,0
3,97220,0
0,97220,0
2,97293,0
0,97366,0
1,97439,0
2,97512,0
3,97512,0
1,97585,0
0,97585,0
2,97659,0
3,97659,0
1,97732,0
0,97805,0
3,97805,0
2,97878,0
1,97951,0
2,98024,0
3,98098,0
1,98098,0
0,98171,0
3,98244,0
2,98317,0
0,98390,0
1,98390,0
1,98537,0
0,98537,0
1,98683,0
0,98683,0
2,98756,0
3,98829,0
0,98902,0
1,98976,0
3,98976,0
2,99049,0
1,99122,0
2,99195,0
3,99268,0
0,99268,0
1,99341,0
3,99415,0
2,99488,0
1,99561,0
0,99561,0
1,99707,0
0,99707,0
2,99781,0
3,99781,0
1,99854,0
0,99854,0
3,99927,0
2,100000,0
1,100073,0
0,100073,0
2,100146,0
3,100146,0
0,100220,0
1,100293,0
3,100293,0
2,100366,0
1,100439,0
0,100439,0
3,100512,0
2,100512,0
0,100585,0
1,100659,0
2,100732,0
3,100732,0
1,100805,0
2,100878,0
3,100878,0
1,100951,0
3,101024,0
0,101024,0
2,101098,0
1,101171,0
3,101244,0
2,101244,0
1,101317,0
0,101317,0
3,101390,0
0,101463,0
2,101463,0
1,101537,0
2,101610,0
3,101610,0
1,101683,0
0,101683,0
3,101756,0
2,101829,0
1,101902,0
0,101902,0
2,101976,0
1,102049,0
0,102049,0
2,102122,0
0,102195,0
3,102195,0
1,102268,0
2,102341,0
1,102415,0
0,102415,0
2,102488,0
3,102488,0
0,102561,0
1,102634,0
3,102634,0
2,102707,0
1,102781,0
0,102781,0
2,102854,0
3,102854,0
0,102927,0
1,103000,0
2,103073,0
0,103073,0
1,103146,0
2,103220,0
1,103293,0
0,103366,0
3,103366,0
2,103439,0
1,103512,0
2,103585,0
3,103585,0
1,103659,0
0,103659,0
3,103732,0
0,103805,0
2,103805,0
1,103878,0
2,103951,0
3,103951,0
1,104024,0
0,104024,0
3,104098,0
2,104171,0
1,104244,0
0,104244,0
0,104390,0
1,104390,0
3,104463,0
2,104463,0
1,104537,0
0,104537,0
3,104610,0
2,104683,0
1,104756,0
0,104756,0
2,104829,0
3,104829,0
0,104902,0
3,104976,0
0,105049,0
3,105122,0
1,105122,0
2,105195,0
3,105268,0
2,105341,0
1,105415,0
0,105415,0
1,105561,0
0,105561,0
0,105707,0
1,105707,0
3,105781,0
2,105854,0
1,105927,0
0,105927,0
2,106000,0
3,106000,0
0,106073,0
3,106146,0
0,106220,0
1,106293,0
3,106293,0
2,106366,0
1,106439,0
2,106512,0
0,106585,0
3,106585,0
1,106659,0
2,106732,0
3,106732,0
1,106805,0
2,106878,0
3,106878,0
1,106951,0
0,106951,0
3,107024,0
2,107024,0
1,107098,0
0,107171,0
3,107171,0
2,107244,0
1,107317,0
0,107390,0
3,107463,0
2,107463,0
1,107537,0
2,107610,0
1,107683,0
0,107756,0
3,107756,0
0,107902,0
3,107902,0
0,108049,0
3,108049,0
2,108122,0
1,108195,0
0,108268,0
2,108341,0
3,108341,0
0,108415,0
2,108488,0
3,108488,0
0,108561,0
1,108634,0
2,108634,0
3,108707,0
1,108781,0
0,108781,0
3,108854,0
2,108927,0
0,108927,0
1,109000,0
0,109073,0
3,109073,0
1,109146,0
2,109220,0
3,109220,0
2,109366,0
1,109512,0
0,109512,0
1,109659,0
2,109805,0
3,109805,0
2,109951,0
1,110098,0
0,110098,0
1,110244,0
3,110390,0
2,110390,0
2,110537,0
1,110683,0
0,110683,0
1,110829,0
2,110976,0
3,110976,0
2,111122,0
0,111268,0
1,111268,0
1,111415,0
2,111561,0
3,111561,0
0,111561,0
2,111756,0
3,111854,0
0,111854,0
1,111854,0
2,111951,0
1,112049,0
3,112146,0
0,112146,0
2,112146,0
0,112341,0
2,112439,0
1,112439,0
3,112439,0
3,112634,0
1,112732,0
2,112732,0
0,112732,0
1,112927,0
2,113024,0
3,113024,0
0,113024,0
1,113122,0
2,113220,0
0,113317,0
3,113317,0
1,113317,0
0,113512,0
1,113610,0
2,113610,0
3,113610,0
0,113707,0
2,113805,0
3,113805,0
1,113902,0
0,113902,0
1,114098,0
0,114195,0
2,114195,0
3,114195,0
1,114293,0
2,114390,0
3,114488,0
1,114488,0
0,114488,0
3,114683,0
0,114781,0
2,114781,0
1,114781,0
0,114976,0
3,115073,0
1,115073,0
2,115073,0
3,115268,0
0,115366,0
1,115366,0
2,115366,0
3,115463,0
0,115561,0
3,115659,0
2,115659,0
1,115707,0
0,115756,0
3,115854,0
0,115951,1,116244
1,115951,1,116244
2,116244,0
3,116244,0
1,116439,0
3,116537,0
0,116537,0
2,116537,0
1,116634,0
2,116732,0
3,116829,0
1,116829,0
0,116829,0
3,117024,0
0,117122,0
2,117122,0
1,117122,0
0,117317,0
3,117415,0
1,117415,0
2,117415,0
1,117610,0
2,117707,0
3,117707,0
0,117707,0
1,117805,0
2,117902,0
3,118000,0
1,118000,0
0,118000,0
3,118195,0
2,118293,0
0,118293,0
1,118293,0
3,118390,0
1,118488,0
0,118488,0
3,118585,0
2,118585,0
1,118781,0
2,118878,0
3,118878,0
0,118878,0
1,118976,0
2,119073,0
3,119171,0
1,119171,0
0,119171,0
3,119366,0
0,119463,0
2,119463,0
1,119463,0
0,119659,0
3,119756,0
1,119756,0
2,119756,0
3,119951,0
1,120049,0
0,120049,0
2,120049,0
3,120146,0
0,120244,0
3,120341,0
2,120341,0
1,120390,0
0,120439,0
3,120537,0
2,120634,0
0,120634,0
1,120732,0
2,120829,0
1,120927,0
0,120927,0
3,121000,0
2,121000,0
0,121073,0
1,121146,0
2,121220,0
3,121220,0
1,121293,0
2,121366,0
3,121439,0
1,121512,0
0,121512,0
2,121585,0
3,121585,0
1,121659,0
0,121659,0
2,121732,0
0,121805,0
3,121805,0
1,121878,0
3,121951,0
2,122024,0
1,122098,0
0,122098,0
2,122171,0
3,122171,0
0,122244,0
1,122317,0
2,122390,0
3,122390,0
1,122463,0
2,122537,0
3,122537,0
1,122610,0
2,122683,0
3,122683,0
0,122756,0
1,122756,0
3,122829,0
2,122902,0
1,122976,0
0,122976,0
3,123049,0
0,123122,0
1,123195,0
2,123268,0
3,123268,0
1,123341,0
0,123341,0
2,123415,0
3,123415,0
1,123488,0
0,123488,0
3,123561,0
2,123561,0
1,123634,0
0,123634,0
2,123707,0
3,123707,0
1,123781,0
0,123781,0
2,123854,0
3,123854,0
0,123927,0
1,123927,0
2,124000,0
3,124000,0
1,124073,0
0,124073,0
2,124146,0
3,124146,0
1,124220,0
0,124220,0
2,124293,0
3,124293,0
1,124366,0
0,124366,0
2,124439,0
3,124439,0
2,124585,0
3,124585,0
3,124732,0
2,124732,0
2,125024,0
3,125024,0
0,125098,0
1,125098,0
0,125317,0
1,125317,0
3,125317,0
2,125317,0
2,125610,0
3,125610,0
0,125683,0
1,125756,0
2,125829,0
3,125829,0
1,125902,0
0,125902,0
3,125976,0
2,126049,0
0,126049,0
1,126122,0
2,126195,0
3,126195,0
1,126268,0
0,126268,0
3,126341,0
2,126415,0
1,126488,0
0,126488,0
2,126561,0
3,126634,0
0,126634,0
1,126707,0
3,126781,0
2,126781,0
1,126854,0
0,126927,0
3,127000,0
2,127000,0
1,127073,0
0,127073,0
2,127146,0
3,127220,0
1,127220,0
0,127293,0
2,127366,0
3,127366,0
0,127439,0
1,127439,0
3,127512,0
2,127585,0
0,127659,0
1,127659,0
2,127732,0
1,127805,0
3,127805,0
0,127878,0
2,127951,0
3,127951,0
0,128024,0
1,128098,0
3,128171,0
2,128171,0
1,128244,0
0,128244,0
3,128317,0
2,128390,0
0,128390,0
1,128463,0
2,128537,0
3,128537,0
0,128610,0
1,128610,0
3,128683,0
2,128756,0
1,128829,0
0,128829,0
2,128902,0
0,128976,0
3,128976,0
1,129049,0
2,129122,0
3,129122,0
1,129195,0
0,129268,0
2,129341,0
3,129341,0
1,129415,0
0,129415,0
2,129488,0
3,129561,0
1,129561,0
0,129634,0
2,129707,0
3,129707,0
1,129781,0
0,129781,0
3,129854,0
2,129927,0
1,130000,0
0,130000,0
1,130146,0
0,130146,0
0,130293,0
1,130293,0
3,130366,0
2,130439,0
1,130512,0
0,130512,0
2,130585,0
3,130585,0
0,130659,0
3,130732,0
0,130805,0
3,130878,0
1,130878,0
2,130951,0
1,131024,0
0,131098,0
2,131171,0
3,131171,0
3,131317,0
2,131317,0
2,131463,0
3,131463,0
0,131537,0
1,131610,0
2,131683,0
3,131683,0
1,131756,0
0,131756,0
3,131829,0
0,131902,0
3,131976,0
2,132049,0
0,132049,0
1,132122,0
2,132195,0
1,132268,0
0,132341,0
3,132341,0
2,132415,0
0,132488,0
1,132561,0
2,132634,0
3,132634,0
1,132707,0
0,132707,0
2,132781,0
3,132781,0
0,132854,0
3,132927,0
1,132927,0
2,133000,0
1,133073,0
2,133146,0
0,133220,0
3,133220,0
1,133293,0
3,133366,0
2,133439,0
1,133512,0
0,133512,0
1,133659,0
0,133659,0
0,133805,0
1,133805,0
1,134098,0
0,134098,0
1,134390,0
0,134390,0
3,134683,0
2,134720,0
1,134756,0
0,134793,0
3,134829,0
2,134866,0
1,134902,0
0,134939,0
2,134976,0
3,134976,0
1,135049,0
0,135122,0
2,135195,0
3,135195,0
1,135268,0
0,135268,0
3,135341,0
2,135415,0
0,135415,0
1,135488,0
2,135561,0
3,135561,0
1,135634,0
0,135634,0
3,135707,0
2,135781,0
1,135854,0
0,135854,0
2,135927,0
0,136000,0
3,136000,0
1,136073,0
3,136146,0
2,136146,0
1,136220,0
0,136293,0
2,136366,0
3,136366,0
1,136439,0
0,136439,0
3,136512,0
1,136585,0
2,136585,0
0,136659,0
2,136732,0
3,136732,0
1,136805,0
0,136805,0
3,136878,0
2,136951,0
1,137024,0
0,137024,0
2,137098,0
3,137171,0
0,137171,0
1,137244,0
2,137317,0
3,137317,0
1,137390,0
0,137463,0
3,137537,0
2,137537,0
1,137610,0
0,137610,0
2,137683,0
1,137756,0
3,137756,0
0,137829,0
2,137902,0
3,137902,0
0,137976,0
1,137976,0
3,138049,0
0,138122,0
3,138195,0
1,138195,0
2,138268,0
1,138341,0
2,138415,0
0,138488,0
3,138488,0
1,138561,0
2,138634,0
1,138707,0
0,138707,0
2,138781,0
3,138781,0
0,138854,0
1,138927,0
3,138927,0
2,139000,0
1,139073,0
0,139073,0
2,139146,0
3,139146,0
0,139220,0
1,139293,0
2,139366,0
3,139366,0
1,139439,0
0,139512,0
2,139512,0
3,139585,0
1,139659,0
0,139659,0
3,139732,0
2,139805,0
1,139878,0
0,139878,0
2,139951,0
3,139951,0
0,140024,0
3,140098,0
0,140171,0
3,140244,0
1,140244,0
2,140317,0
1,140390,0
0,140463,0
3,140537,0
2,140537,0
3,140683,0
2,140683,0
3,140829,0
2,140829,0
0,140902,0
1,140976,0
3,141049,0
2,141049,0
0,141122,0
1,141122,0
3,141195,0
0,141268,0
3,141341,0
0,141415,0
2,141415,0
1,141488,0
2,141561,0
1,141634,0
3,141707,0
0,141707,0
2,141781,0
1,141854,0
0,141854,0
3,141927,0
1,142000,0
0,142000,0
3,142073,0
1,142146,0
0,142146,0
3,142220,0
0,142293,0
2,142293,0
1,142366,0
2,142439,0
1,142512,0
0,142585,0
3,142585,0
2,142659,0
0,142732,0
1,142805,0
2,142878,0
3,142878,0
2,143024,0
3,143024,0
3,143171,0
2,143171,0
0,143244,0
1,143317,0
2,143390,0
0,143463,0
3,143463,0
1,143537,0
2,143610,0
3,143610,0
1,143683,0
3,143756,0
0,143756,0
2,143829,0
1,143902,0
0,143902,0
2,143976,0
0,144049,0
1,144049,0
2,144122,0
3,144195,0
0,144195,0
1,144268,0
3,144341,0
2,144341,0
2,144488,0
1,144634,0
0,144634,0
1,144781,0
2,144927,0
3,144927,0
2,145073,0
1,145220,0
0,145220,0
1,145366,0
2,145512,0
3,145512,0
2,145659,0
1,145805,0
0,145805,0
1,145951,0
2,146098,0
3,146098,0
2,146244,0
1,146390,0
0,146390,0
1,146537,0
2,146683,0
3,146683,0
2,146829,0
1,146976,0
0,146976,0
1,147122,0
2,147268,0
3,147268,0
2,147415,0
1,147561,0
0,147561,0
1,147707,0
2,147854,0
3,147854,0
2,148000,0
1,148146,0
0,148146,0
1,148293,0
2,148439,0
3,148439,0
2,148585,0
1,148732,0
0,148732,0
1,148878,0
