0,612,1,2695
1,2695,1,2779
2,2779,1,2862
3,2862,1,2945
0,2945,1,3029
1,3029,1,3112
2,3195,0
3,3195,0
2,3362,0
3,3362,0
2,3529,0
3,3529,0
0,3695,0
1,3695,0
0,3862,0
1,3862,0
0,4029,0
1,4029,0
2,4195,0
3,4195,0
2,4362,0
3,4362,0
2,4529,0
3,4529,0
1,4695,0
0,4695,0
1,4862,0
0,4862,0
1,5029,0
0,5029,0
1,5195,0
2,5195,0
3,5195,0
3,5362,0
2,5362,0
2,5529,0
1,5529,0
0,5529,0
1,5695,0
0,5695,0
3,5862,0
2,5862,0
2,6029,0
1,6029,0
1,6195,0
0,6195,0
2,6362,1,6612
3,6362,1,6612
0,6695,0
1,6695,0
1,6862,0
2,6862,0
2,7029,0
3,7029,0
1,7195,0
0,7195,0
2,7362,0
3,7362,0
1,7529,0
0,7529,0
2,7695,0
3,7695,0
0,7779,0
1,7862,0
2,7945,0
1,8029,0
0,8112,0
1,8195,0
2,8279,0
3,8362,0
2,8445,0
1,8529,0
0,8529,0
3,8529,0
0,10529,1,10862
1,10862,1,11195
2,11195,1,13195
0,11362,0
1,11529,0
3,11695,0
0,11862,0
1,12195,0
0,12195,0
1,12362,0
0,12362,0
1,12695,0
0,12862,0
3,13029,0
3,13195,1,13529
1,13195,0
2,13362,0
1,13529,1,13862
3,13695,0
0,13862,1,15195
2,13862,0
1,14029,0
2,14362,0
3,14362,0
2,14529,0
3,14529,0
1,14862,0
2,15029,0
3,15195,1,15862
2,15362,0
1,15529,0
0,15695,0
0,15862,1,16195
2,15862,0
1,16195,1,16529
3,16195,0
3,16362,0
2,16529,1,18195
1,16862,0
0,17029,0
0,17195,0
1,17362,0
3,17529,0
1,17529,0
3,17695,0
0,17695,0
1,18029,0
3,18029,0
0,18195,1,18529
3,18195,0
1,18529,1,18862
3,18695,0
2,18862,1,19195
0,19029,0
3,19195,1,20529
0,19362,0
1,19529,0
2,19695,0
0,19862,0
2,20029,0
1,20195,0
2,20362,0
0,20529,1,21862
1,20695,0
2,20862,0
3,21029,0
2,21195,0
3,21362,0
2,21529,0
1,21862,1,22195
0,22029,0
2,22195,1,22529
0,22195,0
1,22362,0
3,22529,1,22862
1,22529,0
0,22695,0
2,22862,1,23195
0,22862,0
1,23029,0
3,23195,1,23529
1,23195,0
0,23362,0
2,23529,1,23862
0,23529,0
3,23695,0
1,23862,1,24195
3,23862,0
2,24029,0
0,24195,1,24529
2,24195,0
1,24362,0
1,24529,0
3,24529,1,27112
0,24695,0
0,24862,0
2,25195,1,27112
1,25862,1,27112
0,26529,1,27112
3,27195,1,29195
2,27195,1,29529
1,27195,1,29862
0,27195,1,31195
1,31195,1,31779
2,31195,1,31779
3,31195,1,31779
0,31862,0
0,32195,0
2,32529,0
0,32529,0
3,32695,0
2,32862,0
3,33029,0
2,33195,0
3,33529,0
2,33529,0
0,33695,1,34862
3,34862,1,35195
2,35195,1,36529
0,36529,1,36862
1,36862,1,37195
2,37195,1,37529
3,37529,1,37862
0,37862,1,40362
1,38862,1,40362
3,40529,1,42862
2,41529,1,42862
1,42862,0
0,42862,0
1,43029,0
0,43029,0
1,43195,0
0,43195,0
2,43529,0
3,43529,0
2,43695,0
3,43695,0
1,44029,0
0,44029,0
0,44195,1,45195
1,44195,1,45195
2,45529,0
3,45529,0
2,45695,0
3,45695,0
2,45862,0
3,45862,0
1,46195,0
0,46195,0
1,46362,0
0,46362,0
2,46695,0
3,46695,0
3,46862,1,48195
2,46862,1,48195
0,48195,0
1,48362,0
2,48529,0
3,48529,1,51029
2,49195,1,51029
1,49862,1,51029
0,50529,1,50695
0,50862,1,51029
3,51195,0
2,51195,0
1,51195,0
0,51195,0
3,51529,0
2,51529,0
1,51529,0
0,51529,0
3,51695,0
2,51695,0
0,51695,0
1,51695,0
3,52029,0
2,52029,0
1,52029,0
0,52029,0
3,52195,0
2,52195,0
1,52195,0
0,52195,0
3,52529,0
2,52529,0
1,52529,0
0,52529,0
3,52695,0
2,52695,0
1,52695,0
0,52695,0
0,53029,0
1,53029,0
1,53195,0
2,53195,0
2,53362,0
3,53362,0
2,53529,0
1,53529,0
1,53695,0
0,53695,0
3,53862,0
2,53862,0
1,53862,0
0,53862,0
0,54529,1,55195
1,55195,1,55862
3,55862,1,56362
2,55862,1,56362
2,56529,0
3,56529,0
1,56612,0
0,56695,0
3,56695,0
1,56779,0
2,56862,0
3,56945,0
0,56945,0
2,57029,0
3,57112,0
0,57195,0
1,57195,0
3,57279,0
2,57362,0
1,57445,0
0,57529,0
3,57529,0
1,57612,0
0,57695,0
2,57695,0
1,57779,0
3,57862,0
2,57945,0
1,58029,0
2,58195,0
1,58279,0
0,58362,0
3,58445,0
0,58529,0
1,58612,0
2,58695,0
1,58862,0
2,58945,0
3,59029,0
0,59195,0
3,59195,0
2,59195,0
1,59279,0
0,59362,0
3,59362,0
1,59445,0
2,59529,0
3,59529,0
0,59612,0
3,59695,0
1,59779,0
2,59862,0
3,59945,0
0,59945,0
2,60029,0
1,60112,0
3,60195,0
0,60279,0
2,60362,0
3,60362,0
2,60529,0
3,60529,0
1,60612,0
2,60695,0
3,60779,0
0,60779,0
2,60862,0
1,60945,0
0,61029,0
3,61029,0
1,61195,0
2,61195,0
3,61195,0
0,61279,0
1,61362,0
2,61445,0
3,61445,0
1,61529,0
2,61612,0
0,61612,0
3,61695,0
1,61695,0
2,61779,0
1,61862,0
3,61862,0
2,61945,0
1,62029,0
0,62112,0
3,62112,0
2,62195,0
1,62279,0
0,62362,0
2,62529,0
3,62529,0
0,62529,0
1,62612,0
2,62695,0
3,62695,0
0,62695,0
1,62779,0
2,62862,0
3,62862,0
0,62862,0
1,62945,0
0,63029,1,63529
2,63029,1,63862
3,63029,1,63529
1,63529,1,64029
3,63862,1,64529
2,64029,1,64529
0,64029,1,64529
1,64529,0
1,64695,0
2,64862,0
3,64862,0
1,65029,0
0,65029,0
1,65362,0
2,65362,0
1,65529,0
2,65529,0
2,65862,0
0,66029,0
1,66029,0
2,66195,0
3,66195,0
1,66362,1,66695
0,66362,1,66695
2,66695,0
3,66695,0
2,66862,0
3,66862,0
3,67195,0
1,67195,0
0,67195,0
2,67279,0
1,67362,0
0,67445,0
1,67529,0
2,67612,0
3,67695,0
0,67695,0
1,67862,0
2,67862,0
0,67862,0
3,67945,0
2,68029,0
3,68112,0
0,68195,0
2,68195,0
1,68279,0
0,68362,0
3,68362,0
2,68445,0
3,68529,0
1,68529,0
0,68529,0
2,68612,0
1,68695,0
0,68779,0
3,68779,0
2,68862,0
1,68945,0
0,69029,0
1,69112,0
3,69195,0
2,69195,0
0,69195,0
1,69279,0
2,69362,0
3,69445,0
0,69445,0
1,69529,0
2,69612,0
3,69695,0
2,69862,0
1,69862,0
0,69862,0
3,69945,0
2,70029,0
0,70029,0
1,70112,0
3,70112,0
2,70195,0
0,70195,0
1,70279,0
0,70362,0
3,70362,0
2,70445,0
3,70529,0
0,70612,0
2,70612,0
1,70695,0
0,70779,0
2,70779,0
3,70862,0
0,70945,0
1,70945,0
2,71029,1,71695
3,71029,1,71695
1,71112,0
0,71195,0
1,71362,0
1,71529,0
0,71695,0
3,71862,1,72029
0,71862,0
2,72029,1,72195
1,72195,1,72362
0,72362,1,72529
1,72529,0
2,72529,0
3,72529,0
1,72695,0
2,72695,0
3,72695,0
2,72862,0
3,72862,0
1,73029,0
0,73029,0
1,73195,0
0,73195,0
0,73529,1,74195
1,73529,1,74529
2,73529,1,74862
3,73529,1,75195
2,75195,0
0,75195,1,76029
2,75362,0
1,75362,0
2,75529,0
3,75529,0
2,75695,0
1,75695,0
2,75862,0
3,75862,0
1,76029,1,76195
2,76195,1,76362
3,76362,1,76529
1,76529,1,77195
2,76695,0
0,76862,0
3,77029,0
0,77195,1,77862
2,77195,0
3,77362,0
2,77529,0
3,77695,0
1,77862,1,80195
2,77862,0
2,78029,0
3,78029,0
2,78195,0
3,78195,0
3,78362,0
2,78529,1,80195
0,78529,0
0,78862,0
3,79195,1,80195
0,79195,0
0,79529,0
0,79862,1,80195
3,80529,0
2,80529,0
1,80529,0
0,80612,0
1,80695,0
2,80779,0
3,80862,0
1,80862,0
0,80862,0
2,80945,0
1,81029,0
0,81112,0
3,81195,0
1,81195,0
2,81195,0
0,81279,0
1,81362,0
2,81445,0
3,81529,0
0,81529,0
1,81529,0
2,81612,0
1,81695,0
0,81779,0
3,81862,0
1,81862,0
2,81862,0
0,81945,0
1,82029,0
2,82112,0
3,82195,0
1,82195,0
0,82195,0
2,82279,0
1,82362,0
0,82445,0
2,82529,0
1,82529,0
3,82612,0
2,82695,0
3,82779,0
2,82862,0
0,82862,0
1,82945,0
0,83029,0
1,83112,0
0,83195,1,85112
2,83195,1,85112
3,83195,1,85112
3,85195,0
2,85195,0
1,85195,0
0,85195,0
3,85362,0
2,85362,0
0,85362,0
1,85362,0
2,85862,0
0,85862,0
3,85862,0
0,86029,0
1,86029,0
3,86029,0
0,86362,0
3,86362,0
1,86362,0
0,86529,0
2,86529,0
3,86529,0
3,86862,0
2,86862,0
1,86862,0
2,87029,0
1,87029,0
0,87029,0
2,87362,0
1,87362,0
0,87362,0
1,87529,0
2,87529,0
3,87529,0
3,87862,0
0,87862,0
2,88029,0
1,88029,0
0,88195,0
3,88195,0
2,88362,0
1,88362,0
0,88529,0
3,88529,0
2,88695,0
3,88695,0
0,88695,0
1,89029,0
0,89029,0
3,89029,0
2,89195,0
1,89195,0
2,89529,0
3,89529,0
1,89695,0
0,89695,0
1,90029,0
0,90029,0
2,90195,0
3,90195,0
3,90529,0
3,90695,0
1,90695,0
3,90862,0
2,90862,0
0,90862,0
3,91029,0
1,91029,0
0,91029,0
0,91195,0
1,91195,0
2,91195,0
3,91195,0
3,91362,0
2,91362,0
0,91362,0
0,91695,0
1,91695,0
2,91695,0
3,91695,0
0,91862,0
1,91862,0
3,91862,0
0,92195,0
1,92195,0
2,92195,0
1,92362,0
3,92362,0
0,92362,0
1,92695,0
2,92695,0
3,92695,0
0,92862,0
3,92862,0
2,92862,0
0,93195,0
1,93279,0
3,93362,0
0,93362,0
2,93445,0
0,93529,0
3,93529,0
1,93612,0
3,93695,0
0,93695,0
2,93779,0
3,93862,0
1,93862,0
0,93862,0
1,94029,0
0,94029,0
2,94029,0
2,94362,0
3,94362,0
1,94362,0
1,94529,0
0,94529,0
2,94529,0
3,94862,0
2,94862,0
1,94862,0
2,95029,0
1,95029,0
0,95029,0
0,95362,0
1,95362,0
2,95362,0
3,95529,0
2,95529,0
1,95529,0
0,95862,0
1,95862,0
1,96029,0
2,96029,0
2,96195,0
3,96195,0
1,96362,0
0,96362,0
3,96529,0
2,96529,0
0,96529,0
0,96695,0
1,96695,0
3,96695,0
1,97029,0
3,97029,0
2,97029,0
2,97195,0
1,97195,0
0,97195,0
1,97529,0
2,97529,0
3,97529,0
2,97695,0
1,97695,0
0,97695,0
1,98029,0
2,98029,0
0,98195,0
3,98195,0
2,98195,0
0,98529,0
1,98612,0
3,98695,0
2,98779,0
0,98862,0
1,98945,0
3,99029,0
2,99112,0
0,99195,0
1,99195,0
1,99362,0
0,99362,0
2,99695,0
3,99695,0
2,99862,0
3,99862,0
1,100195,0
3,100195,0
0,100362,0
2,100362,0
1,100695,0
3,100695,0
0,100695,0
3,100862,0
0,100862,0
1,101195,0
0,101279,0
2,101362,0
3,101445,0
1,101529,0
0,101612,0
2,101695,0
3,101779,0
0,101862,0
1,101862,0
0,102029,0
2,102029,0
1,102029,0
3,102029,0
1,102195,0
3,102362,0
2,102362,0
0,102362,0
3,102529,0
2,102529,0
1,102529,0
0,102529,0
3,102695,0
2,102862,0
1,102862,0
0,102862,0
3,103029,0
2,103029,0
1,103029,0
0,103029,0
0,103195,0
1,103362,0
2,103362,0
3,103362,0
3,103529,0
2,103529,0
1,103529,0
0,103529,0
1,103695,0
0,103862,0
2,103862,0
3,103862,0
3,104029,0
2,104029,0
1,104029,0
0,104029,0
3,104195,0
2,104362,0
1,104362,0
0,104362,0
3,104529,0
2,104529,0
1,104529,0
0,104529,0
0,104695,0
3,104862,0
1,104862,0
2,104862,0
3,105029,0
2,105029,0
1,105029,0
0,105029,0
1,105195,0
0,105362,0
2,105362,0
3,105362,0
0,105529,0
2,105529,0
3,105529,0
1,105529,0
3,105862,0
2,105862,0
1,106029,0
0,106029,0
2,106195,0
3,106195,0
1,106362,0
0,106362,0
2,106529,0
3,106529,0
1,106612,0
0,106612,0
2,106695,0
3,106695,0
1,106779,0
0,106779,0
2,106862,0
3,106862,0
1,106945,0
0,106945,0
2,107029,0
3,107029,0
1,107112,0
0,107112,0
2,107195,1,109195
3,107195,1,109195
1,107362,0
1,107529,0
0,107695,0
0,107862,0
1,108195,0
0,108195,0
1,108362,0
0,108362,0
0,108695,0
1,108862,0
0,109029,0
1,109195,1,109529
0,109529,1,109862
2,109529,0
3,109529,0
2,109695,0
3,109695,0
1,109862,1,111195
2,110029,0
3,110195,0
2,110362,0
3,110529,0
3,110862,0
2,110862,0
3,111029,0
2,111029,0
0,111195,1,111862
3,111362,0
2,111529,0
1,111695,0
3,111862,1,112195
2,112195,1,112529
1,112529,1,114195
3,112695,0
0,112862,0
2,113029,0
0,113195,0
2,113529,0
3,113529,0
2,113695,0
3,113695,0
0,114029,0
3,114195,1,114529
0,114362,0
2,114529,1,114862
0,114695,0
1,114862,1,115195
0,115195,1,116529
2,115195,1,116529
3,116529,1,117862
1,116529,1,117862
2,117862,1,118195
3,118029,0
1,118195,1,118529
3,118195,0
2,118362,0
0,118529,1,118862
2,118529,0
3,118695,0
1,118862,1,119195
3,118862,0
2,119029,0
0,119195,1,119529
2,119195,0
3,119362,0
1,119529,1,119862
3,119529,0
0,119695,0
2,119862,1,120195
0,119862,0
1,120029,0
3,120195,1,120529
1,120195,0
2,120362,0
0,120529,1,123112
2,120529,0
3,120695,0
3,120862,0
1,121195,1,123112
2,121862,1,123112
3,122529,1,123112
3,123195,1,127195
0,123195,1,125195
1,123195,1,125529
2,123195,1,125862
0,127195,1,128529
1,127445,1,127695
2,127695,1,127945
3,127945,1,128195
2,128195,1,128362
1,128362,1,128529
3,128529,1,129195
2,128529,1,129195
0,129029,0
1,129029,0
0,129195,0
1,129362,0
3,129529,0
0,129529,0
2,129529,0
1,129695,0
2,129862,0
3,130029,0
1,130195,0
0,130195,0
2,130195,0
1,130362,0
0,130529,0
3,130695,0
1,130862,0
2,131029,0
3,131195,0
1,131195,0
0,131195,0
1,131362,0
3,131529,0
2,131695,0
0,131862,0
1,132029,0
3,132195,0
2,132195,0
0,132195,0
1,132362,0
2,132362,0
0,132529,1,133195
1,132529,1,133195
3,132862,0
2,132862,0
3,133195,1,133362
2,133362,1,133529
1,133529,1,133695
3,133862,0
2,133862,0
0,133862,0
1,133862,0
3,134362,0
2,134362,0
1,134362,0
0,134362,0
2,134862,0
3,134862,0
1,134862,0
0,134862,0
2,135029,0
0,135195,0
3,135362,0
2,135529,0
0,135695,0
1,135862,0
3,136029,0
0,136195,0
2,136362,0
0,136529,0
1,136529,0
2,136529,0
3,136529,0
3,137029,0
2,137029,0
1,137029,0
0,137029,0
3,137529,0
2,137529,0
1,137529,0
0,137529,0
3,137695,0
0,137862,0
2,138029,0
1,138195,0
3,138362,0
0,138529,0
0,138862,0
3,138862,0
0,139029,0
2,139029,0
0,139195,0
1,139195,0
1,139529,0
2,139529,0
1,139695,0
2,139695,0
0,140029,0
1,140029,0
2,140195,1,141362
3,140195,1,141362
3,141529,0
0,141529,0
3,141695,0
1,141695,0
3,141862,0
2,141862,0
1,142195,0
2,142195,0
1,142362,0
2,142362,0
2,142695,0
3,142695,0
1,142862,1,144029
0,142862,1,144029
2,144195,0
3,144195,0
2,144362,0
1,144362,0
0,144529,1,147112
2,144529,0
3,144529,0
1,145195,1,147112
2,145862,1,147112
3,146529,1,146695
3,146862,1,147112
0,147195,0
1,147195,0
2,147195,0
3,147195,0
1,147362,0
0,147529,0
1,147529,0
3,147529,0
2,147695,0
3,147695,0
0,147695,0
2,147862,0
2,148029,0
0,148029,0
3,148029,0
0,148195,0
1,148195,0
3,148195,0
0,148362,0
0,148529,0
1,148529,0
3,148529,0
2,148529,0
0,148695,0
1,148695,0
2,148695,0
3,148695,0
1,148862,0
2,149029,0
3,149029,0
3,149195,0
0,149195,0
2,149362,0
1,149362,0
1,149529,0
3,149529,0
0,149695,0
1,149695,0
3,149862,0
1,149862,0
2,149862,0
3,150529,1,151195
2,151195,1,151862
1,151862,1,152362
0,151862,1,152362
0,152529,0
1,152529,0
2,152612,0
3,152695,0
2,152779,0
0,152779,0
1,152862,0
2,152945,0
3,153029,0
0,153029,0
2,153112,0
3,153195,0
1,153195,0
0,153195,0
2,153279,0
1,153362,0
3,153362,0
0,153445,0
1,153529,0
2,153529,0
0,153612,0
3,153612,0
2,153695,0
0,153779,0
3,153862,0
2,153862,0
1,153862,0
0,153945,0
1,154029,0
2,154112,0
3,154195,0
1,154195,0
2,154279,0
3,154362,0
0,154362,0
1,154445,0
3,154529,0
0,154529,0
2,154529,0
1,154612,0
0,154695,0
3,154695,0
2,154779,0
3,154862,0
1,154862,0
0,154945,0
3,155029,0
2,155112,0
3,155195,0
1,155195,0
0,155195,0
2,155279,0
1,155362,0
0,155362,0
2,155445,0
3,155529,0
0,155529,0
1,155612,0
2,155695,0
0,155695,0
3,155779,0
2,155862,0
1,155862,0
0,155862,0
3,155945,0
2,156029,0
0,156029,0
1,156112,0
0,156195,0
1,156279,0
3,156279,0
0,156362,0
2,156362,0
1,156445,0
3,156529,0
2,156529,0
0,156529,0
1,156612,0
2,156695,0
3,156695,0
0,156695,0
1,156779,0
2,156862,0
3,156862,0
0,156945,0
1,157029,0
2,157112,0
1,157195,0
0,157195,0
3,157195,0
2,157279,0
1,157362,0
0,157362,0
3,157362,0
2,157445,0
1,157529,0
0,157529,0
3,157612,0
1,157695,0
0,157695,0
2,157779,0
3,157862,0
0,157862,0
1,157862,0
2,157945,0
1,158029,0
0,158112,0
3,158112,0
1,158195,0
0,158279,0
2,158279,0
1,158362,0
0,158529,0
1,158529,0
3,158529,0
2,158612,0
1,158695,0
0,158695,0
3,158695,0
2,158779,0
1,158862,0
0,158862,0
3,158862,0
2,158945,0
1,159029,1,160529
3,159029,1,159529
0,159029,1,159529
2,159529,1,159862
3,159862,1,160529
0,160029,1,160529
2,160529,0
2,160695,0
1,160862,0
0,160862,0
2,161029,0
3,161029,0
2,161362,0
1,161362,0
1,161529,0
2,161529,0
1,161862,0
2,162029,0
3,162029,0
1,162195,0
0,162195,0
2,162362,1,163029
3,162362,1,163029
1,162695,0
0,162695,0
1,162862,0
0,162862,0
1,163029,0
0,163029,0
3,163195,0
0,163195,0
2,163195,0
1,163279,0
0,163362,0
1,163445,0
2,163529,0
0,163529,0
3,163612,0
1,163612,0
2,163695,0
3,163779,0
0,163862,0
2,163862,0
1,163862,0
3,163945,0
0,164029,0
2,164112,0
1,164195,0
3,164195,0
0,164279,0
3,164362,0
2,164362,0
1,164445,0
3,164529,0
0,164529,0
2,164529,0
1,164612,0
2,164695,0
3,164779,0
2,164862,0
0,164862,0
1,164945,0
2,165029,0
3,165112,0
2,165195,0
1,165195,0
0,165195,0
3,165279,0
2,165362,0
0,165445,0
1,165445,0
2,165529,0
3,165529,0
1,165612,0
0,165695,0
3,165695,0
2,165779,0
3,165862,0
0,165862,0
1,165862,0
2,165945,0
1,166029,0
0,166029,0
2,166112,0
3,166195,0
0,166195,0
1,166279,0
2,166362,0
3,166445,0
2,166529,0
1,166529,0
0,166529,0
3,166612,0
2,166695,0
1,166695,0
0,166779,0
2,166862,0
3,166862,0
1,166945,0
0,167029,0
2,167112,0
3,167195,0
0,167195,0
1,167195,0
2,167279,0
0,167362,0
3,167362,0
1,167445,0
2,167529,0
3,167612,0
0,167612,0
1,167695,0
2,167779,0
3,167862,0
1,167862,0
0,167862,0
2,167945,0
1,168029,0
2,168112,0
0,168195,0
3,168279,0
2,168362,0
0,168362,0
1,168445,0
3,168529,0
2,168529,0
0,168529,0
1,168612,0
2,168695,0
3,168779,0
0,168779,0
2,168862,0
1,168945,0
3,169029,0
2,169029,0
1,169112,0
3,169195,0
2,169195,0
0,169195,0
1,169279,0
2,169362,0
3,169445,0
0,169445,0
2,169529,0
1,169612,0
3,169612,0
2,169695,0
1,169779,0
3,169862,0
2,169862,0
0,169862,0
1,169945,0
0,170029,0
1,170112,0
0,170195,0
3,170195,0
1,170279,0
2,170362,0
3,170445,0
1,170529,0
0,170529,0
2,170612,0
1,170695,0
0,170695,0
3,170779,0
1,170862,0
0,170862,0
2,170945,0
1,171029,0
0,171029,0
3,171112,0
0,171195,1,172029
1,171195,1,172029
2,172029,1,172195
3,172195,1,172362
1,172362,1,172529
2,172529,1,173195
0,173195,1,173862
3,173862,1,174529
2,174529,1,175195
1,175195,1,175862
0,175862,1,176445
1,176529,1,179029
0,176529,1,179029
2,176529,1,178445
3,176529,1,178529
2,178529,1,179029
3,178612,1,179029
3,179195,1,180529
0,180195,0
1,180195,0
2,180362,0
0,180529,0
2,180695,0
1,180862,0
0,181029,0
2,181195,0
3,181362,0
1,181529,0
0,181695,0
2,181862,0
1,181862,0
0,182195,0
3,182362,1,183195
2,182862,1,183029
1,183029,1,183195
0,183195,1,183362
3,183362,1,183529
2,183529,1,183695
1,183695,1,183862
3,183862,1,184029
2,184029,1,184195
1,184195,1,184362
0,184362,1,184529
2,184529,1,185695
3,184529,1,185695
0,185695,1,185862
1,185862,1,186029
3,186112,1,186362
2,186362,1,186584
1,186584,1,186807
0,186807,1,187029
3,187029,1,187195
1,187195,1,188529
2,187195,1,188529
0,188612,0
1,188695,0
2,188779,0
3,188862,0
2,188945,0
1,189029,0
0,189112,0
1,189195,0
2,189279,0
3,189362,0
2,189445,0
1,189529,0
0,189612,0
3,189862,0
2,189862,0
1,189862,0
0,190195,0
1,190195,0
2,190195,0
2,190529,0
3,190529,0
0,190862,0
1,190862,0
2,190862,0
1,191195,0
0,191195,0
1,191529,0
2,191529,0
3,191529,0
3,191862,0
1,191862,0
0,191862,0
2,192195,0
3,192195,0
0,192529,0
1,192529,0
2,192529,0
3,192529,0
2,192695,0
3,192695,0
0,192862,0
1,192862,0
0,193029,0
1,193029,0
2,193029,0
3,193029,0
0,193195,0
1,193195,0
2,193362,0
3,193362,0
1,193529,0
2,193529,0
3,193529,0
0,193529,0
2,193862,0
0,194029,0
2,194195,0
1,194362,0
0,194529,0
3,194695,0
0,194862,0
1,195029,0
3,195195,0
0,195362,0
2,195529,0
3,195695,0
1,195862,0
2,196029,0
0,196195,0
1,196362,0
3,196529,0
2,196695,0
0,196862,0
3,197029,0
0,197195,0
1,197195,0
2,197195,0
0,197362,0
1,197362,0
2,197362,0
0,197529,0
1,197529,0
2,197529,0
3,197862,0
2,197862,0
0,197862,0
0,198195,0
1,198195,0
2,198195,0
3,198195,0
3,198529,0
1,198529,0
0,198529,0
0,198862,0
1,198862,0
2,198862,0
3,198862,0
3,199195,0
1,199195,0
0,199195,0
0,199529,0
1,199529,0
2,199529,0
3,199529,0
0,199862,0
1,199862,0
2,199862,0
3,199862,0
0,200029,0
1,200029,0
2,200029,0
3,200029,0
0,200195,0
1,200195,0
2,200195,0
3,200195,0
0,200362,1,200529
2,200362,0
3,200362,0
1,200445,1,200529
2,200529,1,201195
3,200529,1,201195
1,200751,1,200862
0,200862,1,200973
1,200973,1,201195
0,201195,1,201362
1,201362,1,201529
3,201529,1,201695
2,201695,1,201862
1,201862,1,202029
0,202029,1,202195
2,202195,1,202362
3,202362,1,202529
1,202445,1,202529
0,202529,1,202862
1,202862,1,203029
2,203029,1,203112
3,203112,1,203195
1,203195,1,203445
0,203445,1,203695
2,203695,1,204029
3,204029,1,204195
1,204195,1,204779
2,204279,0
3,204362,0
2,204445,0
3,204529,0
2,204612,0
3,204695,0
2,204779,1,205029
0,205029,1,205195
1,205195,1,205362
3,205362,1,205529
2,205529,1,205695
1,205695,1,205862
0,205862,1,206918
3,206918,1,208029
2,208029,1,208195
1,208195,1,208362
0,208362,1,208529
3,208529,1,208862
2,208862,1,209084
1,209084,1,210862
0,209084,1,210862
2,210529,0
3,210612,0
2,210695,0
3,210779,0
2,210862,0
0,211195,1,211529
1,211362,1,211695
2,211529,1,211862
0,211862,1,212195
1,212029,1,212362
2,212195,1,212529
0,212529,1,212945
1,212695,1,213029
2,212862,1,213195
3,213195,1,213362
2,213362,1,213529
1,213529,1,213695
0,213695,1,213862
3,213862,1,214195
2,214029,1,214362
1,214195,1,214529
3,214529,1,214862
2,214695,1,215029
1,214862,1,215195
3,215195,0
2,215362,0
1,215529,0
0,215695,0
2,215862,0
0,215945,0
1,216029,0
2,216112,0
3,216195,0
2,216279,0
1,216362,0
0,216445,0
1,216529,0
2,216529,0
3,216529,0
1,216695,0
2,216695,0
3,216695,0
3,216862,0
2,216862,0
1,216862,0
0,217029,0
1,217029,0
2,217029,0
3,217029,0
1,217362,1,217529
2,217529,1,217695
3,217695,1,217862
0,217862,0
1,217862,0
2,217862,0
0,218029,0
1,218029,0
2,218029,0
0,218195,0
1,218195,0
2,218195,0
3,218362,1,218862
2,218362,0
1,218362,0
0,218362,0
2,218862,1,219029
1,219029,1,219195
0,219195,1,220195
1,220195,1,220362
2,220362,1,220529
3,220529,1,221195
2,221195,1,221695
3,221862,0
1,221862,0
0,221862,0
1,222029,0
2,222029,0
3,222195,0
2,222195,0
0,222195,0
3,222362,0
0,222362,0
1,222362,0
1,222529,0
2,222529,0
1,222695,0
2,222695,0
3,222695,0
0,222862,0
1,222862,0
2,222862,0
3,223029,0
1,223029,0
1,223195,0
0,223195,0
2,223195,0
3,223195,0
0,223362,0
1,223362,0
2,223362,0
3,223362,0
2,223529,0
0,223529,0
1,223695,0
2,223695,0
0,223779,0
1,223862,0
0,223945,0
1,224029,0
2,224029,0
3,224029,0
2,224195,0
3,224195,0
2,224362,0
3,224362,0
0,224529,0
1,224529,0
2,224529,0
3,224529,0
0,225195,1,225862
1,225862,1,226529
3,226529,1,227195
2,226529,0
0,226612,0
1,226695,0
2,226779,0
1,226862,0
2,226945,0
0,227029,0
1,227112,0
2,227195,0
0,227195,0
3,227862,1,228529
0,227862,1,228529
1,228529,1,229112
2,228529,1,229112
3,229195,1,229695
2,229195,1,229695
1,229195,1,229695
0,229195,1,229695
0,229862,0
1,229862,0
2,229862,0
3,229862,0
2,230029,0
0,230029,0
3,230195,0
1,230195,0
0,230195,0
2,230362,0
3,230362,0
0,230529,0
2,230529,0
3,230529,0
1,230695,0
0,230695,0
1,230862,0
2,230862,0
3,231029,0
1,231029,0
0,231029,0
1,231195,0
2,231195,0
3,231195,0
2,231362,0
0,231362,0
3,231529,0
2,231529,0
0,231529,0
1,231695,0
3,231695,0
0,231862,0
1,231862,0
2,231862,0
1,232029,0
3,232029,0
0,232195,0
1,232195,0
0,232362,0
1,232362,0
2,232362,0
3,232529,0
2,232529,0
1,232529,0
0,232695,0
1,232695,0
3,232862,0
1,232862,0
0,232862,0
2,233029,0
3,233029,0
0,233195,0
2,233195,0
3,233195,0
1,233362,0
2,233362,0
0,233529,0
2,233529,0
1,233695,0
2,233695,0
3,233695,0
0,233862,0
1,233862,0
3,233862,0
2,234029,0
1,234029,0
0,234195,0
1,234195,0
2,234195,0
1,234362,0
3,234362,0
1,234529,0
3,234529,0
2,234529,0
0,234695,0
1,234695,0
2,234862,0
3,234862,0
1,235029,0
2,235029,0
3,235029,0
3,235195,0
1,235195,0
0,235195,0
2,235362,0
3,235362,0
0,235529,0
1,235529,0
3,235529,0
1,235695,0
0,235695,0
0,235862,0
2,235862,0
3,235862,0
3,236029,0
0,236029,0
1,236195,0
3,236195,0
3,236362,0
1,236362,0
0,236362,0
1,236529,0
2,236529,0
3,236529,0
1,236695,0
3,236695,0
0,236862,0
1,236862,0
2,236862,0
2,237029,0
0,237029,0
0,237195,0
2,237195,0
3,237195,0
1,237362,0
2,237362,0
0,237529,0
2,237529,0
3,237529,0
0,237862,0
1,237862,0
0,238029,0
1,238029,0
0,238195,0
1,238195,0
0,238362,0
1,238362,0
2,238362,0
3,238362,0
2,238529,0
0,238529,0
1,238695,0
2,238695,0
3,238695,0
1,238862,0
2,238862,0
3,238862,0
1,239029,0
3,239029,0
2,239195,0
3,239195,0
2,239362,0
3,239362,0
2,239529,0
3,239529,0
0,239695,0
1,239695,0
2,239695,0
3,239695,0
2,239862,0
0,239862,0
0,240029,0
1,240029,0
2,240029,0
0,240195,0
1,240195,0
2,240195,0
0,240529,0
1,240529,0
2,240529,0
3,240529,0
3,240695,0
1,240695,0
0,240862,0
2,240862,0
3,240862,0
2,241029,0
0,241029,0
0,241195,0
1,241195,0
2,241195,0
3,241195,0
2,241362,0
3,241362,0
3,241529,0
1,241529,0
3,241695,0
2,241695,0
0,241695,0
0,241862,0
1,241862,0
2,241862,0
3,241862,0
1,242029,0
0,242029,0
0,242195,0
2,242195,0
3,242195,0
0,242362,0
1,242362,0
2,242362,0
3,242362,0
0,242529,0
1,242529,0
3,242695,0
2,242695,0
1,242695,0
2,242862,0
0,242862,0
0,243029,0
1,243029,0
2,243029,0
3,243029,0
2,243195,0
3,243195,0
2,243362,0
0,243362,0
2,243529,0
3,243529,0
0,243529,0
0,243695,0
1,243695,0
2,243695,0
3,243695,0
1,243862,0
2,243862,0
1,244029,0
2,244029,0
3,244029,0
0,244195,0
1,244195,0
2,244195,0
3,244195,0
1,244362,0
2,244362,0
3,244529,0
1,244529,0
0,244529,0
2,244695,0
3,244695,0
3,244862,0
2,244862,0
1,244862,0
0,244862,0
0,245029,0
1,245029,0
2,245195,0
0,245195,0
1,245362,0
2,245362,0
3,245362,0
0,245529,0
1,245529,0
2,245529,0
3,245529,0
0,245695,0
1,245695,0
0,245862,0
1,245862,0
3,245862,0
0,246029,0
1,246029,0
2,246029,0
3,246029,0
1,246195,0
3,246195,0
0,246362,0
1,246362,0
2,246362,0
1,246529,0
2,246529,0
3,246695,0
2,246695,0
1,246695,0
0,246695,0
0,246862,0
2,246862,0
1,247029,0
2,247029,0
3,247195,0
1,247195,0
0,247195,0
0,247362,0
1,247362,0
2,247362,0
3,247362,0
2,247529,0
3,247529,0
0,247695,0
2,247695,0
3,247695,0
3,247862,0
2,247862,0
1,247862,0
0,247862,0
0,248029,0
1,248029,0
3,248195,0
2,248195,0
0,248362,0
1,248362,0
3,248529,1,249362
0,249029,0
1,249029,0
1,249195,0
0,249195,0
2,249362,1,249529
0,249362,0
1,249362,0
1,249529,1,249695
2,249695,1,249862
0,249862,1,250529
1,250029,0
3,250195,0
2,250362,0
1,250529,1,251195
3,250529,0
2,250695,0
0,250862,0
3,251029,0
2,251195,1,251862
0,251362,0
3,251529,0
1,251695,0
3,251862,1,252529
0,251862,0
1,252029,0
2,252195,0
0,252362,0
2,252529,1,253195
1,252695,0
0,252862,0
3,253029,0
1,253195,1,253862
0,253362,0
3,253529,0
2,253695,0
0,253862,1,254695
3,254029,0
3,254362,0
2,254362,0
2,254529,0
3,254529,0
1,254695,1,254862
3,254695,0
2,254695,0
2,254862,1,255029
1,255029,1,255195
3,255195,1,255862
0,255362,0
2,255529,0
1,255695,0
2,255862,1,256529
0,256029,0
1,256195,0
3,256362,0
0,256529,1,257195
1,256695,0
3,256862,0
2,257029,0
1,257195,1,257862
3,257362,0
2,257529,0
0,257695,0
2,257862,1,258529
3,258029,0
0,258195,0
1,258362,0
3,258529,1,259029
0,258695,0
1,258862,0
3,259195,0
2,259195,0
1,259195,0
0,259195,0
0,259362,0
2,259529,0
3,259529,0
1,259529,0
0,259529,0
1,259695,0
0,259862,0
1,259862,0
2,259862,0
3,259862,0
2,260029,0
0,260195,0
1,260195,0
2,260195,0
3,260195,0
3,260362,0
3,260529,0
2,260529,0
1,260529,0
0,260529,0
2,260695,0
3,260862,0
2,260862,0
1,260862,0
0,260862,0
1,261029,0
3,261195,0
2,261195,0
1,261195,0
0,261195,0
0,261362,0
0,261529,0
1,261529,0
2,261529,0
3,261529,0
1,261695,0
0,261862,0
1,261862,0
2,261862,0
3,261862,0
2,262029,0
0,262195,0
1,262195,0
2,262195,0
3,262195,0
3,262362,0
3,262529,0
2,262529,0
1,262529,0
0,262529,0
2,262695,0
3,262862,0
2,262862,0
1,262862,0
0,262862,0
1,263029,0
3,263195,0
2,263195,0
1,263195,0
0,263195,0
0,263362,0
3,263529,0
2,263529,0
1,263529,0
0,263529,0
1,263695,0
0,263862,0
1,263862,0
2,263862,0
3,263862,0
0,264112,1,264195
1,264195,1,264279
2,264279,1,264362
3,264362,1,264445
0,264529,0
1,264529,0
2,264529,0
3,264529,0
0,265029,0
1,265029,0
2,265029,0
3,265029,0
0,265529,0
1,265529,0
2,265529,0
3,265529,0
0,265695,0
1,265695,0
2,265695,0
3,265695,0
