2,520,1,2020
1,2020,0
0,2520,0
1,2645,0
3,2895,0
2,3145,0
1,3270,0
0,3520,0
1,3645,0
3,3895,0
2,4145,0
1,4270,0
0,4520,0
1,4645,0
3,4895,0
2,5145,0
1,5270,0
0,5520,1,5770
1,5645,1,5770
2,6020,0
3,6520,0
2,6645,0
0,6895,0
1,7145,0
2,7270,0
3,7520,0
2,7645,0
0,7895,0
1,8145,0
2,8270,0
3,8520,0
2,8645,0
0,8895,0
3,9020,1,10020
1,9145,0
2,9270,0
0,9520,1,9770
1,9645,1,9770
2,10020,1,12020
0,10520,0
1,10645,0
3,10895,0
1,11145,0
0,11270,0
3,11520,0
0,11645,0
1,11895,0
3,12020,1,12395
0,12145,0
1,12270,0
2,12395,1,12770
0,12520,0
3,12645,0
1,12770,1,13020
3,12895,0
0,13020,1,13770
2,13145,0
1,13270,0
2,13520,1,13770
1,13645,1,13770
3,13770,1,14020
2,14020,1,15520
0,14520,1,14645
1,14645,1,14770
0,14895,1,15113
3,15145,1,15270
1,15270,1,15395
1,15520,0
0,15551,1,15770
2,15770,1,16020
1,16020,1,16145
0,16145,1,16395
2,16395,1,16613
2,16645,1,16770
1,16770,1,17020
2,17020,0
3,17051,1,17270
2,18020,1,18145
0,18520,1,18645
1,18645,1,18770
0,18770,1,18832
3,18895,1,19020
2,19145,1,19270
1,19270,1,19395
0,19520,1,19645
1,19645,1,19770
3,19895,1,20020
2,20145,1,20270
1,20270,1,20395
3,20520,1,20645
1,20645,1,20770
2,20770,1,20832
0,20895,1,21020
3,21145,1,21270
1,21270,1,21395
2,21520,1,22020
0,22020,1,22145
1,22520,1,22645
2,22645,1,22770
0,22770,1,22832
3,22895,1,23020
2,23145,1,23270
1,23270,1,23395
0,23520,1,23645
1,23645,1,23770
3,23895,1,24020
2,24145,1,24270
1,24270,1,24395
3,24520,1,24645
2,24645,1,24770
3,24770,1,24832
0,24895,1,25020
1,25145,1,25270
2,25270,1,25395
0,25520,1,26020
1,26020,1,26145
2,26520,1,26645
1,26520,1,26770
3,26645,1,26770
2,26770,1,26832
0,26895,1,27020
2,27145,1,27270
1,27270,1,27395
2,27520,1,27770
0,27520,1,27645
1,27645,1,27770
3,27895,1,28020
2,28145,1,28270
1,28270,1,28395
0,28520,1,28645
3,28520,1,28770
1,28645,1,28770
0,28770,1,28832
2,28895,1,29113
3,29145,1,29270
1,29270,1,29488
3,29520,1,29770
0,29520,1,29770
2,29895,0
1,29957,0
3,30020,0
0,30020,1,30395
2,30395,0
1,30520,1,30613
2,30645,1,30863
0,30770,0
3,30770,0
1,30895,1,31113
3,31051,1,31207
2,31145,0
0,31145,1,31238
1,31270,1,31488
2,31520,0
3,31520,1,31613
2,31645,1,31863
0,31770,0
1,31770,0
1,31895,1,32113
3,32020,0
0,32145,0
2,32145,1,32238
3,32270,1,32488
2,32395,0
1,32520,0
0,32520,1,32613
2,32645,1,32863
0,32770,0
3,32770,0
3,32895,1,33020
0,33020,0
1,33020,0
1,33520,1,34020
0,34020,1,34395
3,34020,1,34270
2,34270,1,34395
2,34520,1,34582
3,34520,1,34582
1,34520,0
2,34645,1,34707
3,34645,1,34707
2,34770,1,34832
3,34770,1,34832
0,34895,1,35020
1,34895,1,35020
3,35020,0
2,35020,0
0,35145,1,35207
1,35145,1,35207
1,35270,1,35457
0,35270,1,35520
1,35520,1,35582
2,35520,1,35582
3,35520,0
2,35645,1,35707
3,35645,1,35707
0,35895,1,36020
1,35895,1,36020
2,36020,0
3,36020,0
1,36145,1,36207
2,36145,1,36207
0,36270,1,36520
2,36270,1,36457
3,36520,1,36582
2,36520,1,36582
1,36520,0
0,36645,1,36707
1,36645,1,36707
3,36770,1,36832
2,36770,1,36832
0,36895,1,37020
3,36895,1,37020
2,37020,0
1,37020,0
1,37145,1,37270
2,37145,1,37270
3,37270,1,37520
0,37270,1,37457
2,37520,1,38020
1,37520,1,38020
0,37520,0
3,38020,1,38395
0,38020,1,38270
1,38270,1,38395
3,38520,1,38645
0,38520,0
1,38520,0
2,38645,1,38895
0,38895,1,39020
1,39020,0
3,39020,0
0,39145,1,39270
1,39270,1,39520
3,39520,1,39645
2,39520,0
0,39520,0
2,39770,1,39895
1,40020,1,40145
3,40020,0
0,40145,1,40395
2,40395,1,40520
1,40520,0
3,40520,0
0,40520,0
2,40645,1,40770
1,40770,1,41020
2,41020,0
0,41020,0
3,41051,1,41520
0,41520,1,41645
1,41520,0
2,41645,1,41770
3,41645,0
1,41770,1,41895
0,41770,0
3,41895,1,42020
2,41895,0
0,42020,1,42270
1,42020,1,42395
3,42270,1,42395
0,42520,1,42582
1,42520,1,42582
3,42520,0
1,42645,1,42707
2,42645,1,42707
0,42770,1,42832
1,42770,1,42832
2,42895,1,43020
3,42895,1,43020
0,43020,0
1,43020,0
1,43145,1,43207
2,43145,1,43207
0,43270,1,43457
3,43270,1,43457
2,43520,1,43582
3,43520,1,43582
0,43520,0
0,43645,1,43707
2,43645,1,43707
1,43895,1,44020
2,43895,1,44020
0,44020,0
3,44020,0
2,44145,1,44207
3,44145,1,44207
2,44270,1,44520
1,44270,1,44395
3,44520,0
0,44520,1,44582
1,44520,1,44582
2,44645,1,44707
3,44645,1,44707
2,44770,1,44832
0,44770,1,44832
1,44895,1,45020
0,44895,1,45020
2,45020,0
3,45020,0
0,45145,1,45270
2,45145,1,45270
1,45270,1,45520
3,45270,1,45457
2,45520,1,46020
0,45520,1,46020
3,45520,0
3,46020,1,46270
1,46020,1,46395
0,46270,1,46395
0,46520,1,46645
3,46520,0
1,46520,0
1,46645,1,46895
2,46895,1,47020
0,47020,0
3,47020,0
0,47145,1,47270
1,47270,1,47520
3,47520,1,47645
2,47520,0
0,47520,0
0,47770,1,47895
1,48020,1,48145
3,48020,0
2,48145,1,48395
3,48395,1,48520
1,48520,0
0,48520,0
2,48520,0
2,48645,1,48770
3,48770,1,48895
0,49020,0
1,49020,1,49270
3,49520,1,49895
0,49520,1,50020
1,49520,0
2,49770,1,50020
3,50020,1,50395
1,50020,1,50270
2,50270,1,50395
3,50520,1,50582
0,50520,1,50582
2,50520,0
1,50645,1,50707
2,50645,1,50707
1,50770,1,50832
0,50770,1,50832
2,50895,1,51020
3,50895,1,51020
0,51020,0
1,51020,0
0,51145,1,51207
1,51145,1,51207
3,51270,1,51457
0,51270,1,51520
1,51520,1,51582
2,51520,1,51582
3,51520,0
2,51645,1,51707
0,51645,1,51707
2,51895,1,52020
3,51895,1,52020
0,52020,0
1,52020,0
0,52145,1,52207
3,52145,1,52207
0,52270,1,52395
1,52270,1,52395
1,52520,1,52582
2,52520,1,52582
0,52520,0
0,52645,1,52707
1,52645,1,52707
2,52770,1,52832
3,52770,1,52832
1,52895,1,53020
2,52895,1,53020
0,53020,0
3,53020,0
0,53145,1,53270
1,53145,1,53270
2,53270,1,53520
3,53270,1,53457
1,53520,1,54020
0,53520,1,54020
3,53520,0
3,54020,1,54395
2,54020,1,54270
1,54270,1,54395
3,54520,1,54645
0,54520,0
1,54520,0
2,54645,1,54895
0,54895,1,55020
3,55020,0
1,55020,0
2,55145,1,55270
3,55270,1,55520
1,55520,1,55645
2,55520,0
0,55520,0
3,55770,1,55895
2,56020,1,56145
0,56020,0
1,56145,1,56395
0,56395,1,56520
2,56520,0
3,56520,0
1,56520,0
1,56645,1,56770
0,56770,1,56895
3,57020,0
2,57020,0
1,57051,1,57520
0,57520,0
3,57520,1,57770
2,57520,0
0,57770,1,57801
1,57832,1,57863
3,57895,1,57926
2,57957,1,57988
1,58020,1,58270
0,58020,1,58395
2,58270,1,58395
2,58520,1,58582
1,58520,1,58582
3,58520,0
0,58645,1,58707
1,58645,1,58707
2,58770,1,58832
1,58770,1,58832
0,58895,1,59020
3,58895,1,59020
1,59020,0
2,59020,0
1,59145,1,59207
3,59145,1,59207
0,59270,1,59332
2,59270,1,59332
1,59395,1,59457
2,59395,1,59457
3,59520,0
0,59520,0
1,59520,0
2,59645,1,59676
1,59645,1,59676
3,59707,1,59738
0,59707,1,59738
1,59770,1,59832
2,59770,1,59832
3,59895,1,60020
2,59895,1,60020
0,60020,0
1,60020,0
2,60145,1,60207
3,60145,1,60207
3,60270,1,60332
0,60270,1,60332
1,60395,1,60457
0,60395,1,60457
2,60520,1,60582
3,60520,1,60582
0,60520,0
1,60645,1,60707
0,60770,1,60895
2,60770,1,60895
1,60895,1,61020
3,60895,1,61020
0,61020,0
2,61020,0
1,61145,1,61270
0,61145,1,61270
2,61270,1,61457
3,61270,1,61520
1,61520,1,62020
2,61520,0
0,61520,1,62020
2,62020,1,62395
3,62020,1,62270
0,62270,1,62395
3,62520,1,62645
1,62520,0
2,62520,0
0,62645,1,62895
2,62895,1,63020
1,63020,0
3,63020,0
1,63145,1,63270
0,63270,1,63520
3,63520,1,63645
2,63520,0
1,63520,0
2,63770,1,63895
0,64020,1,64145
1,64020,0
1,64145,1,64270
3,64395,1,64645
1,64645,1,64770
2,64770,1,64895
3,65020,1,65520
0,65020,1,66020
2,65520,1,66020
1,66020,1,66520
3,66020,0
2,66520,0
3,66520,0
0,66520,1,66707
1,66770,0
2,66895,1,67082
0,67020,0
3,67020,0
1,67145,1,67457
2,67270,0
3,67520,0
2,67520,0
0,67520,1,67645
2,67770,1,67895
1,68020,0
3,68020,1,68270
0,68270,0
2,68426,1,68551
3,68520,0
1,68520,0
0,68520,0
0,68645,1,68707
0,68770,1,68957
2,69020,0
3,69020,1,69145
1,69270,1,69395
3,69520,0
2,69520,0
0,69520,1,70020
1,69770,0
3,70020,0
1,70020,1,70895
2,70270,0
3,70520,0
2,70520,0
0,70520,0
2,70770,0
2,70895,1,71020
3,71020,0
0,71020,0
2,71145,1,71457
1,71270,0
3,71520,0
1,71520,0
0,71520,1,71707
3,71770,1,71957
1,71770,0
0,72020,0
1,72020,1,72270
3,72270,0
2,72395,1,72520
3,72520,0
1,72520,0
0,72520,0
0,72645,1,72707
0,72770,1,72957
3,73020,0
2,73020,1,73270
1,73270,0
3,73520,0
1,73520,1,74020
0,73520,0
2,73770,0
0,73770,1,74020
2,74020,0
3,74020,1,74895
1,74520,0
0,74520,0
2,74520,1,74645
0,74895,1,75020
3,75020,0
2,75020,0
1,75145,1,75395
0,75270,0
0,75520,0
2,75520,0
3,75520,1,75645
1,75770,1,75895
3,76020,0
2,76020,1,76145
0,76270,0
3,76395,1,76520
2,76520,0
1,76520,0
0,76520,0
1,76645,1,76707
1,76770,1,76957
0,77020,0
2,77020,1,77207
3,77270,1,77395
2,77520,0
1,77520,0
0,77520,1,78020
3,78020,0
2,78020,0
3,78520,0
0,78520,0
2,78520,1,78645
1,78645,1,78770
0,78895,1,79020
3,79020,0
1,79020,0
1,79145,1,79270
3,79270,1,79395
2,79520,0
1,79520,0
0,79520,1,79770
1,79770,1,79895
2,80020,1,80145
1,80145,1,80270
2,80395,1,80520
2,80645,1,80770
1,80770,1,80895
2,81020,1,82020
3,82020,1,86020
0,86020,1,86520
2,86520,1,86770
3,86770,1,87020
1,87020,1,87270
2,87270,1,89895
0,87520,1,88895
1,87770,1,89395
3,88020,1,90020
0,89020,1,89520
1,89520,1,90020
2,90020,1,92770
0,90020,1,90520
3,90270,0
1,90520,0
3,90770,0
1,91020,0
0,91270,0
1,91520,0
3,91520,0
3,91770,0
1,92020,0
0,92020,0
3,92270,0
1,92395,0
0,92520,0
3,92520,0
0,92770,1,93020
1,93020,1,93270
2,93270,1,93520
3,93270,0
1,93395,0
3,93520,1,93770
0,93520,0
0,93770,1,94020
1,93770,0
2,93895,0
1,94020,0
3,94020,1,95738
2,94270,0
1,94520,0
0,94520,0
2,94770,0
0,95020,0
1,95270,0
2,95520,0
0,95520,0
1,95770,0
0,95801,1,96770
2,96020,0
3,96020,0
1,96270,0
3,96520,0
2,96520,0
2,96770,1,97020
3,97020,1,97270
1,97020,0
0,97145,0
1,97270,1,97520
2,97270,0
0,97520,1,98020
2,97520,0
1,97645,0
2,97770,0
3,97770,0
3,97895,0
2,98020,1,100770
1,98020,0
3,98270,0
0,98520,0
3,98520,0
1,98770,0
0,99020,0
3,99145,0
1,99270,0
0,99520,0
1,99520,0
3,99645,0
0,99770,0
3,99895,0
1,100020,0
3,100020,0
0,100270,0
1,100395,0
3,100520,0
0,100520,0
0,100770,1,100895
3,101020,1,101238
1,101020,0
2,101145,0
0,101270,1,101520
1,101270,0
2,101395,0
1,101520,1,101770
3,101520,0
0,101645,0
2,101770,1,101988
3,101770,0
1,101895,0
0,102020,0
3,102020,0
1,102051,1,103770
0,102270,0
3,102520,0
2,102520,0
2,102770,0
0,103020,0
2,103270,0
0,103520,0
3,103520,0
2,103645,0
3,103770,0
0,103770,1,103895
1,103895,0
3,104020,1,106020
2,104020,0
2,104270,0
0,104520,0
1,104520,0
0,104770,0
2,105020,0
1,105020,0
0,105145,0
1,105270,0
1,105520,0
2,105520,0
0,105645,0
2,105770,0
0,105895,0
1,105957,0
0,106020,1,108770
2,106020,0
1,106270,0
2,106520,0
3,106520,0
1,106770,0
2,106895,0
3,106957,0
2,107020,1,107270
1,107270,1,107520
3,107520,1,107770
2,107520,0
2,107770,1,108020
1,108020,1,108270
3,108270,0
2,108395,0
1,108520,0
3,108520,0
2,108770,1,108895
3,109020,1,109270
2,109270,1,109520
1,109395,0
0,109520,1,109770
3,109520,0
1,109770,1,110020
2,109895,0
3,110020,1,112770
0,110020,0
0,110270,0
1,110520,0
2,110520,0
0,110770,0
1,110832,0
2,111020,1,111270
1,111270,1,111520
0,111520,1,111770
2,111520,0
2,111770,0
1,111895,0
0,112020,0
2,112020,0
1,112270,0
2,112395,0
1,112520,0
0,112520,0
1,112770,1,112895
2,112770,0
0,113020,1,113270
3,113020,0
2,113270,1,113520
1,113395,0
0,113520,0
3,113520,1,114020
0,113770,0
1,113895,0
0,114020,1,116770
2,114020,0
1,114270,0
2,114520,0
3,114520,0
1,114770,0
2,114832,0
3,114957,0
1,115020,1,115770
2,115270,0
2,115520,0
3,115520,0
2,115645,0
3,115770,0
1,115895,0
3,116020,0
2,116020,0
1,116270,0
3,116395,0
1,116520,0
2,116520,0
3,116770,1,117020
2,117020,1,117270
0,117020,0
1,117145,0
0,117270,1,117520
3,117270,0
1,117395,0
2,117520,1,117770
1,117645,0
3,117770,1,118020
0,117895,0
0,118020,1,119770
2,118020,0
1,118270,0
2,118520,0
3,118520,0
1,118770,1,118832
2,118832,1,118895
3,118895,1,118957
1,118957,1,119270
2,119020,0
3,119270,0
2,119520,0
3,119520,0
2,119770,1,120020
1,119770,1,120020
3,119895,0
3,120020,1,123520
0,120020,1,122020
1,120270,0
2,120395,0
2,120520,0
1,120520,0
2,120770,0
1,121020,0
1,121145,0
2,121270,0
1,121395,0
2,121520,0
1,121645,0
2,121770,0
2,121895,0
1,122020,0
2,122020,0
0,122520,0
1,122645,0
2,122895,0
1,123145,0
0,123270,0
0,123520,1,123582
1,123645,1,123707
2,123895,1,123957
1,124145,1,124207
0,124270,1,124332
1,124520,1,124582
2,124645,1,124707
0,124770,1,125020
3,124895,1,124957
2,125020,1,125270
1,125145,1,125207
0,125270,1,125332
3,125270,1,125520
1,125520,1,125770
2,125645,1,125770
0,125770,1,126020
2,126020,1,130020
3,126051,1,126145
0,126520,1,126645
1,126645,1,126770
3,126895,1,127020
1,127145,1,127270
0,127270,1,127395
0,127520,1,127645
1,127645,1,127770
3,127895,1,128020
1,128145,1,128270
0,128270,1,128395
1,128520,1,128645
3,128645,1,128770
0,128895,1,129020
3,129145,1,129270
0,129270,1,129395
1,129520,1,129770
0,129645,1,129770
1,130020,1,130270
0,130520,1,130645
1,130645,1,130770
3,130895,1,131145
2,131145,1,131270
1,131270,1,131520
0,131520,1,131645
2,131645,1,131895
3,131895,1,132145
1,132145,1,132270
0,132270,1,132520
2,132520,1,132645
3,132645,1,132770
1,132770,1,132895
0,132895,1,133145
3,133145,1,133270
1,133270,1,133520
2,133520,1,133770
1,133895,0
2,133957,0
3,134020,0
0,134020,1,134395
1,134395,0
2,134520,1,134645
1,134645,1,134895
0,134770,0
2,134770,0
3,134895,1,135145
1,135145,0
0,135145,0
2,135270,1,135520
1,135395,0
0,135520,1,135645
3,135520,0
1,135645,1,135895
3,135770,0
2,135770,0
2,135895,1,136020
1,136020,1,136395
2,136520,1,136832
0,137020,1,137457
1,137520,1,137895
3,138020,1,138270
2,138020,1,138395
1,138270,1,138395
3,138520,1,138582
2,138520,1,138582
0,138520,0
1,138645,1,138707
2,138645,1,138707
1,138770,1,138801
0,138770,1,138801
2,138832,1,138863
3,138832,1,138863
0,138895,1,139020
1,138895,1,139020
2,139020,0
3,139020,0
1,139145,1,139207
0,139145,1,139207
3,139270,1,139520
2,139270,1,139457
2,139520,0
1,139520,0
0,139520,0
1,139645,1,139707
2,139645,1,139707
2,139895,1,140020
3,139895,1,140020
0,140020,0
1,140020,0
1,140145,1,140207
2,140145,1,140207
1,140270,1,140520
0,140270,1,140457
0,140520,0
2,140520,1,140551
3,140520,1,140551
1,140645,1,140676
2,140645,1,140676
0,140770,1,140801
3,140770,1,140801
1,140832,1,140863
2,140832,1,140863
0,140895,1,141020
3,140895,1,141020
1,141020,0
2,141020,0
0,141145,1,141270
2,141145,1,141270
3,141270,1,141520
1,141270,1,141457
2,141520,1,142020
0,141520,1,142020
1,141520,0
3,142020,1,142395
1,142020,1,142270
0,142270,1,142395
2,142520,1,142582
0,142520,0
3,142520,0
2,142645,1,142770
3,142895,1,143020
0,143020,0
1,143020,0
2,143145,1,143270
1,143270,1,143520
3,143520,1,143770
2,143520,0
0,143520,0
2,143770,1,144020
0,144020,1,144145
1,144020,0
1,144145,1,144395
2,144395,1,144520
3,144520,0
1,144520,0
0,144520,0
2,144645,1,144770
1,144770,1,145020
0,145020,0
2,145020,0
3,145051,1,145520
2,145520,0
1,145520,0
0,145520,0
3,145770,1,145832
2,145832,1,145895
0,145895,1,145957
1,145957,1,146020
2,146020,1,146270
3,146020,1,146395
1,146270,1,146395
0,146520,1,146582
1,146520,1,146582
3,146520,0
0,146645,1,146707
1,146645,1,146707
1,146770,1,146801
3,146770,1,146801
2,146832,1,146863
0,146832,1,146863
1,146895,1,147020
3,146895,1,147020
0,147020,0
2,147020,0
3,147145,1,147207
0,147145,1,147207
1,147270,1,147457
3,147270,1,147520
2,147520,0
0,147520,1,147551
1,147520,1,147551
2,147645,1,147707
3,147645,1,147707
0,147895,1,148020
2,147895,1,148020
3,148020,0
1,148020,0
1,148145,1,148207
2,148145,1,148207
0,148270,1,148457
1,148270,1,148520
2,148520,0
3,148520,0
0,148520,0
0,148645,1,148707
1,148645,1,148707
2,148770,1,148801
3,148770,1,148801
0,148832,1,148863
1,148832,1,148863
3,148895,1,149020
2,148895,1,149020
0,149020,0
1,149020,0
3,149145,1,149270
0,149145,1,149270
1,149270,1,149520
2,149270,1,149457
3,149520,1,150020
0,149520,0
2,149520,1,150020
1,150020,1,150270
0,150020,1,150395
2,150270,1,150395
3,150520,0
2,150520,0
0,150520,1,150582
1,150645,1,150770
2,150895,1,151020
3,151020,0
0,151020,0
2,151145,1,151270
1,151270,1,151520
2,151520,0
0,151520,0
3,151520,1,151770
2,151770,1,152020
3,152020,0
0,152020,1,152145
1,152145,1,152395
3,152395,1,152520
0,152520,0
1,152520,0
2,152520,0
1,152645,1,152770
2,152770,1,153020
0,153020,1,153520
3,153020,0
1,153520,0
2,153520,1,153613
3,153520,1,153613
1,153707,1,153801
2,153707,1,153801
0,153895,1,153988
1,153895,1,153988
2,154020,1,154395
3,154020,1,154270
0,154270,1,154395
1,154520,0
0,154520,1,154582
3,154520,1,154582
2,154645,1,154707
1,154645,1,154707
3,154770,1,154801
2,154770,1,154801
0,154832,1,154863
1,154832,1,154863
2,154895,1,155020
3,154895,1,155020
0,155020,0
1,155020,0
2,155145,1,155238
1,155145,1,155238
0,155270,1,155520
3,155270,1,155457
3,155520,0
1,155520,0
2,155520,0
2,155645,1,155707
0,155645,1,155707
2,155895,1,156020
1,155895,1,156020
0,156020,0
3,156020,0
2,156145,1,156207
3,156145,1,156207
1,156270,1,156457
3,156270,1,156520
2,156520,1,156551
1,156520,1,156551
0,156520,0
3,156645,1,156676
0,156645,1,156676
1,156770,1,156801
0,156770,1,156801
2,156832,1,156863
3,156832,1,156863
1,156895,1,157020
0,156895,1,157020
2,157020,0
3,157020,0
3,157145,1,157270
1,157145,1,157270
0,157270,1,157457
2,157270,1,157520
1,157520,0
0,157520,1,158020
3,157520,1,158020
1,158020,1,158395
2,158020,1,158270
3,158270,1,158395
1,158520,0
0,158520,0
3,158520,1,158582
3,158645,1,158770
1,158895,1,159020
2,159020,0
3,159020,0
0,159145,1,159270
1,159270,1,159520
2,159520,0
3,159520,1,159770
0,159520,0
0,159770,1,160020
3,160020,0
2,160020,1,160145
1,160145,1,160395
3,160395,1,160520
1,160520,0
0,160520,0
2,160520,0
2,160645,1,160770
0,160770,1,161020
2,161020,0
1,161020,0
3,161051,1,161520
2,161520,0
0,161520,0
1,161520,0
3,161770,1,161801
2,161832,1,161863
0,161895,1,161926
1,161957,1,161988
2,162020,1,162270
3,162020,1,162395
0,162270,1,162395
0,162520,1,162582
2,162520,1,162582
3,162520,0
0,162645,1,162707
1,162645,1,162707
2,162770,1,162801
3,162770,1,162801
0,162832,1,162863
1,162832,1,162863
2,162895,1,163020
3,162895,1,163020
1,163020,0
0,163020,0
3,163145,1,163176
2,163145,1,163176
1,163207,1,163238
0,163207,1,163238
2,163270,1,163332
3,163270,1,163332
0,163395,1,163520
1,163395,1,163457
1,163520,0
3,163520,0
2,163520,0
2,163645,1,163676
3,163645,1,163676
0,163707,1,163738
1,163707,1,163738
3,163770,1,163801
2,163770,1,163801
1,163832,1,163863
0,163832,1,163863
2,163895,1,164020
3,163895,1,164020
1,164020,0
0,164020,0
0,164145,1,164176
3,164145,1,164176
1,164207,1,164238
2,164207,1,164238
0,164270,1,164363
3,164270,1,164363
2,164395,1,164520
1,164395,1,164457
0,164520,0
3,164520,0
1,164520,0
1,164645,1,164676
2,164645,1,164676
2,164770,1,164832
3,164770,1,164832
0,164895,1,165020
1,164895,1,165020
2,165020,0
3,165020,0
1,165145,1,165270
2,165145,1,165270
0,165270,1,165520
3,165270,1,165457
3,165520,0
2,165520,1,166020
1,165520,1,166020
0,166020,1,166270
3,166020,1,166395
1,166270,1,166395
0,166520,1,166551
1,166520,0
3,166520,0
2,166645,1,166895
1,166895,1,167020
3,167020,0
0,167020,0
1,167145,1,167270
0,167270,1,167520
3,167520,1,167770
1,167520,0
2,167520,0
2,167770,1,168020
0,168020,1,168145
3,168020,0
1,168145,1,168270
3,168395,1,168645
1,168645,1,168770
2,168770,1,168895
0,169020,1,169520
1,169520,1,170020
3,170020,1,170520
0,170020,0
2,170020,0
2,170520,0
1,170520,0
0,170520,1,170707
3,170770,0
2,170895,1,171082
0,171020,0
1,171020,0
1,171145,1,171457
3,171270,0
0,171520,0
2,171520,0
3,171520,1,171645
0,171770,1,171895
1,172020,0
2,172020,1,172270
3,172270,0
0,172395,1,172520
1,172520,0
3,172520,0
2,172520,0
2,172645,1,172707
2,172770,1,172957
1,173020,0
0,173020,1,173145
3,173270,1,173395
0,173520,0
2,173520,0
1,173520,1,174020
0,173770,0
3,174020,0
2,174020,1,174895
0,174270,0
0,174520,0
1,174520,0
3,174520,0
1,174770,0
0,174895,1,175020
2,175020,0
3,175020,0
3,175145,1,175457
2,175270,0
0,175520,0
1,175520,0
2,175520,1,175707
1,175770,1,175957
3,175770,0
0,176020,0
3,176020,1,176270
2,176270,0
0,176395,1,176520
2,176520,0
3,176520,0
1,176520,0
3,176645,1,176707
3,176770,1,176957
0,177020,0
1,177020,1,177270
2,177270,0
0,177520,0
2,177520,1,178020
3,177520,0
3,177770,1,178020
1,178020,0
0,178020,1,178895
2,178270,0
2,178520,0
3,178520,0
1,178520,1,178645
2,178645,1,178707
3,178770,1,178895
1,178895,1,179020
2,179020,0
3,179020,0
0,179145,1,179395
1,179270,0
2,179520,1,179645
0,179520,0
1,179520,0
3,179520,0
1,179770,1,180020
2,180020,1,180145
0,180020,0
0,180145,1,180207
2,180270,1,180395
3,180395,1,180520
2,180520,0
1,180520,0
0,180520,0
2,180645,1,180707
2,180770,1,181020
1,181020,1,181270
0,181020,0
2,181270,1,181395
3,181520,1,182020
1,181520,0
0,181520,0
2,181770,0
1,182020,0
2,182020,0
1,182270,0
3,182520,0
0,182520,0
2,182520,1,182645
1,182645,1,182770
0,182895,1,183020
3,183020,0
1,183020,0
1,183145,1,183270
3,183270,1,183395
2,183520,0
1,183520,0
0,183520,1,183770
1,183770,1,183895
2,184020,1,184145
1,184145,1,184270
2,184395,1,184520
2,184645,1,184770
1,184770,1,184895
2,185020,1,192020
3,186020,1,192020
