0,4312,0
1,4447,0
2,4582,0
3,5122,0
2,5257,0
0,6203,0
2,6474,0
1,7284,0
3,7420,0
0,7555,1,7622
1,8095,0
3,8129,0
0,8163,0
0,8636,0
1,8771,0
2,8906,0
3,9447,0
2,9582,0
3,10528,0
0,10798,0
2,10933,0
1,11068,0
3,11203,0
0,11339,0
1,11609,0
0,11744,0
3,11879,1,11947
2,12420,0
0,12453,0
3,12487,0
3,12960,0
1,13028,0
3,13095,0
1,13163,0
3,13230,0
1,13298,0
3,13366,0
1,13433,0
3,13501,0
1,13568,0
3,13636,0
1,13703,0
2,13771,0
1,13839,0
3,13906,0
1,13974,0
3,14041,0
1,14109,0
3,14176,0
1,14244,0
3,14311,0
1,14379,0
3,14447,0
1,14514,0
3,14582,0
0,14852,0
2,15122,0
1,15190,0
2,15257,0
1,15325,0
2,15393,0
1,15460,0
2,15528,0
1,15595,0
2,15663,0
1,15730,0
2,15798,0
1,15866,0
3,15933,0
1,16001,0
2,16068,0
1,16136,0
2,16203,0
0,16203,0
1,16271,0
2,16339,0
1,16406,0
2,16474,0
1,16541,0
2,16609,0
1,16676,0
0,16744,0
2,16811,0
0,16879,0
2,16947,0
0,17014,0
2,17082,0
0,17149,0
2,17217,0
3,17284,0
1,17352,0
3,17420,0
1,17487,0
3,17555,0
1,17622,0
3,17690,0
1,17757,0
3,17825,0
1,17893,0
3,17960,0
1,18028,0
3,18095,0
1,18163,0
2,18230,0
1,18298,0
3,18366,0
1,18433,0
3,18501,0
1,18568,0
3,18636,0
1,18703,0
3,18771,0
1,18839,0
3,18906,0
0,18906,0
0,19447,0
2,19514,0
0,19582,0
2,19649,0
0,19717,0
2,19784,0
0,19852,0
2,19920,0
0,19987,0
2,20055,1,20122
3,20122,1,20190
2,20190,1,20257
1,20257,1,20325
0,20325,1,20393
1,20393,1,20460
3,20460,0
0,20528,0
2,20573,0
0,20618,0
1,20663,0
3,20708,0
1,20753,0
2,20798,0
0,20843,0
2,20888,0
3,20933,0
1,20978,0
3,21023,0
0,21068,1,21339
3,21339,0
2,21406,0
3,21474,0
2,21541,0
0,21609,0
1,21609,0
3,21609,0
0,21879,0
1,22014,0
2,22048,0
3,22149,0
1,22194,0
0,22239,0
0,22420,0
1,22420,0
0,22690,0
3,22690,0
3,22960,0
2,23095,0
1,23129,0
1,23230,0
0,23230,0
2,23275,0
3,23321,0
1,23501,0
0,23771,0
3,23771,0
1,24041,0
0,24176,0
2,24210,0
2,24311,0
1,24357,0
3,24402,0
0,24582,0
1,24582,0
3,24852,0
0,24852,0
1,24852,0
2,25122,0
0,25122,0
1,25122,0
0,25257,0
2,25393,0
3,25393,0
3,25528,0
2,25561,0
1,25663,0
2,25708,0
0,25753,0
2,25933,0
3,25933,0
1,25933,0
3,26203,0
0,26339,0
1,26372,0
1,26474,0
2,26519,0
3,26564,0
0,26744,0
2,26744,0
1,27014,0
3,27014,0
0,27284,0
3,27420,0
2,27453,0
3,27555,0
2,27555,0
1,27600,0
0,27645,0
3,27825,0
1,27960,0
0,28095,0
3,28095,0
1,28366,0
2,28399,0
3,28636,0
1,28681,0
0,28726,0
3,28906,0
0,28906,0
1,29041,0
2,29176,0
3,29176,0
0,29176,0
3,29447,0
0,29447,0
1,29447,0
2,29582,0
0,29717,0
1,29717,0
2,29762,0
3,29807,0
0,29987,0
2,30257,0
3,30257,0
0,30257,0
3,30528,0
2,30663,0
1,30697,0
0,30798,0
2,30843,0
3,30888,0
3,31068,0
2,31068,0
3,31339,0
0,31339,0
0,31609,0
1,31744,0
2,31778,0
2,31879,0
3,31879,0
1,31924,0
0,31969,0
2,32149,0
3,32420,0
0,32420,0
2,32690,0
3,32825,0
1,32859,0
1,32960,0
2,33005,0
0,33050,0
3,33230,0
2,33230,0
3,33501,0
0,33501,0
2,33501,0
1,33771,0
2,33771,0
0,33771,0
3,33906,0
2,33940,0
1,34041,0
0,34041,0
2,34086,0
3,34131,0
0,34311,0
1,34582,0
2,34582,0
3,34582,0
0,34852,0
3,34987,0
2,35021,0
2,35122,0
1,35167,0
0,35212,0
3,35393,0
1,35393,0
2,35663,0
0,35663,0
3,35933,0
0,36068,0
1,36102,0
0,36203,0
1,36203,0
2,36248,0
3,36293,0
0,36474,0
2,36609,0
3,36744,0
0,36744,0
0,36879,1,37757
1,37014,0
1,37149,1,37757
2,37284,0
2,37420,1,37757
3,37555,0
3,37690,1,37757
2,37825,1,38298
3,37825,1,38568
0,37825,1,37893
1,37825,1,38028
0,37960,0
1,38095,1,38163
1,38230,0
0,38298,0
2,38366,1,38433
0,38501,0
2,38501,0
3,38636,1,38703
0,38636,0
1,38703,0
0,38771,0
3,38771,0
1,38839,0
2,38906,0
3,38906,0
0,38906,0
0,39176,0
0,39311,1,39447
1,39447,0
1,39717,1,39852
0,39717,1,39784
0,39852,0
2,39987,0
1,40122,1,40190
2,40122,1,40190
1,40257,1,40325
2,40257,1,40325
1,40393,0
2,40528,1,40663
3,40528,1,40595
3,40663,0
3,40798,1,40933
2,40933,0
3,41068,0
0,41068,0
0,41203,0
3,41203,0
1,41339,0
0,41339,0
2,41474,0
1,41541,0
2,41609,0
1,41676,0
3,41744,0
0,41744,0
3,41879,0
2,41879,0
1,42014,1,42082
2,42082,0
1,42149,0
0,42149,0
3,42217,0
2,42217,0
0,42284,0
1,42284,0
3,42352,0
2,42352,0
0,42420,0
1,42453,0
3,42487,0
2,42521,0
1,42555,0
0,42589,0
2,42622,0
3,42656,0
1,42690,0
0,42707,0
1,42757,0
0,42774,0
2,42825,1,42926
3,42859,1,42960
1,42960,1,43095
0,42994,1,43061
2,43028,1,43163
3,43061,1,43129
1,43230,0
3,43230,1,43433
0,43230,1,43771
3,43636,1,43805
2,43771,1,43906
1,43816,1,43861
3,43861,1,44041
1,44041,1,44109
1,44176,1,44514
2,44311,1,44514
2,44717,1,44886
1,44852,1,44987
0,44897,1,44942
2,44942,1,45122
0,45122,1,45190
0,45257,1,45595
1,45393,1,45595
1,45798,1,45967
2,45933,1,46068
3,45978,1,46023
1,46023,1,46203
3,46203,1,46271
3,46339,1,46676
2,46474,1,46676
3,46879,1,46947
0,46879,1,47217
1,47014,1,47217
3,47149,1,47487
2,47284,1,47352
1,47330,1,47397
0,47375,1,47487
0,47555,1,47960
2,47555,1,47825
3,47825,1,47893
3,47960,1,48129
2,48095,1,48230
1,48140,1,48185
3,48185,1,48366
0,48366,1,48636
2,48366,1,48501
3,48636,1,49041
1,48636,1,48906
0,48906,1,48974
0,49041,1,49210
1,49176,1,49311
2,49221,1,49266
0,49266,1,49447
2,49447,1,49514
3,49447,1,49582
2,49582,1,49649
1,49582,1,49717
0,49717,1,50167
2,49717,1,49987
3,49987,1,50573
0,50257,1,50348
1,50302,1,50393
2,50348,1,50573
0,50528,1,50663
1,50528,1,50663
2,50663,0
3,50663,0
0,50798,0
1,50798,0
3,50798,0
2,50843,0
1,50888,0
0,50933,0
2,50978,0
3,51023,0
1,51068,1,51136
2,51102,1,51170
3,51203,0
0,51203,0
1,51271,0
0,51305,0
3,51339,0
2,51372,0
0,51474,0
1,51474,0
3,51474,0
1,51541,0
0,51609,1,51811
2,51609,1,51811
3,51609,1,51811
0,51879,1,52420
1,51879,1,52375
3,51879,1,52194
2,52149,1,52330
3,52284,1,52600
2,52420,1,52600
1,52465,1,52690
0,52510,1,52870
3,52690,1,52870
2,52690,1,52870
0,52960,0
1,52960,0
3,52999,0
2,53037,0
1,53076,0
0,53115,0
2,53153,0
1,53192,0
0,53230,0
3,53230,0
2,53366,0
3,53366,0
0,53399,0
2,53501,0
1,53534,0
0,53636,0
1,53636,0
3,53670,0
1,53771,1,53974
2,53771,1,53974
0,53805,1,53940
3,53805,1,53940
3,54041,1,54582
2,54041,1,54537
0,54041,1,54357
1,54311,1,54492
0,54447,1,54762
1,54582,1,54762
2,54627,1,54852
3,54672,1,55032
0,54852,1,55032
1,54852,1,55032
2,55122,0
3,55122,0
0,55161,0
1,55200,0
2,55238,0
3,55277,0
1,55315,0
2,55354,0
3,55393,0
0,55393,0
2,55528,0
3,55528,0
0,55528,0
2,55595,0
0,55663,0
1,55663,0
3,55663,0
0,55798,0
1,55798,0
2,55832,0
3,55832,0
0,55933,1,56136
1,55933,1,56136
3,55933,1,56136
0,56203,1,56541
2,56203,1,56406
3,56203,1,56406
1,56474,1,56541
2,56474,1,56541
1,56609,1,56676
2,56609,1,56676
3,56609,1,56947
0,56744,1,57217
1,56744,1,57217
3,57014,1,57217
0,57284,0
2,57284,0
3,57284,0
1,57330,0
2,57375,0
3,57420,0
0,57420,0
1,57420,0
2,57555,0
1,57555,0
3,57690,0
0,57690,0
2,57724,0
0,57825,0
3,57825,0
1,57864,0
2,57902,0
0,57941,0
1,57979,0
2,58018,0
3,58095,0
0,58095,0
2,58134,0
1,58173,0
3,58211,0
2,58250,0
1,58288,0
3,58366,0
2,58366,0
0,58433,0
2,58501,0
3,58501,0
0,58568,0
1,58568,0
3,58636,0
1,58703,0
0,58703,0
3,58771,0
2,58805,0
0,58839,0
3,58872,0
2,58906,0
0,59041,0
1,59075,0
3,59109,0
0,59143,0
1,59176,0
3,59244,0
2,59311,0
3,59334,0
0,59357,0
1,59379,0
0,59447,1,59852
2,59447,0
3,59447,0
3,59852,1,60032
2,59987,1,60077
1,60032,1,60122
0,60077,1,60460
1,60190,1,60460
2,60257,1,60460
3,60325,1,60460
0,60528,0
1,60528,0
3,60528,1,61474
1,60663,1,60798
0,60798,0
0,60933,1,61068
1,61068,0
1,61203,1,61339
0,61339,0
0,61474,1,61609
3,61609,0
2,61609,0
2,61744,1,61879
3,61879,0
3,62014,1,62149
2,62149,0
2,62284,1,62420
3,62420,0
3,62555,1,62690
0,62690,0
1,62690,0
0,62825,1,62960
1,62960,1,63095
3,62960,0
0,63095,1,63230
2,63230,0
3,63230,0
0,63298,0
3,63366,1,63501
2,63501,1,63636
0,63501,0
0,63568,0
3,63636,1,63771
1,63636,0
1,63771,0
2,63771,0
0,63771,0
2,63906,1,64086
3,63951,1,64041
1,63996,1,64176
0,64041,1,64131
3,64149,1,64420
2,64203,1,64366
1,64257,1,64311
0,64366,1,64636
1,64420,1,64582
2,64474,1,64528
3,64582,1,64649
3,64717,1,64852
1,64852,0
0,64852,0
1,64920,0
0,64920,0
3,64987,0
2,64987,0
1,65055,0
0,65055,0
3,65122,0
0,65190,0
1,65257,0
0,65325,0
3,65393,0
2,65393,0
3,65460,0
2,65460,0
1,65528,0
0,65528,0
3,65595,0
2,65595,0
1,65663,0
2,65730,0
1,65798,0
2,65866,0
1,65933,0
0,65933,0
1,66001,0
0,66001,0
3,66068,0
2,66068,0
1,66136,0
0,66136,0
3,66203,0
2,66248,0
3,66293,0
0,66339,0
0,66406,0
2,66474,0
3,66474,0
2,66541,0
3,66541,0
0,66609,0
1,66609,0
2,66676,0
3,66676,0
0,66744,1,66811
2,66811,1,66879
1,66879,1,66947
3,66947,1,67014
0,67014,0
1,67014,0
2,67048,0
3,67082,0
1,67116,0
2,67149,0
0,67217,0
3,67284,0
2,67284,0
1,67318,0
0,67352,0
2,67386,0
1,67420,0
3,67487,0
0,67555,0
1,67589,1,67639
2,67622,1,67707
3,67656,0
1,67690,1,67774
2,67757,1,67808
0,67825,1,67893
1,67859,1,67926
2,67893,0
3,67926,0
0,67960,0
1,67994,0
2,68028,1,68095
3,68061,1,68129
0,68095,0
1,68095,0
2,68230,0
3,68298,0
0,68366,1,68433
2,68433,0
0,68501,1,68568
2,68568,0
0,68636,0
3,68636,0
0,68906,1,69041
2,68974,0
3,69041,0
0,69176,0
1,69176,0
3,69176,0
2,69215,0
1,69254,0
0,69292,0
2,69331,0
1,69369,0
3,69408,0
2,69447,0
3,69485,0
1,69524,0
0,69582,0
3,69582,0
0,69717,1,69784
2,69717,0
1,69717,1,69784
0,69852,1,69920
1,69852,1,69920
0,69987,1,70055
1,69987,1,70055
0,70122,1,70190
1,70122,1,70190
3,70257,1,70325
2,70257,1,70325
2,70393,0
3,70393,0
2,70460,0
3,70460,0
2,70528,1,70595
3,70528,1,70595
3,70663,1,70730
2,70663,1,70730
1,70798,0
3,70798,1,70933
0,70798,1,70866
0,70933,1,71136
3,71001,1,71068
1,71046,1,71158
2,71113,1,71181
3,71158,1,71203
0,71203,1,71271
1,71226,1,71271
0,71339,1,72082
1,71339,1,71811
2,71339,1,71541
3,71339,1,71406
2,71609,1,71676
3,71879,0
1,71879,1,71947
2,71879,0
0,72149,1,72217
3,72420,1,72622
2,72420,1,72622
0,72420,1,72622
1,72690,1,72893
0,72690,1,72893
3,72690,1,72893
0,72960,1,73028
1,72960,1,73028
2,72960,1,73163
3,72960,1,73163
1,73095,1,73163
0,73095,1,73163
0,73230,0
3,73230,0
0,73501,0
2,73501,0
3,73501,0
1,73568,0
2,73636,0
0,73670,0
1,73703,0
3,73771,0
0,73771,0
2,73839,0
1,73906,0
3,73940,0
2,73974,0
0,74041,0
1,74041,0
2,74075,0
3,74109,0
0,74143,0
1,74176,0
0,74244,0
3,74311,0
2,74311,0
1,74345,0
0,74379,0
3,74413,0
2,74447,0
3,74514,0
0,74582,0
1,74582,0
2,74649,0
0,74717,0
0,74784,0
2,74852,0
3,74852,0
1,74886,0
0,74920,0
2,74953,0
3,74987,0
1,75055,0
3,75122,0
0,75122,0
2,75156,0
1,75257,0
2,75291,0
2,75393,1,75460
3,75393,1,75460
0,75426,0
2,75528,0
3,75528,0
0,75663,0
3,75663,0
1,75663,0
2,75701,0
0,75740,0
1,75779,0
2,75817,0
3,75856,0
1,75895,0
0,75933,0
3,75933,0
2,75967,0
2,76068,0
1,76102,0
3,76203,0
0,76203,0
1,76271,0
3,76339,0
3,76406,0
0,76474,0
1,76474,0
2,76512,0
3,76551,0
1,76589,0
2,76628,0
0,76667,0
3,76744,0
2,76744,0
1,76778,0
0,76811,0
1,76879,0
2,76913,0
1,77014,0
0,77014,0
2,77048,0
3,77082,0
2,77149,0
1,77183,0
2,77284,0
3,77284,0
0,77352,0
3,77420,0
3,77487,0
0,77555,0
1,77555,0
0,77622,0
1,77622,0
2,77690,0
3,77690,0
0,77825,0
3,77825,0
2,77825,0
1,77864,0
3,77902,0
2,77941,0
1,77979,0
0,78018,0
2,78057,0
0,78095,0
3,78095,0
3,78185,0
2,78230,0
1,78275,0
0,78321,0
1,78366,0
2,78411,0
3,78456,0
0,78501,0
1,78501,0
3,78636,0
2,78636,0
0,78726,0
1,78771,0
2,78816,0
3,78861,0
2,78906,0
1,78951,0
0,78996,0
2,79041,0
3,79041,0
1,79176,0
0,79176,0
2,79244,0
0,79311,0
1,79311,0
3,79379,0
2,79424,0
1,79469,0
0,79514,0
2,79582,0
3,79582,0
0,79717,1,79784
3,79717,1,79852
1,79784,1,79852
2,79852,1,79920
3,79920,1,79987
0,79987,1,80122
1,79987,1,80055
2,80055,1,80190
1,80122,1,80190
0,80190,1,80257
3,80257,1,80325
1,80257,1,80325
2,80257,1,80393
0,80325,1,80528
1,80393,1,80528
3,80393,1,80460
2,80528,1,80595
3,80528,1,80663
1,80595,1,80730
2,80663,1,80730
3,80730,1,80798
0,80798,1,80866
1,80798,1,80933
2,80798,1,80866
3,80866,1,81068
2,80933,1,81068
0,80933,1,81001
0,81068,1,81203
1,81068,1,81136
3,81136,1,81271
2,81203,1,81271
0,81271,1,81339
2,81339,0
3,81339,0
2,81406,1,81541
3,81406,1,81541
1,81474,1,81541
0,81474,1,81541
0,81609,1,81744
1,81609,1,81744
3,81676,1,81744
3,81811,1,81947
2,81811,1,81947
0,81811,1,81879
0,82014,0
2,82048,0
1,82082,0
3,82116,0
0,82149,0
1,82149,0
2,82183,0
3,82217,0
2,82284,0
1,82352,0
3,82420,0
0,82420,0
1,82453,0
2,82487,0
3,82555,0
1,82589,0
0,82622,0
2,82690,0
3,82690,0
1,82724,0
0,82757,0
1,82825,0
2,82893,0
0,82960,0
3,82960,0
2,82994,0
1,83028,0
0,83095,0
2,83129,0
3,83163,0
0,83230,0
1,83230,0
2,83264,0
3,83298,0
0,83366,0
1,83366,0
3,83433,0
1,83501,0
0,83501,0
2,83534,0
3,83568,0
1,83636,0
2,83670,0
0,83703,0
3,83771,0
2,83771,0
1,83805,0
0,83839,0
3,83906,0
1,83940,0
2,83974,0
0,84007,0
3,84041,0
2,84041,0
1,84109,0
0,84109,0
3,84176,0
0,84311,1,84514
1,84311,1,84447
3,84311,1,84379
3,84447,1,84582
1,84582,1,84649
0,84582,1,84717
2,84582,1,84784
3,84649,1,84784
1,84717,1,84852
2,84852,1,84920
3,84852,1,84987
0,84852,1,85055
2,84987,1,85122
1,85122,1,85190
0,85122,1,85325
3,85122,1,85325
1,85257,1,85325
2,85257,1,85325
0,85393,1,85460
2,85393,1,85528
3,85393,1,85595
0,85528,1,85663
1,85663,1,85866
3,85663,1,85798
2,85663,1,85730
0,85730,1,85866
2,85798,1,85933
0,85933,1,86068
1,85933,1,86001
3,85933,1,86068
2,86068,0
1,86102,0
2,86136,0
1,86170,0
0,86203,0
3,86203,0
1,86339,1,86406
2,86339,1,86406
0,86474,1,86541
2,86474,1,86676
3,86474,1,86541
1,86541,1,86676
0,86609,1,86744
3,86609,1,86676
3,86744,1,86947
1,86744,1,86811
2,86744,1,86811
0,86811,1,86947
1,86879,1,86947
2,86879,1,87014
1,87014,1,87217
3,87014,1,87082
0,87014,1,87082
2,87082,1,87217
3,87149,1,87284
0,87149,1,87217
0,87284,1,87487
1,87284,1,87352
2,87284,1,87352
3,87352,1,87487
1,87420,1,87487
2,87420,1,87622
3,87555,1,87622
0,87555,1,87690
1,87555,1,87690
3,87690,1,87757
2,87690,1,87757
0,87757,1,87893
1,87757,1,88028
3,87825,1,87893
2,87825,1,87893
2,87960,1,88095
0,87960,1,88028
3,87960,1,88095
0,88095,1,88163
1,88095,1,88163
3,88163,0
1,88230,0
2,88264,0
1,88298,0
2,88332,0
0,88366,1,88433
3,88366,1,88501
1,88433,1,88501
2,88501,1,88568
3,88568,1,88636
0,88636,0
1,88636,0
2,88636,0
0,88703,0
3,88771,0
2,88771,0
3,88839,0
0,88906,1,89109
2,88906,0
1,88974,1,89109
2,89041,1,89109
3,89176,0
0,89176,0
1,89176,0
1,89244,0
0,89244,0
2,89311,0
3,89311,0
0,89379,0
3,89447,1,89649
1,89447,0
2,89514,1,89649
1,89582,1,89649
0,89717,0
1,89717,0
2,89784,0
3,89784,0
1,89852,0
2,89920,0
0,89920,0
3,89987,0
1,89987,0
2,90055,0
1,90122,0
0,90122,0
2,90190,0
3,90190,0
0,90257,0
1,90291,0
3,90325,0
2,90359,0
1,90393,0
0,90426,0
2,90460,0
3,90494,0
0,90528,1,90730
1,90578,1,90730
2,90629,1,90730
3,90680,1,90730
0,90798,0
1,90798,0
2,90798,0
3,90798,0
3,91068,1,91203
2,91203,1,91339
3,91339,1,91609
1,91609,1,91744
0,91744,1,91811
3,91879,1,92149
0,92149,1,92284
1,92284,1,92420
0,92420,1,92690
3,92487,0
1,92555,0
3,92622,0
2,92690,1,92825
0,92757,0
3,92825,1,92893
1,92893,0
0,92960,0
3,92960,0
2,93028,0
3,93095,0
1,93095,0
2,93163,0
0,93230,0
3,93230,0
1,93298,0
0,93366,0
2,93366,0
1,93433,0
3,93501,0
0,93501,0
2,93568,0
0,93636,0
1,93703,0
2,93771,0
3,93839,0
2,93906,0
2,93974,0
3,94041,0
0,94041,1,94109
1,94176,1,94244
0,94176,1,94514
2,94311,1,94379
1,94379,0
3,94447,1,94514
2,94514,0
0,94582,1,94649
3,94582,1,94920
1,94717,1,94784
0,94784,0
2,94852,1,94920
3,94987,1,95055
1,95122,1,95190
0,95122,1,95224
2,95122,1,95359
1,95257,1,95325
0,95291,1,95359
3,95393,1,95460
1,95393,1,95595
2,95426,1,95494
3,95528,1,95595
2,95561,1,95629
1,95663,1,95730
0,95697,1,95764
2,95697,1,95899
1,95798,1,95866
0,95832,1,95899
3,95933,1,96001
1,95933,1,96068
2,95967,1,96034
3,96068,0
2,96102,0
0,96136,0
1,96170,0
3,96203,1,96339
1,96271,0
0,96339,0
2,96406,0
3,96474,1,96541
1,96541,0
0,96609,0
2,96676,0
3,96744,0
0,96744,0
1,96744,1,96947
3,96879,1,96947
2,96879,1,96947
0,96879,1,96947
1,97014,0
2,97014,0
1,97082,0
2,97149,0
2,97217,0
0,97284,0
1,97284,0
3,97284,0
2,97323,0
0,97362,0
1,97400,0
2,97439,0
3,97478,0
1,97555,0
0,97589,0
2,97622,0
1,97690,0
3,97724,0
2,97757,0
3,97825,0
0,97825,0
2,97893,0
0,97960,0
2,98028,0
0,98095,0
2,98163,0
0,98230,0
2,98298,0
0,98366,1,98467
2,98399,1,98450
3,98433,0
1,98501,1,98602
0,98534,1,98585
3,98636,0
2,98636,0
0,98674,0
1,98713,0
2,98752,0
3,98790,0
1,98829,0
2,98867,0
3,98906,0
0,98906,0
1,98974,0
0,99041,0
1,99109,0
0,99176,1,99244
3,99244,1,99311
0,99311,1,99379
3,99379,1,99447
1,99447,0
0,99447,0
2,99485,0
3,99524,0
1,99562,0
2,99601,0
0,99640,0
3,99717,0
2,99751,0
1,99784,0
2,99852,0
1,99886,0
0,99920,0
2,99987,0
3,99987,0
0,100055,0
3,100122,0
0,100190,0
2,100257,1,100325
3,100291,1,100359
0,100359,1,100460
1,100393,1,100460
2,100426,0
3,100460,0
0,100528,1,100646
2,100561,1,100612
3,100663,1,100764
1,100697,1,100747
0,100798,0
1,100798,0
2,100837,0
3,100875,0
2,100914,0
1,100952,0
0,100991,0
1,101030,0
2,101068,1,101136
3,101068,1,101203
0,101136,1,101474
1,101203,1,101406
2,101271,1,101339
3,101339,1,101541
2,101406,1,101541
1,101474,1,101541
3,101609,0
2,101609,0
0,101609,0
1,101647,0
3,101686,0
2,101725,0
1,101763,0
0,101802,0
2,101879,0
3,101913,0
1,101947,0
2,102014,0
0,102048,0
1,102082,0
0,102149,0
3,102149,0
1,102217,0
3,102284,0
1,102352,0
3,102420,0
1,102487,0
3,102555,0
1,102622,0
3,102690,1,102791
1,102724,1,102774
0,102757,0
2,102825,0
3,102893,0
0,102960,0
1,102960,0
3,102999,0
2,103037,0
1,103076,0
2,103115,0
0,103153,0
1,103192,0
2,103230,0
3,103230,0
0,103298,0
2,103366,1,103467
3,103399,1,103450
0,103501,1,103653
1,103534,1,103636
2,103568,1,103619
3,103602,0
1,103703,1,103737
0,103737,0
2,103771,0
3,103771,0
1,103810,0
0,103848,0
2,103887,0
1,103925,0
3,103964,0
0,104041,0
1,104041,0
0,104109,0
1,104109,0
2,104176,0
3,104176,0
2,104311,0
3,104311,0
0,104345,0
1,104379,0
2,104413,0
3,104447,0
1,104480,0
2,104514,0
0,104582,0
1,104582,0
3,104649,0
0,104717,0
1,104717,0
3,104751,0
2,104784,0
0,104818,0
1,104852,0
2,104886,0
1,104920,0
0,104987,0
3,104987,0
1,105055,0
3,105122,1,105325
0,105122,1,105325
2,105122,0
1,105190,1,105325
2,105257,1,105393
0,105393,1,105528
1,105393,1,105460
3,105393,1,105730
2,105460,1,105663
1,105528,1,105595
0,105595,1,105866
1,105663,1,105866
2,105730,1,105866
3,105798,1,105866
1,105933,0
0,105933,0
3,105933,0
2,105972,0
0,106010,0
1,106049,0
2,106088,0
3,106126,0
1,106203,0
2,106237,0
0,106271,0
3,106339,0
1,106372,0
2,106406,0
0,106474,0
3,106474,0
2,106541,0
1,106609,0
0,106676,0
1,106744,0
0,106811,0
1,106879,0
0,106947,0
3,107014,1,107116
1,107048,1,107099
0,107082,0
2,107149,1,107251
3,107183,1,107234
0,107284,0
1,107284,0
3,107323,0
2,107362,0
1,107400,0
0,107439,0
2,107478,0
1,107516,0
0,107555,0
3,107555,0
2,107622,0
3,107690,0
2,107757,0
3,107825,1,107893
0,107893,1,107960
3,107960,1,108028
0,108028,1,108095
2,108095,0
3,108095,0
1,108134,0
0,108173,0
2,108211,0
3,108250,0
1,108288,0
2,108366,0
0,108399,1,108501
1,108433,1,108484
3,108501,0
3,108568,0
0,108636,0
1,108636,0
3,108703,0
1,108771,1,108872
2,108805,1,108855
0,108839,0
3,108906,0
2,108974,0
0,109041,0
3,109041,0
0,109109,0
2,109176,1,109278
3,109210,1,109261
0,109244,0
1,109311,0
0,109379,0
3,109447,0
2,109447,0
1,109485,0
0,109524,0
1,109562,0
2,109601,0
3,109640,0
2,109678,0
1,109717,1,109784
0,109717,1,109852
3,109784,1,110122
2,109852,1,110055
1,109920,1,109987
0,109987,1,110190
1,110055,1,110190
2,110122,1,110190
0,110257,0
2,110257,0
3,110257,0
1,110296,0
3,110335,0
2,110373,0
1,110412,0
0,110450,0
2,110528,0
1,110561,0
3,110595,0
0,110663,0
2,110697,0
1,110730,0
0,110798,0
3,110798,0
1,110866,0
2,110933,0
3,111001,0
2,111068,0
0,111068,0
3,111136,0
2,111203,0
3,111271,0
0,111339,0
1,111339,0
3,111406,0
1,111474,0
0,111541,0
2,111609,0
3,111609,0
2,111676,0
3,111676,0
1,111744,0
0,111744,0
0,111879,0
1,111879,0
3,111879,1,111947
2,111947,1,112014
3,112014,1,112082
0,112149,1,112217
3,112149,0
1,112217,1,112284
2,112217,0
0,112284,1,112352
3,112284,0
3,112420,0
2,112420,0
0,112420,0
1,112487,0
2,112555,0
3,112622,0
1,112622,0
2,112690,0
0,112690,0
1,112757,0
2,112825,0
3,112859,0
0,112893,0
1,112926,0
2,112960,0
1,113028,0
3,113095,0
2,113129,0
0,113163,0
1,113197,0
3,113230,0
0,113264,0
3,113298,0
0,113332,0
2,113366,0
3,113399,0
1,113433,0
0,113467,0
3,113501,0
2,113501,0
1,113636,0
2,113703,0
2,113839,0
1,113906,0
0,114041,0
3,114041,0
2,114109,0
0,114176,0
1,114244,0
0,114311,0
2,114311,1,114402
3,114311,1,114447
0,114379,1,114447
1,114424,1,114492
2,114469,1,114537
3,114514,1,114582
0,114582,1,114784
1,114582,1,114717
3,114649,1,114784
2,114717,1,114920
1,114784,1,114852
0,114852,0
3,114852,1,114987
0,114920,1,115055
1,114987,1,115055
3,115055,1,115190
2,115122,1,115190
1,115122,1,115325
0,115190,1,115325
2,115257,1,115393
3,115325,1,115595
1,115393,0
0,115393,0
1,115460,1,115528
0,115528,1,115663
1,115595,1,115663
3,115663,1,115866
2,115663,1,115798
0,115730,1,115866
1,115798,1,116001
2,115866,1,115933
3,115933,0
0,115933,1,116068
3,116001,1,116136
2,116068,1,116136
0,116136,1,116271
1,116203,1,116271
2,116203,1,116406
3,116271,1,116406
1,116339,1,116474
0,116406,1,116676
3,116474,1,116541
2,116474,1,116541
3,116609,1,116744
2,116609,1,116744
1,116744,1,116947
0,116744,1,116811
2,116879,1,116947
3,116947,1,117217
1,117014,0
2,117014,1,117149
1,117082,1,117217
0,117149,1,117217
0,117284,1,117487
3,117284,1,117420
2,117352,1,117420
1,117420,1,117555
2,117487,1,117622
0,117555,0
3,117555,1,117757
0,117622,1,117757
1,117690,1,117757
3,117825,1,117893
2,117825,1,118028
1,117960,1,118028
0,118028,1,118298
2,118095,0
1,118095,1,118230
2,118163,1,118298
3,118230,1,118298
0,118366,1,118501
3,118366,1,118501
1,118501,0
2,118534,0
1,118568,0
2,118602,0
0,118636,0
3,118636,0
1,118771,0
0,118805,0
2,118839,0
3,118872,0
0,118906,1,119041
1,118906,1,118974
3,118974,1,119041
2,119041,1,119176
0,119109,1,119311
1,119176,0
3,119176,1,119379
1,119244,1,119311
2,119311,1,119379
1,119379,1,119447
0,119447,1,119649
3,119447,1,119514
2,119514,1,119582
1,119582,1,119717
2,119649,1,119784
0,119717,0
3,119717,1,119920
0,119784,1,119852
1,119852,1,119987
0,119920,1,119987
3,119987,1,120122
2,119987,1,120055
0,120055,1,120122
1,120122,1,120257
3,120190,1,120393
2,120257,0
0,120257,1,120460
2,120325,1,120393
1,120393,1,120460
2,120460,1,120528
3,120528,1,120730
0,120528,1,120595
1,120595,1,120663
2,120663,1,120798
1,120730,1,120866
0,120798,1,121001
3,120798,1,120866
2,120933,1,121068
3,120933,1,121068
1,121068,0
0,121068,0
0,121136,1,121271
1,121136,1,121271
2,121203,1,121271
3,121203,1,121271
2,121339,1,121474
0,121339,0
3,121339,1,121541
0,121406,1,121541
1,121474,1,121541
0,121609,1,121811
3,121609,1,121811
2,121676,1,121744
1,121744,1,121879
2,121811,1,121947
0,121879,1,122014
3,121879,1,122014
1,122014,0
2,122048,0
1,122082,0
2,122116,0
3,122149,1,122352
0,122149,1,122352
2,122284,1,122420
1,122352,1,122555
0,122420,1,122622
3,122420,0
3,122487,1,122622
2,122555,1,122622
1,122690,1,122757
3,122690,1,122757
0,122690,1,122757
2,122825,0
3,122825,0
0,122825,0
2,122893,1,123028
3,122893,1,123028
0,122960,1,123028
1,122960,1,123028
2,123095,0
3,123129,0
1,123163,0
0,123197,0
3,123230,1,123433
2,123230,1,123366
0,123298,1,123433
1,123366,1,123568
2,123433,1,123501
3,123501,0
0,123501,1,123636
3,123568,1,123703
2,123636,1,123703
1,123703,1,123839
3,123771,1,123906
2,123771,1,123974
0,123839,1,123906
1,123906,1,124109
0,123974,1,124244
2,124041,0
3,124041,0
2,124109,1,124176
3,124176,1,124311
2,124244,1,124311
0,124311,1,124514
1,124311,1,124447
3,124379,1,124514
2,124447,1,124649
1,124514,1,124582
0,124582,0
3,124582,1,124717
0,124649,1,124784
1,124717,1,124784
2,124784,1,124920
1,124852,1,125055
0,124852,1,124987
3,124920,1,124987
2,124987,1,125190
3,125055,1,125325
1,125122,0
0,125122,0
1,125190,1,125257
0,125257,1,125393
1,125325,1,125393
2,125393,1,125528
3,125393,1,125663
0,125528,1,125595
1,125595,1,125798
2,125663,0
0,125663,1,125866
2,125730,1,125866
3,125798,1,125866
3,125933,1,126136
0,125933,1,126068
1,126001,1,126068
2,126068,1,126203
1,126136,1,126271
3,126203,0
0,126203,1,126406
3,126271,1,126406
2,126339,1,126406
0,126474,1,126744
1,126474,1,126609
3,126609,1,126676
2,126676,1,126879
1,126744,0
3,126744,1,126947
1,126811,1,126947
0,126879,1,126947
0,127014,1,127217
3,127014,1,127149
1,127082,1,127217
2,127149,1,127352
3,127217,1,127352
1,127284,1,127487
0,127284,1,127487
3,127420,1,127487
2,127420,1,127487
3,127555,0
0,127555,0
2,127555,0
1,127622,0
3,127690,0
0,127690,0
2,127757,0
1,127825,0
0,127825,0
3,127893,0
1,127960,0
2,127960,0
0,128028,0
2,128095,0
1,128095,0
3,128163,0
2,128230,0
0,128230,0
3,128298,0
1,128366,0
0,128366,0
2,128433,0
1,128433,0
3,128501,0
2,128501,0
0,128568,0
1,128636,0
3,128636,0
0,128703,0
1,128771,0
2,128771,0
3,128839,0
2,128906,0
1,128906,0
0,128974,0
2,129041,0
3,129041,0
1,129109,0
0,129176,0
3,129176,0
2,129244,0
0,129311,0
1,129345,0
2,129379,0
3,129413,0
0,129447,0
1,129447,0
3,129514,0
2,129514,0
0,129582,0
1,129616,0
2,129649,0
3,129683,0
0,129717,0
1,129717,0
2,129784,0
3,129784,0
1,129852,0
0,129886,0
2,129920,0
3,129953,0
1,129987,0
0,130004,0
1,130055,0
0,130072,0
2,130122,0
3,130139,0
2,130190,0
3,130207,0
0,130257,0
3,130325,0
1,130393,0
0,130426,0
3,130460,0
2,130494,0
1,130528,0
2,130595,0
1,130663,0
0,130685,0
3,130708,0
2,130730,0
1,130798,0
3,130798,1,131203
0,130798,1,131113
2,131068,0
1,131136,0
0,131203,1,131293
1,131248,1,131339
2,131293,1,131384
3,131339,1,131811
0,131406,0
1,131474,0
2,131541,1,131811
1,131609,1,131811
0,131676,1,131811
2,131879,0
3,131879,0
0,131918,0
1,131956,0
2,131995,0
3,132034,0
1,132072,0
2,132111,0
0,132149,1,132217
3,132217,1,132284
1,132284,0
0,132318,0
2,132352,0
3,132386,0
0,132420,1,132487
1,132420,1,133028
0,132555,1,132622
0,132690,1,132757
3,132690,1,133298
0,132825,1,132893
0,132960,1,133028
2,133095,1,133163
0,133095,1,133163
1,133095,0
0,133230,1,133433
2,133230,1,133433
1,133230,0
3,133366,1,133433
1,133501,1,133546
3,133501,1,133703
0,133523,1,133591
1,133636,0
0,133703,1,133839
2,133771,1,133839
3,133805,1,133839
2,133906,1,133974
1,133940,1,133974
2,134041,0
3,134041,0
1,134075,0
0,134109,0
2,134196,0
3,134234,0
0,134273,0
1,134311,0
2,134350,0
1,134389,0
0,134427,0
1,134466,0
2,134505,0
3,134543,0
1,134582,1,134920
0,134582,1,134649
0,134717,1,134784
0,134852,1,134920
3,134852,1,135325
1,134987,1,135055
0,134987,1,135595
2,134987,0
1,135122,1,135190
1,135257,1,135325
2,135393,1,135595
3,135393,1,135460
1,135393,0
3,135528,1,135595
3,135663,0
2,135663,0
1,135697,0
0,135730,0
1,135798,0
3,135798,0
2,135832,0
0,135933,0
1,136001,0
0,136068,0
3,136102,0
2,136136,0
1,136170,0
0,136203,0
3,136203,0
3,136271,1,136406
0,136474,0
3,136474,0
1,136474,0
2,136541,0
1,136609,0
1,136676,0
3,136744,0
0,136744,0
1,136811,0
2,136879,0
1,136947,0
3,137014,0
0,137014,0
2,137082,0
2,137149,0
1,137194,0
2,137239,0
0,137284,0
3,137284,0
1,137352,0
0,137420,0
3,137420,0
2,137465,0
1,137510,0
2,137555,0
3,137593,0
2,137632,0
1,137671,0
0,137709,0
2,137748,0
3,137786,0
0,137825,0
1,137825,0
2,137960,0
3,137994,0
0,138028,0
1,138061,0
2,138095,0
1,138163,1,138230
3,138230,1,138298
0,138230,1,138298
2,138298,1,138366
1,138366,0
0,138366,0
3,138366,0
1,138501,0
0,138501,0
1,138636,0
3,138636,0
2,138636,0
0,138771,0
1,138771,0
1,138906,0
0,138906,0
2,139041,0
1,139075,0
2,139109,0
1,139143,0
0,139176,0
3,139176,0
3,139311,0
2,139311,0
0,139379,0
3,139447,0
1,139447,0
2,139514,0
1,139582,0
3,139582,0
0,139582,0
2,139649,0
0,139717,0
3,139717,0
1,139852,1,139987
2,139920,1,139987
0,139987,1,140460
3,139987,1,140257
2,140257,0
2,140325,0
3,140393,0
3,140460,0
1,140528,0
0,140528,0
3,140566,0
2,140605,0
1,140644,0
0,140682,0
2,140721,0
1,140759,0
3,140798,1,140866
0,140866,1,140933
2,140933,0
3,140967,0
1,141001,0
0,141034,0
3,141068,1,141136
2,141068,1,141676
3,141203,1,141271
3,141339,1,141406
0,141339,1,141406
3,141474,1,141541
0,141474,1,141947
3,141609,1,141676
1,141744,1,141811
3,141744,1,141811
2,141744,0
1,141879,1,142082
3,141879,1,142082
0,142014,1,142082
3,142149,1,142194
0,142149,1,142352
2,142172,1,142239
3,142284,0
3,142352,1,142510
1,142420,1,142465
0,142442,1,142510
1,142555,1,142622
2,142589,1,142622
1,142690,0
0,142690,0
2,142724,0
3,142757,0
1,142825,0
2,142859,0
3,142893,0
1,142960,0
0,142999,0
2,143095,0
0,143129,0
1,143163,0
0,143197,0
2,143230,1,143568
3,143230,1,143298
3,143366,1,143433
3,143501,1,143568
0,143501,1,143974
2,143636,1,143703
3,143636,1,144109
1,143636,0
2,143771,1,143839
2,143906,1,143974
1,144041,1,144109
0,144041,1,144109
2,144041,0
1,144176,0
3,144210,0
2,144244,0
3,144278,0
0,144311,0
1,144311,0
1,144447,0
2,144447,0
2,144582,0
3,144582,0
0,144649,0
1,144649,0
3,144717,0
2,144717,0
1,144751,0
0,144751,0
2,144784,0
3,144784,0
1,144818,0
0,144818,0
3,144852,0
0,144987,0
1,144987,0
3,144987,0
1,145055,0
2,145122,0
3,145122,0
0,145122,0
0,145257,0
2,145257,0
1,145257,0
1,145528,0
2,145528,0
3,145528,0
0,145663,0
3,145663,0
2,145663,0
2,145730,0
1,145798,0
3,145933,0
2,145933,0
0,145933,0
0,146001,0
2,146068,0
3,146068,0
2,146136,0
3,146136,0
0,146203,0
1,146203,0
3,146339,0
0,146339,0
2,146339,0
3,146474,0
3,146541,0
0,146609,0
1,146609,0
1,146676,0
0,146676,0
2,146744,0
3,146744,0
0,146879,1,147014
2,147014,0
3,147014,1,147082
1,147014,0
2,147149,1,147217
3,147284,0
0,147284,1,147420
1,147318,1,147386
3,147420,1,147487
3,147555,1,147622
2,147690,1,147757
0,147825,0
3,147825,1,147960
2,147859,1,147926
0,147960,1,148028
3,148028,1,148095
0,148095,1,148163
2,148163,1,148230
0,148230,1,148366
2,148298,0
3,148366,1,148568
1,148433,0
2,148501,1,148568
0,148568,0
2,148636,1,148703
3,148636,1,148703
2,148771,1,148816
3,148771,1,148816
3,148906,1,148940
2,148974,1,149007
3,149041,1,149075
1,149109,0
3,149176,1,149447
0,149176,1,149244
2,149176,1,149379
1,149244,1,149311
0,149311,1,149379
2,149447,1,149582
0,149447,1,149514
1,149514,1,149582
0,149582,1,149649
3,149582,1,149852
1,149649,1,149717
2,149717,0
0,149717,1,149852
2,149852,1,149987
1,149852,1,149987
0,149987,1,150122
3,149987,1,150122
1,150122,1,150257
2,150122,1,150190
3,150257,1,150325
0,150257,1,150528
2,150325,1,150393
3,150393,1,150460
1,150528,1,150663
3,150528,1,150595
2,150595,1,150663
3,150663,1,150730
0,150663,1,151001
1,150798,0
3,150798,1,151136
2,150798,1,150866
2,150933,1,151001
1,150933,1,151001
0,151068,1,151271
1,151068,1,151271
3,151203,1,151271
0,151339,1,151541
3,151339,1,151609
2,151339,1,151406
2,151474,1,151609
1,151609,1,151654
0,151609,1,151744
2,151654,1,151699
3,151699,1,151744
1,151744,1,151879
2,151879,1,152014
0,151879,1,152014
3,151879,0
1,152014,1,152149
3,152014,1,152082
0,152149,1,152284
3,152149,1,152217
2,152217,1,152284
1,152284,1,152420
3,152284,1,152352
2,152420,1,152555
0,152420,1,152555
3,152555,1,152690
1,152555,1,152690
2,152690,1,152825
0,152690,1,152757
3,152825,1,152893
0,152825,1,152893
0,152960,0
3,152960,1,153028
1,152960,1,153028
3,153095,1,153230
1,153095,1,153230
0,153230,0
2,153230,0
0,153298,0
2,153298,0
1,153366,0
3,153366,0
0,153501,1,153771
3,153501,1,153568
1,153501,1,153703
2,153568,1,153636
3,153636,1,153703
1,153771,1,153839
3,153771,1,153906
2,153839,1,153906
1,153906,1,153974
0,153906,1,154244
2,153974,1,154041
1,154041,0
3,154041,1,154244
1,154176,1,154244
2,154176,1,154244
1,154311,1,154514
2,154311,1,154514
3,154447,1,154514
0,154447,1,154514
3,154582,1,154852
0,154582,1,154649
1,154649,1,154717
0,154717,1,154784
2,154852,1,154920
0,154852,1,154987
1,154920,1,154987
3,154987,1,155325
2,154987,1,155055
2,155122,0
1,155122,1,155190
0,155122,1,155190
1,155257,1,155460
0,155257,1,155460
2,155393,1,155595
3,155393,1,155595
0,155528,1,155595
0,155663,1,155866
3,155663,1,155866
2,155663,0
1,155730,1,155866
2,155798,1,155866
0,155933,0
1,155933,0
3,155933,0
0,156001,0
1,156001,0
2,156068,0
3,156068,0
1,156203,0
3,156203,1,156406
0,156203,1,156406
2,156271,1,156406
1,156339,1,156406
3,156474,1,156811
0,156474,1,156541
1,156609,1,156676
0,156609,1,156676
2,156609,1,156676
0,156744,1,156947
2,156879,1,156947
1,156879,1,156947
3,156879,1,156947
2,157014,0
3,157014,0
0,157014,0
2,157082,0
3,157082,0
0,157149,0
1,157149,0
3,157284,0
2,157284,0
0,157284,1,157420
1,157352,1,157453
3,157420,1,157487
0,157487,1,157555
2,157555,1,157656
3,157622,1,157757
0,157690,0
1,157724,0
0,157825,1,158095
3,157825,1,157893
1,157825,1,158028
2,157893,1,157960
3,157960,1,158028
1,158095,1,158230
3,158095,1,158163
2,158163,1,158230
3,158230,1,158298
0,158230,1,158501
2,158298,1,158366
1,158366,0
3,158366,1,158501
1,158501,1,158636
2,158501,1,158636
3,158636,1,158771
0,158636,1,158771
2,158771,1,158906
1,158771,1,158839
0,158906,1,158974
3,158906,1,159176
1,158974,1,159041
0,159041,1,159109
2,159176,1,159311
0,159176,1,159244
1,159244,1,159311
0,159311,1,159379
3,159311,1,159649
2,159447,0
1,159447,1,159514
0,159447,1,159784
1,159582,1,159649
2,159582,1,159649
3,159717,1,159920
2,159717,1,159920
0,159852,1,159920
3,159987,1,160190
0,159987,1,160257
1,159987,1,160055
1,160122,1,160257
3,160257,1,160393
2,160257,1,160302
1,160302,1,160348
0,160348,1,160393
2,160393,1,160528
1,160528,1,160663
3,160528,1,160663
0,160528,0
2,160663,1,160798
0,160663,1,160730
3,160798,1,160933
0,160798,1,160866
1,160866,1,160933
2,160933,1,161068
0,160933,1,161001
1,161068,1,161203
3,161068,1,161203
2,161203,1,161339
0,161203,1,161339
1,161339,1,161474
3,161339,1,161406
0,161474,1,161541
3,161474,1,161541
3,161609,0
0,161609,1,161676
2,161609,1,161676
0,161744,1,161879
2,161744,1,161879
3,161879,0
1,161879,0
3,161947,0
1,161947,0
2,162014,0
0,162014,0
0,162149,1,162487
1,162149,1,162217
3,162149,1,162352
2,162217,1,162622
1,162284,1,162487
3,162420,1,162622
0,162555,1,162622
1,162555,1,162622
2,162690,0
3,162690,0
1,162735,0
2,162780,0
0,162825,0
1,162825,0
0,162960,0
3,162960,0
2,163028,0
0,163095,0
3,163095,0
3,163230,1,163568
2,163230,1,163298
0,163230,1,163433
1,163298,1,163703
2,163366,1,163568
0,163501,1,163703
3,163636,1,163703
2,163636,1,163703
2,163771,0
3,163805,0
1,163839,0
0,163872,0
2,163906,0
3,163906,0
1,164041,0
2,164075,0
1,164109,0
2,164143,0
3,164176,0
0,164176,0
1,164311,1,164379
2,164311,1,164379
3,164311,1,164514
0,164311,1,164379
2,164447,1,164514
1,164447,1,164514
0,164447,1,164582
3,164582,1,164784
2,164582,1,164649
1,164627,1,164694
0,164672,1,164739
2,164717,1,164784
1,164852,1,164920
0,164852,1,165055
3,164852,1,164920
2,164852,1,164920
3,164987,1,165122
1,164987,1,165055
2,164987,1,165055
0,165122,1,165325
1,165122,1,165190
2,165167,1,165235
3,165212,1,165280
1,165257,1,165325
1,165393,1,165798
2,165393,1,165663
3,165393,1,165528
0,165393,1,165933
3,165798,1,166406
2,165933,1,166001
1,165978,1,166046
0,166023,1,166406
2,166203,1,166406
3,166474,0
0,166474,1,170798
1,166474,1,168636
0,172149,0
1,172284,0
0,172420,0
2,172555,0
1,172690,0
3,172825,0
2,172960,0
3,173095,0
0,173230,0
2,173366,0
1,173433,0
3,173501,0
1,173636,0
2,173771,0
0,173906,0
0,174041,1,174514
3,174109,0
1,174176,1,174514
3,174244,0
2,174311,1,174514
3,174447,1,174514
2,174582,0
1,174628,0
2,174674,0
1,174720,0
3,174767,1,174813
3,174859,1,174906
1,174952,0
0,174983,0
2,175014,0
1,175044,0
3,175075,0
2,175106,0
0,175137,1,175261
1,175322,0
0,175322,0
3,175322,0
2,175322,0
0,175507,0
2,175599,0
1,175692,0
2,175784,0
0,175877,0
0,176062,0
1,176062,0
2,176155,0
3,176247,0
1,176340,0
3,176433,0
0,176433,0
0,176618,0
2,176803,0
3,176803,0
0,176896,0
3,176988,0
1,177081,0
2,177173,0
1,177266,0
3,177359,0
2,177544,0
3,177544,0
1,177636,0
0,177729,0
3,177729,0
2,177914,1,178099
1,177914,0
3,178099,1,178192
3,178284,0
0,178284,1,178655
3,178470,0
1,178562,0
2,178655,1,178840
1,178747,0
1,178840,1,179025
2,178933,0
3,179025,1,179396
0,179025,0
2,179118,0
0,179210,0
1,179396,1,179581
2,179396,0
0,179581,1,179673
3,179581,0
2,179673,0
3,179766,1,180136
0,179766,0
0,179951,0
1,180044,0
0,180136,0
2,180322,0
3,180322,0
2,180414,0
3,180414,0
3,180507,0
0,180507,1,180784
1,180553,1,180646
2,180599,1,180692
3,180646,1,180923
1,180738,1,180831
2,180784,1,180877
0,180877,1,180947
1,180923,1,181085
2,180970,1,181039
0,181016,1,181132
3,181062,1,181132
2,181109,1,181271
1,181155,1,181224
3,181201,1,181317
0,181247,1,181433
1,181433,1,181525
1,181618,1,181803
3,181618,0
0,181803,1,181896
3,181988,1,182173
0,181988,0
2,182173,1,182266
1,182266,0
0,182266,0
3,182359,0
2,182359,1,182544
0,182544,1,182636
3,182544,1,182636
0,182729,1,182914
2,182729,0
3,182729,1,183007
1,182914,1,183007
2,183099,1,183284
0,183099,1,183377
3,183284,1,183377
3,183470,1,183747
0,183470,1,183747
2,183470,0
2,183562,0
1,183655,1,183747
2,183747,0
1,183840,1,184025
0,183840,1,183933
3,183840,1,183933
2,183933,1,184118
3,184025,1,184118
0,184025,1,184118
0,184210,0
1,184210,0
3,184210,0
1,184303,0
2,184303,0
2,184396,0
3,184396,0
0,184488,0
1,184488,0
0,184581,0
3,184581,0
2,184673,0
3,184673,0
0,184766,0
1,184766,0
1,184859,0
2,184859,0
2,184951,0
3,184951,0
0,184997,0
1,185044,0
2,185090,0
0,185136,0
3,185136,0
1,185229,0
0,185229,0
3,185322,0
2,185322,0
1,185368,0
0,185414,0
3,185414,0
2,185460,0
0,185507,0
1,185507,0
2,185599,0
3,185599,0
0,185692,0
1,185692,0
3,185692,1,185784
2,185784,1,185877
1,185877,1,185970
2,185970,1,186062
3,186062,1,186340
2,186155,1,186340
1,186247,1,186340
0,186340,0
2,186433,0
3,186433,0
0,186525,0
3,186618,1,186710
0,186710,0
3,186803,1,187081
2,186849,1,186942
0,186896,0
1,186988,0
0,187081,0
0,187173,0
2,187173,0
3,187173,0
1,187266,0
0,187297,0
2,187328,0
1,187359,0
0,187389,0
3,187420,0
2,187451,0
1,187482,0
0,187513,0
3,187822,0
3,188007,0
3,188192,0
3,188331,0
3,188470,1,188516
3,188562,1,188609
0,188655,0
2,188701,0
1,188747,0
2,188794,0
0,188840,0
0,188933,1,189025
3,189025,0
1,189072,0
2,189118,0
1,189164,0
3,189210,0
3,189303,1,189396
0,189396,0
0,189488,0
3,189581,0
3,189673,0
0,189766,1,190075
3,189766,1,190075
1,189797,1,190044
2,189828,1,190013
0,190136,0
1,190136,0
3,190177,0
2,190219,0
1,190260,0
0,190301,0
1,190342,0
2,190383,0
1,190424,0
0,190466,0
3,190507,0
2,190553,0
3,190599,0
0,190692,0
1,190738,0
0,190784,0
1,190877,0
3,190877,0
2,190877,0
3,190970,0
3,191062,0
3,191155,0
1,191247,0
1,191340,0
1,191433,0
1,191525,0
0,191618,0
3,191618,0
3,191710,0
1,191803,0
2,191849,0
0,191896,0
3,191988,0
1,192034,0
2,192081,0
0,192173,0
3,192173,0
2,192220,0
1,192266,0
2,192312,0
0,192359,0
1,192359,0
3,192359,0
2,192451,1,192497
3,192474,1,192521
1,192544,1,192590
2,192567,1,192613
0,192636,1,192683
1,192659,1,192706
3,192729,0
2,192775,0
1,192822,0
0,192868,0
2,192914,0
3,192914,0
2,193007,0
3,193007,0
0,193099,0
1,193099,0
3,193099,0
0,193192,0
2,193284,0
1,193284,0
3,193377,0
1,193377,0
2,193470,0
0,193470,0
3,193470,0
2,193562,0
1,193655,0
3,193655,0
1,193747,0
0,193747,0
0,193840,0
3,193840,0
2,193840,0
3,193933,0
1,194025,0
2,194025,0
2,194118,0
0,194118,0
0,194210,0
1,194210,0
3,194210,0
1,194303,0
0,194396,0
2,194396,0
2,194488,0
3,194488,0
1,194534,0
0,194581,0
3,194581,0
1,194673,0
2,194766,0
1,194766,0
2,194859,0
0,194951,0
3,194951,0
2,194997,0
1,195044,0
0,195090,0
2,195136,0
1,195183,0
3,195229,0
3,195322,0
0,195322,0
1,195368,0
2,195414,0
1,195460,0
2,195507,0
3,195553,0
1,195599,0
0,195599,0
0,195692,0
3,195692,0
2,195733,0
1,195774,0
2,195815,0
3,195856,0
2,195898,0
1,195939,0
0,195980,0
0,196062,0
3,196062,0
1,196103,0
2,196145,0
0,196186,0
2,196227,0
1,196268,0
3,196309,0
1,196350,0
2,196391,0
3,196433,0
0,196433,0
1,196525,0
2,196572,0
0,196618,0
3,196710,1,196772
1,196803,0
0,196803,0
3,196849,0
2,196849,0
0,196896,0
1,196926,0
2,196957,0
1,197019,0
0,197081,0
2,197173,0
3,197266,0
0,197266,0
2,197297,0
1,197328,0
2,197389,0
3,197451,0
0,197544,0
1,197544,0
3,197590,0
0,197636,0
2,197636,0
1,197667,0
3,197698,0
0,197760,0
3,197822,0
1,197822,0
2,197852,0
0,197883,0
3,197945,0
0,198007,0
2,198099,0
3,198099,0
2,198192,0
3,198192,0
1,198284,0
0,198284,0
3,198284,0
2,198331,0
1,198377,0
2,198423,0
0,198470,0
3,198470,0
3,198562,0
2,198562,0
0,198562,0
1,198609,0
2,198655,0
1,198701,0
3,198747,0
0,198747,0
0,198840,1,198886
1,198840,1,198886
2,198933,1,198979
3,198933,1,198979
0,199025,0
1,199025,0
3,199025,1,199303
0,199118,1,199210
2,199210,1,199303
1,199210,0
0,199303,1,199488
2,199396,0
1,199396,1,199488
3,199396,0
3,199488,1,199673
2,199488,1,199673
0,199581,1,199766
1,199581,1,199673
2,199766,1,199859
1,199766,0
3,199766,1,199951
1,199859,1,200044
0,199859,1,200044
2,199951,1,200136
3,200044,1,200136
0,200136,1,200229
1,200136,1,200229
3,200229,1,200414
1,200322,0
0,200322,0
1,200414,0
0,200414,0
3,200507,0
0,200507,1,200784
2,200507,0
3,200599,1,200692
1,200692,1,200784
2,200692,0
3,200784,1,200970
0,200877,1,200970
2,200877,0
1,200877,0
2,200970,1,201155
1,200970,1,201155
0,201062,1,201155
3,201062,1,201155
1,201247,1,201340
3,201247,1,201340
2,201247,1,201340
0,201247,1,201340
2,201433,1,201479
3,201433,1,201479
0,201433,1,201479
2,201525,1,201572
3,201525,1,201572
0,201525,1,201572
0,201618,1,201710
3,201618,1,201896
2,201618,1,201896
1,201710,1,201803
0,201803,1,201896
0,201988,1,202173
2,201988,0
3,201988,1,202034
3,202081,1,202127
2,202127,1,202173
1,202173,1,202220
2,202220,1,202266
1,202266,1,202312
0,202312,1,202359
2,202359,0
3,202359,0
1,202451,0
1,202544,0
0,202590,0
3,202636,0
0,202729,0
3,202729,0
2,202822,0
0,202914,1,202960
3,202960,1,203007
0,203007,1,203053
1,203053,1,203099
3,203099,1,203146
2,203099,0
0,203146,1,203192
3,203192,1,203238
2,203238,1,203284
0,203284,1,203331
1,203331,1,203377
2,203377,1,203423
3,203423,1,203470
0,203470,0
1,203470,0
2,203562,0
2,203655,0
3,203701,0
0,203747,0
3,203840,0
0,203840,0
1,203933,0
1,204025,0
0,204072,0
3,204118,0
3,204210,0
0,204210,0
1,204257,0
2,204303,0
1,204396,0
0,204396,0
3,204442,0
2,204442,0
1,204488,0
0,204488,0
2,204534,0
3,204534,0
0,204581,0
1,204581,0
2,204673,0
3,204673,0
1,204766,0
0,204766,0
1,204859,0
2,204859,0
0,204951,0
3,204951,0
2,204951,0
0,205044,0
1,205136,1,205229
2,205183,1,205229
3,205229,0
0,205322,0
1,205322,0
0,205414,1,205507
2,205460,1,205507
3,205507,1,205599
1,205553,1,205599
0,205599,0
2,205692,0
3,205692,0
0,205784,1,205877
1,205831,1,205877
3,205877,0
1,205970,1,206062
2,206016,1,206062
0,206062,0
3,206062,0
1,206155,0
2,206247,1,206340
3,206294,1,206340
1,206340,0
0,206433,0
3,206433,0
3,206525,1,206618
1,206572,1,206618
0,206618,1,206710
2,206664,1,206710
3,206710,0
0,206803,0
1,206803,0
3,206896,1,206988
2,206942,1,206988
0,206988,0
1,206988,0
1,207081,0
2,207081,0
2,207173,0
3,207173,0
1,207266,1,207359
0,207312,1,207359
3,207359,0
2,207359,0
0,207451,0
2,207544,1,207729
1,207636,1,207683
0,207729,0
3,207729,0
2,207822,0
0,207914,1,208192
1,207914,0
3,207914,1,208192
2,208099,1,208192
0,208284,1,208562
2,208284,0
3,208284,0
1,208470,0
2,208516,0
3,208562,0
2,208609,0
0,208655,1,208840
1,208655,0
3,208747,0
3,208840,0
0,208933,0
3,208933,0
2,208933,0
0,209025,1,209118
1,209118,0
0,209210,0
3,209210,0
2,209257,0
1,209303,0
0,209349,0
3,209396,1,209673
2,209396,0
0,209581,0
1,209581,0
0,209673,0
0,209766,0
3,209766,1,210044
1,209766,0
2,209951,0
1,209997,0
0,210044,0
1,210090,0
2,210136,0
3,210136,1,210322
0,210322,0
1,210322,0
2,210368,0
3,210414,0
0,210414,0
1,210460,0
2,210507,0
3,210507,1,210599
0,210599,0
0,210692,0
3,210692,0
1,210692,0
0,210784,0
3,210784,0
1,210784,0
3,210877,1,211247
2,210900,1,211224
1,210923,1,211201
0,210947,1,211178
0,211247,1,211363
1,211271,1,211456
2,211294,1,211572
3,211317,1,211548
0,211433,1,211618
1,211525,1,211595
3,211618,1,211734
2,211641,1,211872
1,211664,1,211849
0,211687,1,211826
3,211803,1,211896
0,211896,1,212011
1,211919,1,212150
2,211942,1,212127
3,211965,1,212104
0,212081,1,212173
2,212173,0
1,212220,0
2,212266,0
1,212312,0
3,212359,1,212474
2,212382,1,212567
1,212405,1,212683
0,212428,1,212659
3,212544,1,212729
2,212636,1,212706
0,212729,1,212822
1,212752,1,212845
2,212775,1,212868
3,212798,1,212891
0,212914,0
1,212914,0
0,213007,0
1,213007,0
0,213099,0
1,213099,0
3,213146,0
2,213192,0
1,213238,0
0,213284,0
1,213331,0
2,213377,0
3,213423,0
2,213470,0
1,213516,0
0,213562,1,213747
3,213840,1,214118
0,213840,0
1,213840,0
0,213933,0
1,214118,0
2,214210,1,214488
0,214396,0
3,214396,1,214488
0,214581,1,214673
2,214581,1,214859
3,214581,1,215229
1,214673,1,215599
0,214766,1,214859
0,214951,1,215044
2,214951,1,216340
0,215136,1,215229
3,215322,1,215414
0,215322,1,215784
3,215507,1,215599
1,215692,1,215970
3,215692,1,215784
0,215877,1,215970
3,215877,1,215970
1,216062,1,216155
0,216062,1,216155
3,216062,1,216247
0,216247,1,216433
1,216247,1,216340
3,216340,1,216525
1,216433,1,216710
2,216433,1,216525
0,216525,1,216710
3,216618,1,216710
2,216618,1,216710
2,216803,0
3,216803,0
0,216844,0
1,216885,0
2,216926,0
3,216968,0
2,217009,0
1,217050,0
2,217091,0
3,217132,0
1,217173,0
0,217197,0
1,217266,0
0,217289,0
2,217359,0
3,217382,0
0,217451,1,217497
2,217544,0
3,217544,0
0,217590,0
1,217636,0
0,217683,0
3,217729,0
1,217752,0
3,217822,0
1,217845,0
3,217914,1,217960
0,218007,0
2,218030,0
0,218099,0
2,218122,0
0,218192,1,218238
2,218284,0
3,218308,0
2,218377,0
3,218400,0
1,218470,0
0,218493,0
1,218562,0
0,218585,0
2,218655,0
3,218655,0
1,218696,0
0,218737,0
2,218778,0
0,218819,0
3,218861,0
1,218902,0
3,218943,0
2,218984,0
0,219025,0
1,219025,0
2,219118,0
3,219141,0
1,219210,0
2,219234,0
0,219303,0
1,219326,0
3,219396,0
2,219437,0
1,219478,0
0,219519,0
3,219560,0
2,219601,0
1,219642,0
3,219684,0
2,219725,0
0,219766,1,220044
3,219766,0
3,219951,0
3,220044,0
1,220136,1,220414
2,220183,0
3,220229,0
0,220322,1,220414
2,220322,0
3,220414,0
3,220507,1,220599
1,220507,1,220784
0,220507,1,221155
2,220599,1,221525
3,220692,1,220784
3,220877,1,220970
1,220877,1,222081
3,221062,1,221155
0,221247,1,221340
3,221247,1,221710
0,221433,1,221525
2,221618,1,221896
0,221618,1,221710
3,221803,1,221896
0,221803,1,221896
2,221988,0
3,221988,0
0,221988,1,222081
2,222081,1,222173
3,222081,1,222173
1,222173,1,222266
3,222266,1,222451
2,222266,1,222451
0,222359,1,222451
0,222544,1,222636
3,222544,1,222636
1,222544,1,222636
1,222729,0
0,222729,0
3,222770,0
2,222811,0
1,222852,0
0,222894,0
1,222935,0
2,222976,0
1,223017,0
0,223058,0
2,223099,0
3,223146,0
1,223192,0
2,223284,0
0,223331,0
1,223377,0
3,223470,0
2,223470,0
1,223516,0
0,223516,0
3,223562,0
0,223609,0
2,223655,0
3,223701,0
1,223747,0
0,223794,0
3,223840,0
2,223840,0
0,223933,0
0,224025,0
0,224118,0
0,224210,0
2,224303,0
2,224396,0
2,224488,0
0,224581,0
2,224581,0
0,224673,0
1,224720,0
0,224766,0
0,224859,0
3,224951,0
2,224951,0
0,224997,0
1,224997,0
3,225044,1,225136
0,225136,1,225229
1,225183,1,225322
2,225229,1,225414
3,225322,1,225507
0,225322,1,225507
1,225414,1,225599
2,225507,1,225646
3,225599,1,225692
1,225692,0
0,225692,1,225970
3,225877,0
2,225970,0
3,226062,1,226340
0,226062,0
0,226247,1,226340
1,226247,0
0,226433,1,226525
2,226433,1,226710
3,226433,1,227081
1,226525,1,227451
0,226618,1,226710
0,226803,1,226896
2,226803,1,228007
0,226988,1,227081
3,227173,1,227266
0,227173,1,227636
3,227359,1,227451
1,227544,1,227822
3,227544,1,227636
0,227729,1,227822
3,227729,1,227822
0,227914,1,228099
1,227914,1,228007
3,227914,1,228284
1,228099,1,228192
2,228099,1,228192
0,228192,1,228562
1,228284,1,228377
2,228284,1,228377
3,228377,1,228562
2,228470,1,228562
1,228470,1,228562
0,228655,1,228747
2,228655,1,229118
3,228655,1,228933
1,228655,1,228747
1,228840,1,229303
0,228840,1,228933
0,229025,1,229303
3,229025,1,229118
3,229210,1,229303
2,229210,1,229303
0,229396,1,229488
3,229396,1,229627
1,229442,1,229534
2,229488,1,229581
0,229581,1,229859
1,229627,1,229697
2,229673,1,229766
3,229720,1,229859
1,229766,1,229951
2,229859,1,230229
3,229951,1,230044
0,229951,1,230044
1,230044,1,230414
0,230136,1,230322
3,230136,1,230322
2,230322,1,230599
0,230414,1,230692
3,230414,1,230599
1,230507,1,230692
3,230692,1,230784
2,230692,1,230784
0,230784,0
1,230784,0
2,230877,1,230970
0,230877,1,231155
3,230877,1,231155
1,230877,1,230970
1,231062,1,231340
2,231062,1,231340
3,231247,1,231525
0,231247,1,231525
1,231433,1,231525
2,231433,1,231525
0,231618,1,232081
1,231618,1,231896
2,231618,1,232328
3,231618,1,232081
1,231988,1,232389
0,232173,1,232451
3,232173,1,232266
3,232359,1,232729
2,232420,1,232667
1,232482,1,232605
0,232544,0
0,232729,1,232791
0,232914,1,233377
1,232914,1,233747
2,232914,1,233007
3,232914,1,233377
2,233099,1,233562
0,233470,1,233747
3,233470,1,233562
3,233655,0
2,233655,0
3,233747,0
2,233747,0
3,233840,0
2,233840,0
0,233840,1,234164
1,233933,1,234164
2,234025,1,234164
3,234118,1,234164
3,234210,1,234534
2,234303,1,234534
1,234396,1,234534
0,234488,1,234534
0,234581,1,237451
1,234581,1,237451
2,234581,1,234673
3,234581,1,234673
3,235414,0
3,235599,0
3,235831,0
3,236062,1,237451
0,237544,0
3,237544,0
2,237544,0
1,237544,0
0,241598,0
2,241733,0
0,241868,0
3,242003,0
1,242138,0
3,242273,0
0,242408,0
3,242544,0
1,242679,0
2,242814,0
0,242949,0
1,243152,0
0,243354,0
2,243523,0
1,243726,0
3,243895,0
2,244030,0
3,244165,0
1,244300,0
2,244435,0
0,244537,0
1,244638,0
0,244739,0
2,244807,0
1,244908,0
3,244976,0
2,245077,0
3,245179,0
1,245246,0
2,245314,0
0,245381,0
1,245449,0
0,245516,0
2,245584,0
3,245652,1,245787
1,245719,1,245854
0,245787,0
3,245854,1,245922
1,245922,0
1,245989,0
2,246057,0
3,246091,0
1,246125,0
0,246158,0
3,246192,0
1,246327,0
0,246395,0
2,246462,0
2,246598,0
0,247003,0
1,247138,0
3,248084,0
1,248354,0
2,249165,0
0,249300,0
3,249435,1,249503
2,249976,0
0,250010,0
3,250044,0
3,250516,0
2,250652,0
1,250787,0
0,251327,0
1,251462,0
0,252408,0
3,252679,0
1,252949,0
2,253084,0
0,253489,0
3,253625,0
0,253760,1,253827
1,254300,0
3,254334,0
0,254368,0
0,254841,0
2,254908,0
0,254976,0
2,255043,0
0,255111,0
2,255179,0
0,255246,0
2,255314,0
0,255381,0
2,255449,0
0,255516,0
2,255584,0
1,255652,0
2,255719,0
0,255787,0
2,255854,0
0,255922,0
2,255989,0
0,256057,0
2,256125,0
0,256192,0
2,256260,0
0,256327,0
2,256395,0
0,256462,0
3,256733,0
1,257003,0
2,257071,0
1,257138,0
2,257206,0
1,257273,0
2,257341,0
1,257408,0
2,257476,0
1,257543,0
2,257611,0
1,257679,0
2,257746,0
0,257814,0
2,257881,0
1,257949,0
2,258016,0
1,258084,0
3,258084,0
2,258152,0
1,258219,0
2,258287,0
1,258354,0
2,258422,0
1,258489,0
2,258557,0
3,258625,0
1,258692,0
3,258760,0
1,258827,0
3,258895,0
1,258962,0
3,259030,0
1,259098,0
0,259165,0
2,259233,0
0,259300,0
2,259368,0
0,259435,0
2,259503,0
0,259571,0
2,259638,0
0,259706,0
2,259773,0
0,259841,0
2,259908,0
0,259976,0
2,260043,0
1,260111,0
2,260179,0
0,260246,0
2,260314,0
0,260381,0
2,260449,0
0,260516,0
2,260584,0
0,260652,0
2,260719,0
0,260787,0
3,260787,0
3,261327,0
1,261395,0
3,261462,0
1,261530,0
3,261598,0
1,261665,0
3,261733,0
1,261800,0
3,261868,0
1,261935,1,262003
0,262003,1,262071
1,262071,1,262138
2,262138,1,262206
3,262206,1,262273
2,262273,1,262341
0,262341,0
3,262408,0
1,262453,0
3,262498,0
2,262544,0
0,262589,0
2,262634,0
1,262679,0
3,262724,0
1,262769,0
0,262814,0
2,262859,0
0,262904,0
3,262949,1,263219
0,263219,0
1,263287,0
0,263354,0
1,263422,0
2,263489,0
0,263489,0
3,263489,0
0,263625,0
3,263760,0
2,263895,0
1,263929,0
0,264030,0
2,264075,0
3,264120,0
0,264300,0
1,264300,0
2,264435,0
3,264571,0
0,264571,0
2,264706,0
0,264841,0
1,264976,0
2,265010,0
2,265111,0
3,265111,0
1,265156,0
0,265201,0
0,265381,0
2,265516,0
3,265652,0
0,265652,0
1,265787,0
0,265922,0
3,266057,0
1,266091,0
1,266192,0
2,266237,0
0,266282,0
3,266462,0
2,266462,0
3,266598,0
0,266733,0
3,266733,0
1,266733,0
0,266868,0
3,267003,0
2,267003,0
0,267003,0
3,267138,0
1,267273,0
0,267273,0
0,267408,0
1,267442,0
2,267543,0
1,267589,0
3,267634,0
0,267814,0
2,267814,0
1,267814,0
3,267949,0
0,268084,0
3,268219,0
2,268253,0
2,268354,0
1,268399,0
0,268444,0
3,268625,0
0,268625,0
2,268760,0
1,268895,0
3,268895,0
0,269030,0
3,269165,0
0,269300,0
1,269334,0
0,269435,0
1,269435,0
2,269480,0
3,269525,0
0,269706,0
2,269841,0
3,269976,0
0,269976,0
1,270111,0
2,270246,0
1,270280,0
3,270381,0
0,270516,0
2,270562,0
3,270607,0
1,270787,0
2,270787,0
1,270922,0
0,271057,0
2,271057,0
1,271057,0
2,271192,0
1,271327,0
3,271327,0
2,271327,0
1,271462,0
3,271598,0
2,271598,0
1,271643,0
0,271688,0
3,271868,0
2,272003,0
1,272138,0
0,272138,0
3,272138,0
3,272273,0
0,272408,0
1,272543,0
2,272577,0
3,272679,0
1,272724,0
0,272769,0
3,272949,0
2,272949,0
1,273084,0
0,273219,0
3,273219,0
1,273354,0
3,273489,0
2,273625,0
1,273658,0
1,273760,0
0,273760,0
2,273805,0
3,273850,0
3,274030,0
1,274165,0
0,274300,0
3,274300,0
2,274435,0
3,274571,0
0,274706,0
2,274739,0
2,274841,0
1,274886,0
3,274931,0
0,275111,0
1,275111,0
0,275246,0
0,275381,0
3,275381,0
2,275381,0
3,275516,0
0,275652,0
1,275652,0
3,275652,0
0,275787,0
1,275821,0
2,275922,0
3,275922,0
1,275967,0
0,276012,0
3,276192,0
0,276327,0
3,276462,0
1,276462,0
2,276462,0
0,276598,0
3,276733,0
0,276868,0
1,276902,0
1,277003,0
2,277048,0
3,277093,0
0,277273,0
3,277273,0
1,277408,0
2,277543,0
0,277543,0
3,277679,0
0,277814,0
3,277949,0
2,277983,0
3,278084,0
2,278084,0
1,278129,0
0,278174,0
3,278354,0
1,278489,0
0,278625,0
3,278625,1,280719
0,278760,0
0,278895,0
0,279165,0
2,279165,1,280719
0,279300,0
0,279435,0
0,279706,0
1,279706,1,280719
0,279976,0
0,280111,0
0,280246,1,280719
2,280787,0
0,280787,1,282408
3,280787,1,280989
1,280922,0
2,281057,0
3,281192,1,281327
2,281327,1,281372
3,281372,1,281417
1,281417,1,281598
3,281598,0
2,281598,0
3,281733,0
1,281868,0
2,281868,1,282071
3,282003,0
1,282138,0
2,282273,1,282408
3,282408,1,282949
1,282453,1,282498
0,282498,1,282814
1,282679,0
2,282814,0
1,282949,1,284571
0,282949,1,283152
3,283084,0
0,283219,1,283354
3,283354,1,283489
2,283489,1,283534
3,283534,1,283580
0,283580,1,283760
2,283760,0
3,283760,0
2,283895,0
0,284030,0
3,284030,1,284233
2,284165,0
0,284300,1,284435
3,284300,0
3,284435,1,284571
0,284571,1,285111
2,284616,1,284661
3,284661,1,284976
2,284841,0
1,284976,0
2,285111,1,288354
3,285111,1,285314
0,285246,0
3,285381,1,285516
0,285516,1,285652
1,285652,1,285697
0,285697,1,285742
3,285742,1,285922
1,285922,0
0,285922,0
1,286057,0
3,286192,0
0,286192,1,286395
1,286327,0
3,286462,1,286598
0,286598,1,286733
1,286733,1,286778
0,286778,1,286823
3,286823,1,287003
0,287003,1,287138
1,287138,1,287273
3,287273,1,287476
0,287273,0
0,287408,0
0,287543,1,287746
3,287679,0
0,287814,1,287859
1,287859,1,287904
3,287904,1,288084
0,288084,0
1,288084,0
3,288219,1,288354
0,288219,0
1,288354,0
0,288354,1,288557
1,288489,1,288557
3,288625,1,288827
2,288625,0
2,288760,1,288827
0,288895,1,289368
3,288895,1,288962
1,288962,1,289030
2,289030,1,289098
3,289165,1,289233
2,289300,1,289368
3,289435,1,291057
0,289435,1,289638
1,289435,0
2,289571,0
1,289706,0
0,289841,1,289976
1,289976,1,290021
0,290021,1,290066
2,290066,1,290246
0,290246,0
1,290246,0
0,290381,0
2,290516,0
1,290516,1,290719
0,290652,0
2,290787,0
1,290922,1,291057
0,291057,1,291598
2,291102,1,291147
3,291147,1,291327
2,291327,0
1,291462,0
2,291598,1,293219
3,291598,1,291800
0,291733,0
3,291868,1,292003
0,292003,1,292138
1,292138,1,292183
0,292183,1,292228
3,292228,1,292408
1,292408,0
0,292408,0
1,292543,0
3,292679,0
0,292679,1,292881
1,292814,0
3,292949,1,293084
0,292949,0
0,293084,1,293219
3,293219,1,293760
1,293264,1,293309
0,293309,1,293489
1,293489,0
2,293625,0
1,293760,1,295652
0,293760,1,293962
3,293895,1,294030
0,294030,1,294165
3,294165,1,294300
2,294300,1,294345
3,294345,1,294390
0,294402,1,294706
2,294571,0
3,294571,1,294706
2,294706,1,294976
0,294841,0
3,294841,1,294976
0,294976,1,295246
3,295111,1,295381
2,295246,0
0,295381,1,296665
2,295426,1,295471
3,295471,1,295787
2,295652,1,295787
1,295787,1,296395
3,295922,1,295989
2,295922,1,296125
3,296057,1,296935
2,296192,1,296260
2,296327,1,296935
1,296462,1,296530
1,296598,1,296935
0,296733,1,296800
0,296868,1,296935
3,297003,1,297071
2,297003,1,297206
1,297003,1,297476
0,297003,1,297746
3,297138,1,297206
2,297273,1,297341
2,297408,1,297476
3,297476,0
1,297543,1,297611
1,297679,1,297746
3,297679,0
3,297814,0
0,297814,1,297881
2,297881,0
3,297949,0
0,297949,1,298016
2,298016,0
3,298084,0
0,298084,0
1,298084,0
3,298354,0
2,298489,0
3,298625,0
3,298895,0
2,299030,0
1,299165,0
2,299435,0
3,299571,0
2,299706,0
1,299976,0
2,300111,0
0,300246,0
3,300246,1,300381
1,300516,1,300652
3,300652,1,300719
2,300787,1,300922
3,301057,1,301192
1,301192,1,301260
3,301327,1,301462
0,301598,1,301733
1,301733,1,301800
0,301868,1,302003
2,302003,1,302071
0,302138,1,302273
3,302273,1,302341
0,302408,1,302679
1,302408,0
1,302679,1,302814
3,302814,1,303084
1,302949,1,303219
0,303219,1,303489
1,303354,1,303489
3,303489,1,303760
2,303760,1,303895
0,303895,1,304165
2,304030,1,304300
3,304300,1,304571
2,304435,1,304571
1,304571,1,304773
0,304571,1,304908
1,304841,1,305043
0,304976,1,305043
2,305111,1,305314
3,305111,1,305449
2,305381,1,305584
3,305516,1,305584
1,305516,1,305584
0,305516,1,305584
2,305652,0
3,305652,0
0,305652,0
1,305690,0
2,305729,0
3,305767,0
2,305806,0
1,305845,0
0,305883,0
1,305922,0
2,305960,0
3,305999,0
0,306057,0
1,306057,0
3,306115,0
2,306154,0
1,306192,0
0,306231,0
0,306327,0
2,306327,0
3,306327,0
2,306395,0
0,306462,1,306665
1,306462,1,306665
3,306462,1,306665
0,306733,0
3,306733,0
1,306733,0
2,306800,0
0,306868,0
2,306935,0
0,307003,0
2,307071,0
0,307138,0
2,307206,0
0,307273,0
2,307341,0
0,307408,0
2,307476,0
0,307543,0
2,307611,0
0,307679,0
2,307746,0
3,307814,0
1,307881,0
3,307949,0
1,308016,0
3,308084,0
1,308152,0
3,308219,0
1,308287,0
3,308354,0
1,308422,0
3,308489,0
1,308557,0
3,308625,1,308760
2,308658,1,308726
0,308760,0
2,308895,0
1,308895,0
3,308895,0
0,308962,0
1,309030,0
0,309098,0
1,309165,0
2,309165,0
3,309233,0
2,309300,0
3,309368,0
1,309435,0
2,309435,0
0,309503,0
1,309571,0
0,309638,0
1,309706,0
2,309706,0
3,309773,0
2,309841,0
3,309908,0
1,309976,0
2,309976,0
0,310043,0
1,310111,0
0,310179,0
2,310246,0
1,310246,0
2,310314,0
3,310381,0
0,310449,0
2,310516,0
1,310516,0
1,310584,0
2,310652,0
1,310719,0
3,310787,1,310854
2,310854,1,310922
3,310922,1,311057
2,310989,1,311057
0,311057,0
1,311057,0
0,311125,0
1,311125,0
3,311192,0
2,311192,0
1,311260,0
0,311260,0
3,311327,0
0,311395,0
1,311462,0
0,311530,0
3,311598,0
2,311598,0
2,311665,0
3,311665,0
1,311733,0
0,311733,0
3,311800,0
2,311800,0
1,311868,0
2,311935,0
1,312003,0
2,312071,0
1,312138,0
0,312138,0
0,312206,0
1,312206,0
3,312273,0
2,312273,0
1,312341,0
0,312341,0
3,312408,0
2,312453,0
3,312498,0
0,312543,0
0,312611,0
2,312679,0
3,312679,0
3,312746,0
2,312746,0
0,312814,0
1,312814,0
2,312881,0
3,312881,0
0,312949,1,313016
2,313016,1,313084
1,313084,1,313152
3,313152,1,313219
0,313219,1,313270
1,313253,1,313304
2,313287,1,313337
3,313321,1,313371
0,313354,1,313405
1,313388,1,313439
2,313422,1,313473
0,313456,1,313506
1,313489,1,313540
2,313523,1,313574
3,313557,1,313608
0,313591,1,313641
1,313625,1,313675
3,313658,1,313709
0,313692,1,313743
1,313726,1,313777
2,313760,1,313810
3,313793,1,313844
0,313827,0
2,313861,0
3,313895,0
0,313929,0
1,313962,0
2,313996,0
3,314030,0
1,314064,0
2,314098,0
3,314131,0
0,314165,0
1,314199,0
2,314233,0
3,314266,0
0,314300,1,314571
1,314300,1,314368
2,314435,1,314503
3,314503,1,314638
1,314638,1,314706
0,314706,1,314841
2,314841,1,314908
3,314841,1,314908
0,314908,1,314976
3,314976,0
2,314976,0
3,315043,0
2,315111,1,315314
1,315111,1,315314
0,315111,1,315246
3,315179,1,315314
0,315381,0
1,315381,0
3,315381,0
2,315426,0
1,315471,0
2,315516,0
0,315584,0
3,315584,0
1,315652,0
2,315652,0
0,315719,0
1,315787,0
2,315787,0
3,315854,0
1,315922,0
0,315922,0
2,315967,0
3,316012,0
1,316057,0
2,316102,0
0,316147,0
3,316192,0
2,316192,0
0,316260,0
1,316260,0
3,316327,0
2,316327,0
1,316395,0
0,316462,0
3,316462,0
2,316507,0
1,316553,0
2,316598,0
3,316665,0
0,316665,0
1,316733,0
2,316733,0
0,316800,0
2,316868,0
1,316868,0
3,316935,0
0,317003,0
1,317003,0
2,317048,0
3,317093,0
0,317138,0
2,317183,0
1,317228,0
3,317273,0
0,317273,0
2,317341,0
1,317341,0
3,317408,0
0,317408,0
2,317476,0
3,317543,0
0,317543,0
1,317589,0
2,317634,0
1,317679,0
0,317746,0
3,317746,0
2,317814,0
1,317814,0
3,317881,0
1,317949,0
2,317949,0
0,318016,0
2,318084,0
3,318084,0
1,318129,0
0,318174,0
2,318219,0
1,318264,0
3,318309,0
0,318354,0
1,318354,0
2,318422,0
3,318422,0
0,318489,0
1,318489,0
3,318557,0
0,318625,0
1,318625,0
2,318670,0
3,318715,0
1,318760,0
2,318827,0
0,318827,0
3,318895,0
1,318895,0
0,318962,0
3,319030,0
2,319030,0
1,319098,0
0,319165,0
2,319165,0
3,319210,0
0,319255,0
1,319300,0
3,319345,0
2,319390,0
0,319435,0
1,319435,0
3,319503,0
0,319571,0
1,319571,0
0,319638,0
1,319638,0
2,319706,0
3,319706,0
0,319751,0
1,319796,0
2,319841,0
1,319908,0
3,319908,0
0,319976,0
2,319976,0
3,320043,0
0,320111,0
1,320111,0
2,320179,0
0,320246,0
1,320246,0
3,320291,0
2,320336,0
1,320381,0
0,320426,0
1,320471,0
2,320516,0
3,320516,0
1,320584,0
0,320584,0
3,320652,0
2,320652,0
0,320719,0
3,320787,0
2,320787,0
0,320832,0
1,320877,0
2,320922,0
3,320989,0
1,320989,0
0,321057,0
2,321057,0
3,321125,0
1,321192,0
0,321192,0
3,321260,0
0,321327,0
1,321327,0
2,321372,0
3,321417,0
1,321462,0
0,321507,0
2,321553,0
1,321598,0
3,321598,0
0,321665,0
2,321665,0
3,321733,0
1,321733,0
0,321800,0
2,321868,0
3,321868,0
1,321913,0
0,321958,0
3,322003,0
0,322071,0
2,322071,0
1,322138,0
3,322138,0
2,322206,0
0,322273,0
1,322273,0
3,322341,0
0,322408,0
1,322408,0
2,322453,0
3,322498,0
0,322543,0
1,322611,0
3,322611,0
0,322679,0
2,322679,0
1,322746,0
2,322814,0
3,322814,0
0,322881,0
2,322949,0
3,322949,0
3,323016,0
2,323016,0
0,323084,0
3,323152,0
2,323152,0
0,323219,0
1,323219,0
1,323354,0
0,323354,0
3,323354,0
0,323422,0
1,323422,0
2,323489,1,323625
3,323489,1,323557
1,323557,1,323692
0,323625,1,323692
3,323625,0
3,323760,1,323827
1,323760,1,323827
0,323760,1,323827
2,323760,1,323827
0,323895,0
2,323929,0
1,323962,0
2,323996,0
3,324030,0
0,324030,0
1,324075,0
2,324120,0
1,324165,0
3,324233,0
0,324233,0
2,324300,0
1,324300,0
3,324368,0
2,324435,0
1,324435,0
0,324503,0
2,324571,0
3,324571,0
1,324616,0
0,324661,0
2,324706,0
1,324751,0
3,324796,0
0,324841,0
1,324841,0
3,324908,0
2,324908,0
0,324976,0
1,324976,0
2,325043,0
3,325111,0
0,325111,0
1,325156,0
2,325201,0
1,325246,0
0,325314,0
3,325314,0
2,325381,0
1,325381,0
3,325449,0
1,325516,0
2,325516,0
0,325584,0
3,325652,0
2,325652,0
1,325697,0
0,325742,0
3,325787,0
1,325832,0
2,325877,0
0,325922,0
3,325922,0
1,325989,0
2,325989,0
0,326057,0
3,326057,0
1,326125,0
0,326192,0
3,326192,0
2,326237,0
1,326282,0
2,326327,0
1,326395,0
0,326395,0
3,326462,0
2,326462,0
0,326530,0
2,326598,0
1,326598,0
3,326665,0
1,326733,0
0,326733,0
2,326778,0
3,326823,0
1,326868,0
2,326913,0
0,326958,0
3,327003,0
2,327003,0
1,327071,0
0,327071,0
3,327138,0
2,327138,0
0,327206,0
3,327273,0
2,327273,0
1,327318,0
0,327363,0
2,327408,0
1,327476,0
3,327476,0
0,327543,0
2,327543,0
3,327611,0
0,327679,0
1,327679,0
2,327746,0
3,327814,0
1,327814,0
0,327859,0
3,327904,0
2,327949,0
0,327994,0
1,328039,0
3,328084,0
2,328084,0
0,328152,0
3,328219,0
2,328219,0
3,328287,0
2,328287,0
1,328354,0
0,328354,0
3,328399,0
2,328444,0
1,328489,0
2,328557,0
0,328557,0
3,328625,0
1,328625,0
0,328692,0
3,328760,0
2,328760,0
1,328827,0
3,328895,0
2,328895,0
0,328940,0
1,328985,0
2,329030,0
3,329075,0
2,329120,0
1,329165,0
0,329165,0
2,329233,0
3,329233,0
0,329300,0
1,329300,0
3,329368,0
0,329435,0
1,329435,0
3,329480,0
2,329525,0
1,329571,0
0,329638,0
2,329638,0
3,329706,0
1,329706,0
0,329773,0
2,329841,0
3,329841,0
0,329908,0
3,329976,0
2,329976,0
1,330021,0
0,330066,0
1,330111,0
2,330111,0
3,330156,0
2,330201,0
0,330246,0
1,330246,0
3,330381,0
2,330381,0
2,330449,0
3,330449,0
1,330516,1,330652
0,330516,1,330652
3,330584,1,330719
1,330719,1,330787
0,330719,1,330787
3,330787,1,330854
2,330854,1,330922
3,330922,1,330989
3,331057,1,331192
2,331057,1,331192
0,331125,1,331260
2,331260,1,331327
3,331260,1,331327
0,331327,0
0,331395,0
3,331462,0
3,331530,0
1,331598,1,331665
0,331598,1,331733
2,331665,1,331733
1,331733,1,331800
3,331733,1,331868
2,331800,1,331868
0,331868,0
1,331868,0
0,332003,0
1,332003,0
0,332071,0
1,332071,0
2,332138,1,332273
3,332138,1,332341
1,332206,1,332307
0,332273,1,332341
2,332341,1,332408
3,332408,1,332476
1,332476,1,332543
3,332543,1,332679
1,332611,1,332679
0,332679,1,332814
3,332814,1,332881
0,332881,1,332949
2,332949,1,333016
3,332949,1,333107
1,332994,1,333062
0,333039,1,333197
2,333084,1,333152
1,333129,1,333197
3,333219,1,333287
1,333287,1,333354
0,333287,1,333354
2,333354,1,333422
0,333422,1,333489
1,333422,1,333557
2,333489,1,333557
3,333489,1,333557
0,333557,0
2,333625,1,333692
3,333625,1,333692
1,333692,0
3,333760,1,333827
0,333760,1,333827
2,333805,1,333872
1,333850,1,333962
0,333895,1,333962
3,333895,0
2,333962,0
0,334030,1,334188
1,334030,1,334098
2,334075,1,334143
3,334120,1,334278
1,334165,1,334233
2,334210,1,334278
0,334300,1,334368
2,334368,1,334435
3,334368,1,334435
1,334435,1,334503
2,334503,1,334571
0,334503,1,334638
3,334571,1,334638
1,334571,1,334638
2,334638,0
0,334706,1,334773
1,334706,1,334773
2,334773,0
3,334841,1,334908
0,334841,1,334908
1,334886,1,334953
2,334931,1,335043
3,334976,1,335043
0,334976,0
1,335043,0
2,335111,1,335179
3,335111,1,335269
1,335156,1,335224
0,335201,1,335359
2,335246,1,335314
1,335291,1,335359
3,335381,1,335449
1,335449,1,335516
0,335449,1,335516
2,335516,1,335584
3,335584,1,335719
1,335584,1,335652
2,335652,1,335719
0,335652,1,335719
1,335719,0
2,335787,1,335854
3,335787,1,335854
1,335854,0
0,335922,1,335989
3,335922,1,335989
2,335967,1,336034
1,336012,1,336125
0,336057,1,336125
3,336057,0
2,336125,0
1,336192,1,336260
3,336192,1,336350
2,336237,1,336305
0,336282,1,336440
1,336327,1,336395
2,336372,1,336440
3,336462,1,336530
0,336530,1,336598
2,336530,1,336598
1,336598,1,336665
2,336665,1,336800
3,336665,1,336733
0,336733,1,336800
1,336733,1,336800
3,336800,0
0,336868,0
1,336868,0
0,336935,0
1,336935,0
2,337003,1,337071
3,337003,1,337071
1,337048,1,337116
0,337093,1,337206
3,337138,1,337206
2,337138,0
1,337206,0
0,337273,1,337476
3,337273,1,337341
2,337318,1,337386
1,337363,1,337431
3,337408,1,337521
2,337453,1,337521
0,337543,1,337611
2,337611,1,337679
3,337611,1,337679
1,337679,1,337746
0,337746,1,337814
3,337746,1,337881
1,337814,1,337881
2,337814,1,337881
0,337881,0
2,337949,1,338016
1,337949,1,338016
3,338016,0
1,338084,1,338152
0,338084,1,338152
2,338129,1,338197
3,338174,1,338287
0,338219,1,338287
1,338219,0
2,338287,0
3,338354,1,338557
0,338354,1,338422
1,338399,1,338467
2,338444,1,338512
0,338489,1,338602
1,338534,1,338602
3,338625,1,338692
0,338692,1,338760
1,338692,1,338760
2,338760,1,338827
3,338827,1,338895
0,338827,1,338962
2,338895,1,338962
1,338895,1,338962
3,338962,0
1,339030,1,339098
2,339030,1,339098
0,339098,0
2,339165,1,339233
3,339165,1,339233
0,339210,1,339278
1,339255,1,339323
2,339300,1,339368
3,339300,1,339435
0,339368,1,339503
1,339435,1,339503
2,339435,1,339571
3,339503,1,339571
0,339571,1,339638
1,339571,1,339638
3,339638,0
1,339706,1,339773
0,339706,1,339773
3,339751,1,339818
2,339796,1,339863
1,339841,1,339908
0,339841,1,339976
3,339908,1,340043
2,339976,1,340043
1,339976,1,340111
0,340043,1,340111
2,340111,1,340179
3,340111,1,340179
0,340179,0
2,340246,0
3,340246,0
2,340314,1,340381
3,340314,1,340381
0,340381,1,340449
2,340449,1,340652
3,340449,1,340652
0,340516,1,340584
1,340516,1,340584
0,340652,0
1,340652,0
0,340719,0
1,340719,0
2,340787,1,340922
3,340787,1,340854
1,340854,1,340989
3,340922,0
0,340922,1,340989
0,341057,1,341125
1,341057,1,341125
2,341057,1,341125
3,341057,1,341125
3,341192,0
1,341226,0
2,341260,0
1,341293,0
3,341327,1,341395
0,341327,1,341395
2,341372,1,341440
1,341417,1,341530
0,341462,1,341530
3,341462,0
2,341530,0
1,341598,1,341665
0,341598,1,341755
2,341643,1,341710
3,341688,1,341845
1,341733,1,341800
2,341778,1,341845
0,341868,1,341935
2,341935,1,342003
3,341935,1,342003
1,342003,1,342071
3,342071,1,342138
2,342071,1,342206
1,342138,1,342206
0,342138,1,342206
3,342206,0
0,342273,0
1,342273,0
0,342341,0
1,342341,0
2,342408,1,342510
3,342408,1,342476
1,342442,1,342543
0,342476,1,342543
3,342543,0
0,342611,1,342679
1,342611,1,342712
2,342645,1,342746
3,342679,1,342746
0,342746,0
3,342814,1,342881
2,342814,1,342915
1,342848,1,342949
0,342881,1,342949
3,342949,0
0,343016,1,343084
1,343016,1,343118
2,343050,1,343152
3,343084,1,343152
0,343152,0
2,343219,0
3,343219,0
2,343287,0
3,343287,0
0,343354,0
1,343354,0
3,343489,0
1,343534,0
0,343580,0
2,343625,0
1,343670,1,343715
3,343715,1,343760
2,343760,1,343827
0,343760,1,343917
1,343805,1,343872
3,343850,1,344007
2,343895,1,343962
1,343940,1,344007
0,344030,1,344098
1,344098,1,344165
3,344098,1,344165
2,344165,1,344233
1,344233,1,344368
0,344233,1,344300
2,344300,1,344368
3,344300,1,344368
0,344368,0
2,344435,1,344503
3,344435,1,344503
1,344503,0
0,344571,1,344638
3,344571,1,344638
2,344616,1,344683
1,344661,1,344773
0,344706,1,344773
3,344706,0
2,344773,0
1,344841,1,344908
0,344841,1,344998
2,344886,1,344953
3,344931,1,345089
1,344976,1,345043
2,345021,1,345089
0,345111,1,345179
2,345179,1,345246
3,345179,1,345246
1,345246,1,345314
2,345314,1,345449
3,345314,1,345449
1,345381,1,345516
0,345381,1,345516
3,345516,0
2,345516,0
3,345584,0
2,345584,0
0,345652,1,345719
1,345652,1,345787
2,345719,1,345922
3,345719,1,345922
0,345787,1,345854
1,345854,1,345922
0,345922,1,345989
1,345989,1,346057
0,346057,1,346192
1,346125,1,346192
3,346192,1,346260
2,346260,1,346327
3,346327,1,346530
0,346462,1,346598
1,346530,1,346598
3,346598,1,346665
0,346665,1,346733
3,346733,1,346800
2,346733,1,346868
1,346800,1,347003
0,346800,1,347003
3,346868,1,346935
2,346935,1,347003
3,347003,1,347071
2,347071,1,347138
3,347138,1,347273
2,347206,1,347273
0,347273,1,347408
1,347341,1,347408
3,347408,1,347543
1,347476,1,347543
0,347543,1,347746
1,347611,1,347746
2,347679,1,347746
3,347746,0
0,347814,1,347859
2,347859,1,347904
3,347904,1,347949
1,347949,1,347994
0,347994,1,348039
0,348084,1,348354
1,348084,1,348287
3,348084,1,348152
2,348084,1,348219
3,348354,1,348399
2,348388,0
2,348489,1,348534
3,348523,0
0,348625,1,348692
1,348625,1,348760
2,348625,1,348827
3,348625,1,348895
0,348895,1,349503
1,348895,1,349571
2,348962,1,349368
3,348962,1,349368
2,349435,1,349638
3,349435,1,349706
0,349571,1,349908
1,349638,1,349908
2,349706,1,349773
3,349773,1,349841
2,349841,1,349976
3,349908,1,349976
1,349976,0
0,349976,0
2,350043,0
3,350043,0
0,350111,0
2,350145,0
1,350179,0
3,350212,0
0,350246,1,350516
2,350246,1,350314
1,350314,1,350381
2,350381,1,350449
3,350516,0
2,350562,0
1,350607,0
3,350652,0
2,350652,0
0,350697,0
1,350742,0
2,350787,1,350854
1,350821,1,350989
3,350821,1,350989
2,350956,1,351023
0,351057,0
1,351102,0
2,351147,0
0,351192,0
1,351192,0
3,351237,0
2,351282,0
1,351327,1,351395
0,351361,1,351564
2,351361,1,351564
3,351462,0
3,351598,0
0,351643,0
2,351688,0
0,351733,0
3,351733,0
1,351778,0
2,351868,0
3,351868,0
2,351935,1,352071
3,351935,1,352071
0,352003,0
0,352071,0
2,352138,0
3,352138,0
1,352206,0
0,352273,0
1,352341,0
3,352408,0
0,352408,0
2,352476,0
1,352543,0
2,352611,0
3,352679,0
0,352679,0
1,352746,0
2,352814,0
1,352881,0
0,352949,0
3,352949,0
2,353016,0
3,353084,0
2,353152,0
0,353219,0
1,353219,0
3,353253,0
2,353287,0
1,353354,0
2,353422,0
3,353489,0
0,353489,0
1,353523,0
2,353557,0
1,353625,0
0,353692,0
0,353760,1,353940
1,353760,1,353895
3,353760,1,353805
2,353760,1,353850
3,353895,1,354030
2,353962,1,354030
1,354030,0
0,354053,0
2,354098,0
1,354120,0
3,354165,1,354255
2,354188,1,354233
0,354300,0
1,354300,0
2,354300,0
3,354345,0
1,354390,0
2,354435,0
0,354480,0
3,354525,0
0,354571,1,354807
2,354571,1,354807
1,354672,1,354739
3,354841,0
2,354886,0
0,354931,0
1,354976,0
3,354976,0
2,355021,0
0,355066,0
2,355111,1,355179
3,355111,1,355179
1,355145,1,355314
2,355280,1,355348
3,355280,1,355348
0,355381,0
1,355426,0
3,355471,0
0,355516,0
2,355516,0
1,355562,0
3,355607,0
1,355652,1,355719
0,355685,1,355888
2,355685,1,355888
3,355787,0
3,355922,0
0,355967,0
2,356012,0
0,356057,0
3,356057,0
1,356102,0
2,356192,0
1,356192,0
3,356226,1,356293
2,356293,0
1,356327,1,356395
0,356327,0
3,356395,0
2,356395,0
0,356462,0
2,356462,0
3,356462,0
1,356530,0
2,356598,0
0,356631,0
1,356665,0
3,356733,0
0,356733,0
2,356800,0
1,356868,0
3,356902,0
2,356935,0
0,357003,0
1,357003,0
2,357037,0
3,357071,0
0,357104,0
1,357138,0
0,357206,0
3,357273,0
2,357273,0
1,357307,0
0,357341,0
3,357408,0
2,357408,0
1,357476,0
2,357543,0
3,357543,1,357611
0,357611,1,357679
3,357679,1,357746
1,357814,1,357949
2,357848,1,357915
3,357949,1,358016
2,358084,1,358152
2,358219,1,358354
3,358354,0
2,358422,0
3,358489,0
2,358557,0
0,358625,1,358709
1,358641,1,358709
2,358658,1,358709
3,358675,1,358709
3,358760,1,358844
2,358777,1,358844
1,358793,1,358844
0,358810,1,358844
0,358895,1,358962
1,358895,1,359030
3,358895,0
2,358962,1,359098
3,359030,1,359098
0,359098,0
1,359165,1,359300
2,359165,1,359233
3,359233,1,359300
0,359300,1,359368
2,359300,1,359435
1,359368,1,359435
3,359435,1,359503
0,359435,1,359571
2,359503,1,359571
3,359571,1,359706
1,359571,1,359638
0,359638,1,359706
1,359706,1,359841
2,359706,1,359773
3,359773,1,359908
0,359841,1,359908
1,359908,0
2,359976,1,360043
3,359976,1,360111
1,360043,1,360179
2,360111,1,360246
0,360111,1,360179
3,360179,1,360246
0,360246,1,360381
1,360246,1,360314
2,360314,1,360381
1,360381,1,360449
3,360381,1,360516
2,360449,1,360516
1,360516,1,360584
0,360516,1,360652
3,360584,1,360719
2,360652,1,360719
1,360652,1,360787
0,360719,1,360787
3,360787,1,360922
2,360787,1,360854
0,360854,1,360989
1,360922,1,360989
3,360989,0
1,361057,1,361125
0,361057,1,361192
2,361125,1,361260
1,361192,1,361327
3,361192,1,361260
0,361260,1,361327
3,361327,1,361462
2,361327,1,361395
1,361395,1,361462
2,361462,1,361530
0,361462,1,361598
1,361530,1,361598
2,361598,1,361665
3,361598,1,361733
0,361665,1,361800
1,361733,1,361800
2,361733,1,361868
3,361800,1,361868
0,361868,1,361935
1,361868,1,362071
2,361935,1,362071
3,361935,1,362071
0,362003,1,362206
1,362138,1,362206
2,362138,1,362206
3,362138,1,362206
2,362273,1,362341
3,362273,1,362341
1,362341,1,362476
0,362341,1,362476
2,362408,1,362611
3,362408,1,362746
0,362543,1,362611
1,362543,1,362611
2,362679,1,362746
1,362679,1,362746
0,362679,1,362746
3,362814,1,362864
0,362814,0
2,362848,1,362898
1,362881,1,362932
0,362915,1,362966
2,362949,1,363152
3,362949,1,363287
1,363016,1,363152
0,363016,1,363287
2,363219,1,363422
1,363219,1,363489
0,363354,1,363489
3,363354,1,363422
3,363489,1,363557
3,363625,1,363692
2,363692,1,363760
3,363760,1,363827
0,363760,1,363895
3,363895,1,364030
2,363929,1,363996
1,363962,0
1,364030,1,364233
0,364030,1,364368
2,364098,1,364233
3,364098,1,364368
2,364300,1,364571
1,364300,1,364503
0,364435,1,364503
3,364435,1,364571
0,364571,0
1,364616,0
0,364661,1,364728
3,364706,1,364773
2,364773,0
0,364841,1,365043
1,364908,1,365043
2,364976,1,365043
3,365043,0
2,365111,0
3,365145,0
0,365179,0
1,365212,0
3,365246,0
2,365246,0
0,365314,0
1,365314,0
3,365381,0
1,365415,0
0,365449,0
2,365449,0
3,365516,0
1,365516,0
0,365584,0
2,365652,0
3,365652,0
0,365719,0
1,365719,0
2,365787,0
1,365821,0
3,365854,0
2,365888,0
1,365922,0
0,365922,0
2,365989,0
3,365989,0
1,366057,0
3,366125,0
0,366125,0
1,366192,0
0,366226,0
2,366260,0
1,366293,0
3,366327,0
2,366395,0
3,366429,0
1,366462,0
2,366496,0
0,366530,0
1,366598,0
0,366631,0
2,366665,0
1,366699,0
3,366733,0
2,366766,0
0,366800,0
1,366834,0
2,366868,0
3,366902,0
1,366935,0
0,366969,0
3,367003,0
2,367033,0
1,367063,0
3,367093,0
2,367123,0
1,367153,0
0,367183,0
2,367213,0
1,367243,0
3,367273,1,368895
0,367273,0
0,368895,0
3,369435,0
2,369571,0
3,369706,0
1,369841,0
3,369908,0
0,369976,0
3,370043,0
2,370111,0
3,370179,0
1,370246,1,370381
3,370314,1,370449
0,370381,1,370449
2,370449,0
0,370516,0
1,370516,0
3,370550,0
2,370584,0
1,370618,0
0,370652,0
2,370685,0
1,370719,0
0,370753,0
2,370787,0
3,370821,0
1,370854,0
2,370922,0
0,370956,0
1,370989,0
3,371057,0
3,371125,0
0,371192,0
0,371260,0
3,371327,1,371564
2,371361,1,371530
1,371395,1,371496
0,371429,1,371462
2,371598,0
0,371598,0
1,371598,0
1,371665,0
3,371665,0
0,371733,0
2,371733,0
1,371800,0
3,371800,0
0,371868,0
2,371868,0
0,372003,0
3,372003,0
1,372071,0
2,372071,0
0,372138,0
3,372138,0
1,372206,0
2,372206,0
0,372273,0
3,372273,0
0,372408,0
1,372408,0
2,372476,0
3,372476,0
0,372543,0
1,372543,0
1,372679,0
3,372679,0
2,372679,0
0,372746,0
2,372746,0
1,372814,0
3,372814,0
0,372881,0
2,372881,0
1,372949,0
3,372949,0
1,373084,0
2,373084,0
0,373152,0
3,373152,0
1,373219,0
2,373219,0
0,373287,0
3,373287,0
1,373354,0
2,373354,0
2,373489,0
3,373489,0
0,373557,0
1,373557,0
2,373625,0
3,373625,0
0,373760,0
1,373760,0
2,373793,0
3,373827,0
1,373861,0
2,373895,0
0,373962,0
2,374030,0
3,374030,0
1,374064,0
0,374098,0
2,374131,0
1,374165,0
3,374233,0
0,374300,0
1,374334,1,374385
2,374368,1,374452
3,374402,0
1,374435,1,374520
2,374503,1,374554
0,374571,1,374638
1,374604,1,374672
2,374638,0
3,374672,0
0,374706,0
1,374739,0
2,374773,1,374841
3,374807,1,374875
0,374841,0
1,374841,0
2,374976,0
3,375043,0
0,375111,1,375179
2,375179,0
0,375246,1,375314
2,375314,0
0,375381,0
3,375381,0
0,375652,1,375787
2,375719,0
3,375787,0
0,375922,0
1,375922,0
3,375922,0
2,375960,0
1,375999,0
0,376038,0
2,376076,0
1,376115,0
3,376154,0
2,376192,0
3,376231,0
1,376269,0
2,376347,0
0,376385,0
1,376424,0
0,376462,1,376530
3,376530,1,376598
0,376598,1,376665
3,376665,1,376733
0,376733,1,376800
3,376800,1,376868
0,376868,1,376935
3,376935,1,377003
1,377003,0
0,377037,0
2,377071,0
1,377138,0
3,377172,0
2,377206,0
0,377307,0
1,377341,0
2,377375,0
3,377408,0
1,377442,0
2,377476,0
0,377543,1,377611
3,377611,1,377679
0,377679,1,377746
3,377746,1,377814
0,377814,0
0,377881,1,377949
3,377949,0
3,378016,1,378084
1,378084,1,378152
0,378084,1,378152
1,378219,1,378422
0,378219,1,378422
2,378354,1,378422
3,378354,1,378422
2,378489,1,378692
3,378489,1,378692
0,378625,1,378692
0,378760,1,378962
3,378895,1,378962
3,379030,1,379098
1,379165,1,379233
2,379165,1,379233
0,379165,1,379368
3,379165,1,379368
2,379300,0
1,379300,0
1,379435,1,379638
2,379435,1,379503
3,379571,0
0,379571,1,379638
2,379638,0
3,379706,1,379908
0,379706,1,379773
2,379773,1,379908
1,379841,0
0,379908,0
1,379976,1,380179
2,379976,1,380179
0,380010,1,380145
3,380010,1,380145
2,380246,1,380314
3,380246,1,380494
1,380269,1,380449
0,380291,1,380764
2,380381,1,380471
1,380516,1,380584
2,380539,1,380719
3,380562,1,381034
1,380652,1,380742
2,380787,1,380854
1,380809,1,380989
0,380832,1,381305
2,380922,1,381012
1,381057,1,381125
2,381080,1,381260
3,381102,1,381575
1,381192,1,381282
2,381327,1,381395
1,381350,1,381530
0,381372,1,381845
2,381462,1,381553
1,381598,1,381665
2,381620,1,381800
3,381643,1,381778
1,381733,1,381823
2,381868,0
3,381890,0
2,381935,1,382116
3,381958,1,382138
0,382003,1,382071
1,382025,1,382093
0,382138,1,382189
1,382161,1,382206
2,382183,1,382228
3,382206,1,382251
0,382273,0
1,382318,0
0,382363,0
2,382408,1,382476
3,382408,1,382656
1,382431,1,382611
0,382453,1,382926
2,382543,1,382634
1,382679,1,382746
2,382701,1,382881
3,382724,1,383197
1,382814,1,382904
2,382949,1,383016
1,382971,1,383152
0,382994,1,383129
2,383084,1,383174
1,383219,1,383264
0,383242,1,383287
3,383264,1,383309
2,383287,1,383332
1,383354,0
0,383388,0
3,383422,0
2,383456,0
0,383489,1,383692
1,383506,1,383675
2,383523,1,383658
3,383540,1,383641
3,383760,1,383962
2,383777,1,383946
1,383793,1,383929
0,383810,1,383912
1,384030,0
2,384030,0
3,384165,1,384216
2,384182,1,384233
1,384199,1,384250
0,384216,1,384266
2,384300,1,384413
3,384323,1,384390
1,384368,1,384480
0,384390,1,384458
3,384435,0
2,384480,0
3,384525,0
0,384571,1,384661
1,384593,1,384773
2,384616,1,384796
0,384706,1,384751
1,384841,1,385021
2,384863,1,385043
3,384886,1,384931
3,384976,1,385066
0,385111,1,385291
1,385134,1,385314
2,385156,1,385201
2,385246,1,385336
1,385381,1,385471
2,385404,1,385584
3,385426,1,385607
1,385516,1,385562
0,385539,1,385584
2,385652,1,385832
1,385674,1,385854
0,385697,1,385742
0,385787,1,385877
3,385922,1,386012
2,385944,1,386125
1,385967,1,386147
3,386057,1,386102
3,386192,1,386282
2,386215,1,386305
0,386237,1,386327
3,386327,1,386372
1,386350,1,386395
0,386372,1,386417
3,386462,0
2,386485,0
3,386530,1,386575
2,386553,1,386598
0,386598,0
1,386631,0
2,386665,0
3,386699,0
1,386733,0
2,386766,0
0,386800,0
1,386868,1,386935
0,386902,0
2,387003,0
1,387037,0
3,387071,0
2,387138,1,387206
3,387172,0
1,387273,0
2,387307,0
0,387341,0
1,387408,1,387476
0,387442,0
2,387543,0
1,387577,0
3,387611,0
1,387679,1,387780
2,387712,1,387763
0,387814,1,387915
3,387814,1,387915
1,387848,1,387898
2,387949,0
1,387983,0
2,388016,0
1,388050,0
3,388084,1,388219
2,388107,1,388197
0,388129,1,388174
1,388219,1,388309
0,388242,1,388287
2,388287,1,388377
3,388309,1,388354
0,388354,1,388489
1,388377,1,388467
3,388399,1,388444
2,388523,0
3,388557,0
1,388591,0
0,388625,0
2,388658,0
1,388692,0
3,388726,0
2,388760,0
0,388793,0
1,388827,0
0,388895,1,388962
3,388895,1,389098
1,388917,1,389143
2,388940,1,389120
0,389030,1,389368
3,389165,1,389233
2,389188,1,389413
1,389210,1,389390
3,389300,1,389638
0,389435,1,389503
1,389458,1,389683
2,389480,1,389661
0,389571,1,389908
3,389706,1,389773
2,389728,1,389953
1,389751,1,389931
3,389841,1,390043
0,389976,1,390179
1,389998,1,390089
2,390021,1,390066
3,390111,1,390449
2,390134,1,390224
1,390156,1,390201
0,390246,1,390314
1,390269,1,390494
2,390291,1,390471
0,390381,1,390516
3,390516,1,390787
2,390539,1,390764
0,390787,1,390877
1,390809,1,390854
3,390922,0
0,390922,0
2,390989,0
1,391057,1,391125
0,391080,1,391305
2,391080,1,391260
1,391192,1,391282
2,391327,1,391395
1,391350,1,391530
3,391350,1,391575
2,391462,1,391553
1,391598,1,391665
0,391620,1,391845
2,391620,1,391800
1,391733,1,391823
2,391868,1,391935
1,391890,1,391958
3,391890,1,391958
2,392003,1,392093
1,392025,1,392071
3,392025,1,392116
0,392138,0
1,392138,0
3,392172,0
2,392206,0
1,392239,0
0,392273,0
2,392408,0
3,392408,0
1,392476,0
2,392476,0
0,392543,0
1,392543,0
2,392679,0
3,392679,0
0,392712,0
1,392746,0
2,392780,0
3,392814,0
1,392848,0
2,392881,0
1,392915,0
0,392949,0
3,392949,0
1,393084,1,393152
2,393084,1,393152
0,393219,0
1,393219,0
3,393219,1,393287
3,393354,1,394098
2,393489,1,393557
0,393489,0
2,393625,1,394098
1,393760,1,393827
0,393760,0
1,393895,1,394098
0,394030,1,394098
2,394165,0
3,394165,0
0,394199,0
1,394199,0
3,394300,0
2,394300,0
0,394300,1,394368
0,394435,1,394908
1,394571,1,394638
3,394571,0
1,394706,1,394908
2,394841,1,394908
3,394841,0
3,394908,0
0,394976,0
1,394976,0
2,395043,0
3,395043,0
3,395111,1,395179
0,395111,1,395179
1,395111,1,395179
2,395111,1,395179
0,395246,1,395297
3,395246,0
1,395280,1,395331
2,395314,1,395364
3,395348,1,395398
0,395381,0
1,395381,0
0,395516,0
3,395550,0
1,395584,0
0,395618,0
2,395652,1,395702
3,395685,1,395736
1,395719,1,395770
2,395753,1,395804
0,395787,1,395837
1,395821,1,395871
2,395854,1,395905
3,395888,1,395939
1,395922,1,395973
0,395956,1,396006
3,395989,0
2,396057,0
0,396091,0
3,396125,0
1,396192,0
0,396226,0
3,396260,0
2,396293,0
1,396327,0
2,396395,0
0,396462,0
1,396462,0
2,396530,0
3,396530,0
0,396598,0
1,396598,0
2,396665,0
3,396665,0
0,396733,0
1,396733,0
0,396800,0
1,396800,0
2,396868,0
3,396868,0
2,396935,0
3,396935,0
0,397003,0
1,397037,0
3,397071,0
2,397104,0
1,397138,0
0,397172,0
2,397206,0
3,397239,0
0,397273,1,397476
1,397324,1,397476
2,397375,1,397476
3,397425,1,397476
1,397543,0
0,397543,0
2,397543,0
3,397543,0
3,398625,0
3,398760,1,399233
2,398760,0
2,398895,1,399165
1,398895,0
1,399030,1,399098
0,399030,0
0,399165,1,399368
1,399233,1,399368
2,399300,1,399368
3,399368,0
1,399435,1,399638
2,399435,1,399638
0,399435,1,399638
3,399435,1,399638
0,399706,0
1,399706,0
3,399706,0
2,399751,0
0,399796,0
1,399841,0
3,399908,0
0,399908,0
2,399976,0
1,400021,0
2,400066,0
0,400111,0
3,400111,0
1,400156,0
3,400201,0
0,400246,0
2,400246,0
0,400314,0
3,400381,0
1,400381,0
0,400449,0
3,400516,0
2,400516,0
0,400584,0
2,400584,0
3,400652,0
1,400652,0
2,400719,0
0,400787,0
1,400787,0
2,400832,0
3,400877,0
1,400922,0
0,400989,0
3,400989,0
2,401057,0
1,401102,0
2,401147,0
3,401192,0
0,401192,0
1,401237,0
2,401282,0
1,401327,0
0,401327,0
0,401395,0
2,401462,0
3,401496,0
0,401530,0
1,401564,0
3,401598,0
2,401598,0
0,401665,0
1,401665,0
3,401733,0
2,401766,0
1,401800,0
0,401834,0
2,401868,0
3,401868,0
1,401913,0
3,401958,0
2,402003,0
0,402071,0
3,402071,0
1,402138,0
2,402183,0
1,402228,0
3,402273,0
0,402273,0
2,402318,0
0,402363,0
3,402408,0
1,402408,0
3,402476,0
0,402543,0
2,402543,0
3,402611,0
0,402679,0
1,402679,0
3,402746,0
1,402746,0
0,402814,0
2,402814,0
1,402881,0
3,402949,0
2,402949,0
1,402994,0
0,403039,0
2,403084,0
3,403152,0
0,403152,0
1,403219,0
2,403264,0
1,403309,0
0,403354,0
3,403354,0
2,403399,0
1,403444,0
3,403489,1,403574
2,403523,1,403641
1,403557,1,403608
0,403591,1,403675
3,403625,1,403675
1,403658,1,403709
2,403692,1,403743
3,403726,1,403777
0,403760,1,403844
1,403793,1,403912
2,403827,1,403878
3,403861,1,403946
0,403895,1,403946
2,403929,1,403979
1,403962,1,404013
0,403996,1,404047
3,404030,0
2,404030,0
1,404098,0
0,404165,0
3,404165,0
3,404233,0
0,404300,0
1,404300,0
2,404345,0
3,404390,0
0,404390,0
1,404435,0
0,404503,0
3,404571,0
2,404571,0
1,404604,0
0,404638,0
3,404672,0
2,404706,0
3,404773,0
1,404841,0
0,404841,0
2,404908,0
0,404976,0
1,404976,0
3,405010,0
0,405043,0
1,405077,0
2,405111,0
3,405111,0
0,405246,0
2,405280,0
0,405314,0
2,405348,0
3,405381,0
1,405426,0
2,405471,0
0,405471,0
1,405516,0
3,405516,0
2,405562,0
0,405607,0
3,405652,0
1,405685,0
3,405719,0
1,405753,0
0,405787,0
2,405821,0
3,405854,0
1,405888,0
0,405922,0
3,405989,0
1,406057,0
2,406091,0
1,406125,0
2,406158,0
0,406192,0
3,406192,0
1,406237,0
2,406282,0
1,406327,0
0,406361,0
2,406395,0
0,406429,0
3,406462,0
2,406507,0
1,406553,0
2,406598,0
3,406631,0
1,406665,0
3,406699,0
0,406733,0
2,406766,0
1,406800,0
3,406834,0
0,406868,1,406952
1,406902,1,407020
2,406935,1,406986
3,406969,1,407087
0,407003,1,407054
2,407037,1,407155
1,407071,1,407121
0,407104,1,407189
3,407138,1,407189
1,407172,1,407223
2,407206,1,407256
3,407239,1,407290
0,407273,1,407589
1,407273,1,407634
0,407679,1,407769
1,407724,1,407814
2,407769,1,407859
3,407814,1,408152
2,407949,1,408084
1,408016,1,408287
0,408084,1,408287
2,408152,1,408287
3,408219,1,408287
3,408354,1,412679
2,408354,1,411598
0,408354,1,409435
1,408354,1,410516
0,413084,1,415922
2,414773,0
3,414841,0
2,415111,0
0,416192,0
3,416462,1,416530
0,417003,0
1,417138,0
2,417273,0
3,417814,0
2,417949,0
0,418895,0
2,419165,0
1,419976,0
3,420111,0
0,420246,1,420314
1,420787,0
0,420821,0
0,421327,0
1,421462,0
2,421598,0
3,422138,0
2,422273,0
3,423219,0
0,423489,0
2,423760,0
1,423895,0
3,424030,0
0,424165,0
1,424334,0
0,424435,0
3,424571,1,424638
2,425111,0
3,425145,0
3,425652,0
2,425787,0
1,425922,0
0,426530,0
1,426665,0
3,427679,0
1,427949,0
2,428895,1,428962
0,429064,0
1,429841,0
2,429875,0
3,430381,0
2,430584,0
1,430787,0
0,431429,0
1,431675,0
2,433422,0
0,433489,0
3,433557,0
1,433895,0
2,434908,0
1,436496,0
0,438658,1,440854
2,440787,1,440854
