1,1570,1,2320
2,2320,0
3,2320,0
0,2320,0
0,2770,0
2,2920,0
3,2920,0
1,3070,0
2,3370,0
2,3520,0
2,4120,0
3,4120,0
2,4420,0
1,4570,0
0,4570,0
3,4720,0
1,4720,0
3,5170,0
1,5320,0
0,5320,0
2,5470,0
1,5770,0
1,5920,0
0,6370,0
2,6520,0
3,6520,0
0,6670,0
1,6820,0
2,6820,0
0,6970,0
0,7120,0
1,7120,0
0,7570,0
2,7720,0
3,7720,0
1,7870,0
2,8170,0
2,8320,0
2,8920,0
3,8920,0
2,9220,0
3,9220,0
1,9370,0
2,9370,0
1,9520,0
0,9520,0
3,9970,0
2,10120,0
0,10120,0
1,10270,0
1,10570,0
1,10720,0
3,11170,0
1,11320,0
0,11320,0
3,11470,0
2,11620,0
1,11620,0
3,11770,0
2,11920,0
3,11920,0
0,11920,0
1,12220,0
0,12220,0
3,12220,1,12295
0,12370,1,12445
2,12520,1,12595
0,12670,1,12745
3,12820,0
2,12820,0
1,12820,1,12895
0,12970,1,13045
0,13120,1,13195
3,13420,1,13495
1,13420,0
0,13420,0
0,13570,1,13645
2,13720,1,13795
0,13870,1,13945
1,14020,1,14095
3,14020,0
2,14020,0
2,14170,1,14245
2,14320,1,14395
0,14320,1,14545
1,14620,0
0,14620,0
3,14620,1,14695
0,14770,1,14845
2,14920,1,14995
0,15070,1,15145
3,15220,0
2,15220,0
1,15220,1,15295
0,15370,1,15445
0,15520,1,15595
3,15520,1,15745
3,15820,1,15895
1,15820,0
0,15820,0
0,15970,1,16045
2,16120,1,16195
0,16270,1,16345
1,16420,1,16495
2,16420,0
0,16420,0
3,16420,0
2,16570,1,16645
2,16720,1,16795
3,16720,0
0,16720,1,16945
3,17020,1,17095
1,17020,0
0,17020,0
0,17170,1,17245
2,17320,1,17395
0,17470,1,17545
1,17620,1,17695
2,17620,0
3,17620,0
0,17770,1,17845
0,17920,1,17995
3,17920,1,18145
3,18220,1,18295
1,18220,0
0,18220,0
0,18370,1,18445
2,18520,1,18595
0,18670,1,18745
1,18820,1,18895
2,18820,0
3,18820,0
2,18970,1,19045
2,19120,1,19195
3,19120,0
0,19120,1,19345
1,19420,0
0,19420,0
3,19420,1,19495
0,19570,1,19645
2,19720,1,19795
1,19870,1,19945
3,20020,1,20095
1,20020,0
0,20020,0
0,20170,1,20245
2,20320,0
3,20320,0
3,20470,0
1,20620,0
0,20620,0
0,20770,0
1,20845,0
2,20920,0
3,20920,0
1,20995,0
0,20995,0
1,21145,0
3,21145,0
0,21295,0
2,21295,0
2,21445,0
3,21445,0
2,21520,0
3,21520,0
0,21520,0
3,21670,1,21820
0,21820,0
1,21820,0
2,21970,1,22120
0,22120,0
3,22270,1,22420
0,22420,0
1,22420,0
2,22570,1,22720
0,22720,0
3,22870,1,23020
0,23020,0
1,23020,0
2,23170,1,23320
0,23320,0
3,23470,1,23620
0,23620,0
1,23620,0
2,23770,1,23920
0,23920,0
3,24070,1,24220
1,24220,0
0,24220,0
2,24370,1,24520
0,24520,0
3,24670,1,24820
0,24820,0
1,24820,0
2,24970,1,25120
0,25120,0
3,25270,1,25420
0,25420,0
1,25420,0
2,25570,1,25720
0,25720,0
3,25870,1,26020
0,26020,0
1,26020,0
2,26170,1,26320
0,26320,0
3,26320,0
3,26470,1,26620
0,26620,0
1,26620,0
0,26770,1,26920
2,26920,0
2,27070,1,27220
1,27220,0
0,27220,0
1,27370,1,27520
3,27520,0
3,27670,1,27820
1,27820,0
0,27820,0
0,27970,1,28120
2,28120,0
2,28270,1,28420
0,28420,0
1,28420,0
1,28570,1,28720
0,28720,0
3,28720,1,28945
2,28720,1,28945
0,28870,0
1,28945,0
2,29020,0
3,29020,0
2,29170,1,29245
3,29170,1,29245
1,29320,0
0,29320,0
1,29470,1,29545
2,29470,1,29545
2,29620,0
3,29620,0
0,29770,1,29845
1,29770,1,29845
0,29920,0
3,29920,0
3,30070,0
1,30220,0
0,30220,0
0,30370,0
1,30445,0
2,30520,0
3,30520,0
1,30595,0
0,30595,0
1,30745,0
3,30745,0
2,30895,0
0,30895,0
2,31045,0
3,31045,0
3,31120,0
2,31120,0
0,31120,1,31195
0,31270,1,31345
3,31420,0
0,31420,0
1,31420,1,31495
2,31570,1,31645
3,31720,1,31870
0,31720,0
2,31720,0
1,31870,0
3,32020,1,32170
2,32020,0
0,32020,0
1,32170,0
2,32320,0
0,32320,0
3,32320,1,32545
1,32470,0
2,32545,0
3,32620,0
0,32620,0
1,32620,1,32770
0,32770,0
1,32845,0
2,32920,0
3,32920,0
1,32995,0
0,33070,1,33145
0,33220,0
3,33220,0
2,33220,0
1,33295,0
0,33370,1,33445
2,33520,0
3,33520,0
0,33520,1,33670
2,33670,0
3,33820,0
0,33820,0
1,33820,1,34045
2,33970,1,34045
3,34120,0
1,34120,0
3,34270,1,34345
0,34270,0
1,34345,0
3,34420,0
0,34420,0
2,34420,0
3,34570,1,34645
1,34570,0
2,34645,0
3,34720,0
0,34720,0
2,34870,0
0,34945,0
2,35020,0
1,35020,0
3,35020,0
0,35095,0
2,35170,0
1,35245,0
0,35320,0
3,35320,0
0,35470,1,35620
1,35620,0
3,35620,0
2,35620,0
3,35770,1,35920
1,35920,0
0,35920,0
1,36070,0
2,36070,0
2,36220,0
3,36220,0
0,36220,0
1,36370,0
0,36370,0
1,36520,0
2,36520,0
2,36670,0
3,36670,0
1,36820,0
0,36820,0
3,36820,0
1,36970,0
2,36970,0
2,37120,0
3,37120,0
0,37270,0
2,37270,0
1,37345,0
0,37420,0
3,37420,0
2,37420,0
1,37570,0
3,37570,0
2,37645,0
3,37720,0
0,37720,0
1,37795,0
2,37870,0
0,37870,0
3,38020,0
0,38020,0
1,38020,0
2,38095,0
3,38170,0
1,38170,0
0,38320,0
3,38320,0
2,38395,0
1,38470,0
0,38470,0
2,38545,0
0,38620,0
3,38620,0
1,38695,0
2,38770,0
0,38770,0
3,38845,0
1,38920,0
2,38920,0
0,38995,0
1,39070,0
3,39070,0
2,39145,0
0,39220,0
3,39220,0
1,39295,0
3,39370,0
2,39370,0
1,39445,0
0,39520,0
3,39520,0
1,39557,0
2,39595,0
3,39632,0
0,39670,0
1,39707,0
3,39745,0
2,39782,0
0,39820,0
1,39820,0
3,39857,0
2,39895,0
0,39932,0
1,39970,0
3,40007,0
2,40045,0
1,40082,0
0,40120,0
3,40120,0
3,40420,0
1,40420,0
0,40420,0
3,40720,0
0,40720,0
1,40720,0
2,40720,0
2,40870,0
1,41020,0
0,41020,0
2,41170,0
3,41320,0
0,41320,0
2,41470,0
1,41620,0
0,41620,0
2,41770,0
1,41770,0
3,41920,0
0,41920,0
2,41920,0
1,42070,0
2,42220,0
3,42220,0
1,42370,0
0,42520,0
3,42520,0
1,42670,0
2,42820,0
3,42820,0
1,42970,0
2,42970,0
0,43120,0
3,43120,0
1,43120,0
2,43270,0
0,43420,0
1,43420,0
2,43570,0
3,43720,0
0,43720,0
2,43870,0
1,44020,0
0,44020,0
2,44170,0
1,44170,0
3,44320,0
1,44320,0
0,44320,0
2,44470,0
1,44545,0
2,44620,0
3,44620,0
0,44695,0
2,44770,0
0,44845,0
1,44920,0
3,44920,1,44995
2,45070,1,45145
0,45070,0
0,45220,1,45295
3,45220,0
1,45370,1,45445
2,45370,0
3,45520,0
2,45520,0
0,45520,0
2,45670,0
1,45670,0
0,45820,0
3,45820,1,45970
2,45970,1,46120
0,45970,0
1,46120,1,46270
3,46120,0
0,46270,1,46420
3,46270,0
3,46420,0
2,46420,0
2,46570,0
0,46570,0
0,46720,0
1,46720,0
3,46720,0
2,46870,0
1,46870,0
3,47020,1,47170
0,47020,0
2,47170,1,47320
0,47170,0
1,47320,1,47470
3,47320,0
0,47470,1,47620
3,47470,0
2,47620,0
3,47620,0
2,47770,0
1,47770,0
1,47920,0
0,47920,0
3,47920,0
2,48070,0
3,48145,0
2,48220,0
0,48220,0
1,48295,0
2,48370,0
1,48445,0
2,48520,0
3,48520,1,48595
0,48670,1,48745
1,48670,0
2,48820,1,48895
3,48820,0
1,48970,1,49045
0,48970,0
3,49120,0
2,49120,0
0,49120,0
1,49270,0
3,49270,0
0,49420,0
2,49420,0
2,49570,0
1,49645,0
3,49720,0
0,49720,0
1,49795,0
2,49870,0
3,49945,0
0,49945,0
1,50020,0
3,50095,0
2,50095,0
0,50170,0
1,50170,0
2,50245,0
3,50320,0
1,50320,0
0,50320,1,50470
2,50470,0
0,50620,1,50695
1,50620,0
2,50770,0
0,50920,1,50995
3,50920,0
2,51070,0
0,51220,1,51295
1,51220,0
0,51370,1,51445
2,51370,0
3,51520,0
1,51520,0
0,51520,0
0,51670,1,51820
2,51670,0
1,51820,0
0,51970,1,52045
2,51970,0
0,52120,1,52270
3,52120,0
2,52270,0
0,52420,1,52570
1,52420,0
3,52420,0
2,52570,0
1,52570,0
3,52720,1,52870
0,52720,0
2,52720,0
0,52870,0
3,53020,1,53095
1,53020,0
2,53020,0
1,53170,0
3,53320,1,53395
0,53320,0
2,53320,0
0,53470,0
3,53620,1,53695
1,53620,0
2,53620,0
3,53770,1,53845
1,53770,0
0,53920,0
2,53920,0
3,54070,1,54220
0,54070,0
1,54220,0
2,54220,0
3,54370,1,54445
1,54370,0
3,54520,1,54670
0,54520,0
2,54520,0
0,54670,0
3,54820,1,54970
1,54820,0
2,54820,0
1,54970,0
0,55120,0
2,55120,0
3,55120,0
1,55195,0
3,55270,0
2,55345,0
1,55420,0
0,55420,0
3,55420,0
2,55495,0
1,55570,0
2,55645,0
3,55720,0
0,55720,0
1,55795,0
2,55870,0
3,55945,0
1,56020,0
0,56020,0
2,56020,0
3,56095,0
2,56170,0
1,56245,0
0,56320,0
3,56320,0
2,56395,0
1,56470,0
2,56545,0
3,56620,0
1,56620,0
0,56620,0
2,56695,0
0,56770,0
2,56845,0
1,56920,0
0,56920,0
3,56995,0
1,57070,0
3,57145,0
2,57220,0
0,57220,0
1,57220,0
3,57295,0
1,57370,0
2,57445,0
0,57520,0
3,57520,0
1,57557,0
2,57595,0
3,57632,0
0,57670,0
1,57707,0
3,57745,0
2,57782,0
0,57820,0
1,57820,0
3,57857,0
2,57895,0
0,57932,0
1,57970,0
3,58007,0
2,58045,0
1,58082,0
3,58120,0
0,58120,0
2,58157,0
1,58195,0
0,58232,0
3,58270,0
2,58307,0
0,58345,0
1,58382,0
2,58420,0
3,58420,0
0,58457,0
1,58495,0
2,58532,0
3,58570,0
0,58607,0
1,58645,0
2,58682,0
0,58720,0
3,58720,0
2,58870,0
1,58870,0
3,59020,0
0,59020,0
1,59170,0
0,59245,0
3,59320,0
1,59320,0
2,59395,0
0,59470,0
1,59470,0
2,59545,0
0,59620,0
3,59620,0
1,59695,0
2,59770,0
3,59770,0
2,59845,0
3,59845,0
3,59920,0
1,59920,0
0,59920,0
0,60070,0
1,60145,0
2,60220,1,60295
3,60220,0
1,60295,0
2,60370,1,60445
3,60370,0
0,60445,0
2,60520,1,60595
3,60520,0
1,60520,0
0,60595,0
2,60670,0
1,60745,0
3,60820,0
0,60820,0
2,60895,0
0,60970,0
1,61045,0
3,61120,0
2,61120,0
0,61195,0
2,61270,0
1,61345,0
0,61420,0
2,61420,0
3,61495,0
1,61570,0
2,61645,0
1,61720,0
3,61720,0
0,61795,0
2,61870,0
1,61945,0
0,62020,0
2,62020,0
3,62095,0
1,62170,0
2,62245,0
3,62320,0
0,62320,0
1,62320,0
2,62395,0
1,62470,0
0,62470,0
3,62545,0
1,62620,0
0,62620,0
2,62695,0
1,62770,0
0,62770,0
3,62845,0
1,62920,0
0,62920,0
3,62995,0
2,62995,0
1,63070,0
0,63070,0
2,63145,0
3,63145,0
1,63220,0
0,63220,0
2,63295,0
3,63295,0
1,63370,0
0,63370,0
2,63445,0
3,63445,0
1,63520,0
0,63520,0
3,63520,0
2,63520,0
1,64720,0
0,64720,0
3,64720,0
0,64945,0
1,64945,0
3,64945,0
1,65170,0
0,65170,0
3,65170,0
0,65395,0
1,65395,0
3,65395,0
0,65620,0
1,65620,0
3,65620,0
2,65620,0
2,65920,0
3,65920,0
0,65920,0
3,66145,0
2,66145,0
0,66145,0
2,66370,0
3,66370,0
0,66370,0
3,66595,0
2,66595,0
0,66595,0
3,66820,0
2,66820,0
0,66820,0
1,66820,0
2,67120,0
0,67120,0
1,67120,0
2,67345,0
1,67345,0
0,67345,0
2,67570,0
0,67570,0
1,67570,0
2,67795,0
1,67795,0
0,67795,0
3,68020,0
2,68020,0
0,68020,0
1,68020,0
1,68320,0
3,68320,0
2,68320,0
1,68545,0
2,68545,0
3,68545,0
1,68770,0
3,68770,0
2,68770,0
3,68920,0
2,68920,0
1,68995,0
0,68995,0
1,69145,0
0,69145,0
0,69220,0
3,69220,0
2,69220,0
1,69220,0
2,69370,0
3,69370,0
1,69520,0
0,69520,0
2,69520,0
3,69745,0
0,69745,0
2,69745,0
1,69970,0
0,69970,0
2,69970,0
0,70195,0
3,70195,0
1,70195,0
0,70420,0
2,70420,0
1,70420,0
3,70420,0
1,70720,0
3,70720,0
2,70720,0
1,70945,0
3,70945,0
0,70945,0
1,71170,0
3,71170,0
2,71170,0
2,71395,0
3,71395,0
0,71395,0
2,71620,0
0,71620,0
3,71620,0
1,71620,0
1,71920,0
0,71920,0
3,71920,0
1,72145,0
0,72145,0
2,72145,0
3,72370,0
0,72370,0
2,72370,0
3,72595,0
2,72595,0
1,72595,0
0,72820,0
2,72820,0
1,72820,0
3,72820,0
0,73120,0
1,73120,0
2,73120,0
0,73345,0
1,73345,0
0,73570,0
3,73720,0
2,73757,0
1,73795,0
0,73832,0
2,73870,0
3,73870,0
0,74020,0
3,74020,0
2,74020,0
2,74320,1,74470
1,74320,1,74395
3,74320,1,74545
0,74320,1,74695
1,74470,1,74695
2,74545,1,74695
3,74620,1,74695
0,74770,1,74995
3,74770,1,74995
1,74770,1,74845
2,74845,1,74995
1,74920,1,74995
3,75070,1,75295
0,75070,1,75295
2,75070,1,75145
1,75145,1,75295
2,75220,1,75295
0,75370,0
3,75370,0
1,75370,0
3,75520,1,75745
1,75520,1,75595
2,75520,1,75670
0,75520,1,75895
1,75670,1,75895
2,75745,1,75895
3,75820,1,75895
0,75970,1,76195
3,75970,0
2,75970,1,76045
1,75970,1,76120
3,76120,0
2,76195,0
0,76270,0
1,76270,0
3,76270,0
3,76420,0
1,76420,0
2,76420,0
1,76720,1,76870
2,76720,1,76795
0,76720,1,76945
3,76720,1,77095
2,76870,1,77095
1,76945,1,77095
0,77020,1,77095
0,77170,1,77395
3,77170,1,77395
2,77170,1,77245
1,77245,1,77395
2,77320,1,77395
0,77470,1,77695
3,77470,1,77695
1,77470,1,77545
2,77545,1,77695
1,77620,1,77695
0,77770,0
3,77770,0
2,77770,0
0,77920,1,78145
2,77920,1,77995
1,77920,1,78070
3,77920,1,78295
2,78070,1,78295
1,78145,1,78295
0,78220,1,78295
3,78370,1,78595
2,78370,1,78520
1,78370,1,78445
0,78370,0
0,78520,0
1,78595,0
3,78670,0
0,78670,0
2,78670,0
1,78820,0
2,78820,0
0,78820,0
3,79120,0
2,79120,0
0,79120,0
1,79270,0
2,79345,0
0,79420,0
3,79420,0
1,79495,0
2,79570,0
3,79570,0
1,79645,0
0,79720,0
3,79720,0
2,79795,0
3,79870,0
0,79870,0
1,79870,0
0,80020,0
1,80020,0
2,80095,0
0,80170,0
3,80170,0
1,80245,0
3,80320,0
2,80320,0
0,80320,0
1,80470,0
2,80545,0
3,80620,0
1,80620,0
0,80695,0
3,80770,0
2,80770,0
1,80845,0
0,80920,0
3,80920,0
2,80995,0
3,81070,0
1,81070,0
0,81070,0
3,81220,0
0,81220,0
2,81220,0
1,81220,0
0,81520,0
3,81520,0
2,81520,0
1,81595,0
2,81670,0
1,81745,0
0,81820,0
3,81820,0
2,81895,0
0,81970,0
1,81970,0
3,81970,0
2,82045,0
1,82120,0
2,82195,0
0,82270,0
3,82270,0
1,82270,0
2,82345,0
1,82420,0
0,82420,0
2,82495,0
3,82570,0
0,82570,0
1,82645,0
0,82720,0
3,82720,0
2,82720,0
3,83920,0
1,83920,1,83995
0,83920,0
2,84370,1,84445
3,84820,1,84895
3,85120,0
2,85195,0
1,85270,0
2,85420,0
1,85495,0
0,85570,0
1,85645,0
2,85720,0
2,85870,0
1,86020,0
2,86095,0
3,86170,0
2,86245,0
1,86320,0
0,86320,1,86395
3,86395,0
2,86470,0
1,86545,0
0,86620,0
3,86695,0
1,86770,1,86845
0,86770,0
3,86845,0
2,86920,0
2,87070,0
2,87220,1,87295
3,87220,0
0,87295,0
1,87370,0
2,87445,0
3,87520,0
1,87595,0
2,87670,0
1,87745,0
0,87820,0
3,87895,0
1,87970,0
2,88045,0
3,88120,0
3,88270,0
0,88420,0
1,88495,0
2,88570,0
0,88645,0
1,88720,0
3,88720,1,88795
2,88795,0
3,88870,0
0,89020,0
1,89020,0
3,89095,0
2,89170,1,89245
0,89170,0
3,89245,0
1,89320,0
1,89470,0
1,89620,1,89695
0,89620,0
2,89620,0
3,89695,0
2,89770,0
1,89845,0
0,89920,0
3,89920,0
2,89995,0
1,90070,0
1,90220,0
0,90220,0
2,90295,0
3,90370,0
2,90445,0
1,90520,0
1,90670,0
2,90820,0
0,90820,0
3,90895,0
2,90970,0
1,91045,0
2,91120,1,91195
0,91120,0
3,91195,0
0,91270,0
3,91420,0
2,91420,0
0,91495,0
1,91570,1,91645
3,91570,0
0,91645,0
2,91720,0
2,91870,0
0,92020,1,92845
1,92020,0
3,92020,0
1,92170,0
2,92245,0
3,92320,0
2,92395,0
1,92470,0
3,92545,0
2,92620,0
1,92695,0
3,92770,0
2,92845,0
1,92920,0
0,92920,0
3,92995,0
2,93070,0
1,93145,0
0,93220,0
2,93220,0
3,93295,0
0,93370,0
1,93445,0
2,93520,0
3,93520,0
0,93520,0
2,93670,0
3,93745,0
1,93820,0
2,93895,0
0,93970,0
1,94045,0
2,94120,0
3,94120,0
0,94120,0
2,94270,1,94345
1,94345,1,94420
0,94420,1,94570
3,94420,0
1,94570,1,94720
3,94570,0
2,94720,1,94870
0,94720,0
0,94870,0
1,94945,0
3,95020,0
2,95020,0
1,95095,0
3,95170,1,95320
0,95170,0
2,95320,0
1,95320,0
0,95320,0
3,95470,0
2,95545,0
1,95620,1,95770
0,95620,0
2,95770,0
1,95845,0
0,95920,1,96070
3,95920,0
3,96070,0
2,96145,0
1,96220,0
2,96295,0
3,96370,1,96520
0,96370,0
2,96520,0
1,96520,0
0,96520,0
0,96670,0
1,96745,0
2,96820,1,96970
3,96820,0
0,96895,0
1,96970,0
2,97045,0
1,97120,1,97270
3,97120,0
0,97270,0
1,97345,0
2,97420,0
3,97420,0
1,97495,0
3,97570,1,97720
0,97570,0
2,97720,0
1,97720,0
0,97720,0
1,97870,0
0,98020,1,98170
2,98020,0
3,98170,0
2,98245,0
1,98320,0
0,98320,0
3,98395,0
2,98470,0
1,98545,0
0,98620,0
3,98695,0
1,98770,0
2,98845,0
3,98920,0
0,98920,0
1,98920,0
0,99070,1,99145
1,99145,1,99220
2,99220,1,99370
3,99220,0
1,99370,1,99520
0,99370,0
0,99520,1,99670
3,99520,0
3,99670,0
2,99745,0
1,99820,0
0,99820,0
2,99895,0
0,99970,1,100120
3,99970,0
3,100120,0
2,100120,0
1,100120,0
0,100270,0
1,100345,0
2,100420,1,100570
3,100420,0
1,100570,0
2,100645,0
0,100720,0
3,100720,1,100870
1,100795,0
2,100870,0
1,100945,0
0,101020,0
3,101170,0
2,101245,0
1,101320,0
0,101320,0
3,101320,0
0,101470,0
1,101620,1,101770
2,101695,1,101845
3,101770,1,101920
0,101845,1,101995
1,101920,1,102070
2,101995,1,102145
3,102070,1,102145
1,102145,1,102295
2,102220,1,102295
3,102220,0
0,102295,1,102445
1,102370,1,102445
3,102445,1,102595
2,102520,1,102595
0,102595,1,102745
3,102670,1,102745
1,102820,1,102895
2,102970,1,103045
1,103045,1,103120
0,103120,1,103195
2,103120,0
3,103120,0
2,103270,0
3,103420,0
2,103495,0
1,103570,1,103645
0,103570,0
1,103720,0
2,103720,0
3,103720,0
2,103870,1,103945
1,103945,1,104020
3,104020,1,104095
0,104020,1,104170
1,104170,1,104320
0,104320,1,104395
2,104320,1,104470
3,104470,0
2,104545,0
1,104620,0
0,104620,0
1,104770,1,104845
3,104770,1,104920
2,104920,0
1,104920,0
0,104920,0
2,105070,1,105145
0,105220,1,105370
1,105220,0
2,105295,0
3,105370,1,105445
3,105520,1,105670
0,105520,1,105595
0,105670,0
1,105745,0
2,105820,0
1,105895,0
3,105970,1,106045
0,105970,1,106120
2,106120,0
3,106120,0
1,106120,0
2,106270,0
1,106420,1,106570
3,106420,1,106495
0,106420,0
3,106570,0
2,106720,1,106870
0,106720,1,106795
0,106870,1,106945
3,107020,0
1,107020,1,107095
3,107170,1,107320
1,107170,1,107245
2,107320,1,107395
1,107320,0
0,107320,0
2,107470,1,107545
0,107620,0
1,107620,1,108070
3,107770,1,107845
3,107920,1,107995
0,107920,1,108070
2,107920,0
2,108220,1,108295
0,108220,0
1,108295,0
2,108370,0
1,108520,1,108595
0,108520,0
3,108520,0
1,108670,1,108745
2,108745,1,108820
0,108820,1,108895
3,108820,1,108970
2,108970,1,109120
1,109120,1,109270
3,109120,1,109195
0,109270,0
1,109345,0
2,109420,1,109495
3,109420,0
2,109570,1,109720
1,109720,1,109795
3,109720,0
0,109720,0
1,109870,0
2,109945,0
0,110020,1,110095
3,110020,1,110170
0,110320,1,110395
3,110320,1,110470
2,110320,0
0,110470,1,110545
1,110620,1,110695
2,110620,0
1,110770,1,110845
3,110770,1,110920
2,110920,1,110995
0,110920,0
1,110920,0
2,111070,1,111145
3,111220,1,111295
1,111220,0
0,111220,1,111370
3,111370,1,111445
0,111520,0
3,111520,0
1,111595,0
0,111670,0
1,111745,0
3,111820,0
0,111820,0
2,111895,0
3,111970,0
2,112045,0
0,112120,0
1,112120,0
3,112120,0
2,112420,1,112495
3,112495,1,112570
2,112570,1,112645
1,112645,1,112720
0,112720,1,114820
3,112720,0
2,112720,0
3,113320,1,114820
1,113920,1,114820
2,114820,1,114895
1,114895,1,114970
3,114970,1,115045
2,115045,1,115120
1,115120,0
0,115120,1,117445
3,115720,1,117445
1,116320,1,117445
2,116920,1,117445
3,117520,1,118420
0,117520,1,118420
1,117520,0
1,118420,1,118495
2,118495,1,118570
0,118570,1,118645
1,118645,1,118720
3,118720,1,121045
2,118720,0
0,118720,1,119845
1,119320,1,119845
0,119920,1,122245
2,119920,1,121645
3,121120,1,122245
1,121120,1,121645
1,121720,1,122245
2,121720,1,122245
0,122320,0
1,122320,0
3,122320,0
3,122620,0
3,122920,0
1,122920,0
0,122920,0
3,123220,0
3,123520,0
1,123520,0
0,123520,0
3,123820,0
3,124120,0
0,124120,0
1,124120,0
2,124420,0
3,124495,0
2,124570,0
1,124645,0
3,124720,0
0,124720,0
2,124720,0
0,124870,0
0,125020,0
3,125020,0
0,125170,0
1,125320,0
2,125320,0
3,125320,0
1,125470,0
1,125620,0
3,125620,0
1,125770,0
3,125920,0
2,125920,0
0,125920,0
3,126070,0
3,126220,0
0,126220,0
3,126370,0
0,126520,0
1,126520,0
2,126520,0
2,126670,0
2,126820,0
0,126820,0
2,126970,0
3,127120,0
0,127120,0
2,127120,0
1,127195,0
3,127270,0
2,127345,0
1,127420,0
0,127420,0
3,127495,0
2,127570,0
0,127645,0
1,127720,0
3,127720,0
2,127720,0
0,127795,0
2,127870,0
1,127945,0
2,128020,0
3,128020,0
0,128095,0
1,128170,0
2,128245,0
1,128320,0
3,128320,0
0,128320,0
2,128395,0
0,128470,0
1,128545,0
2,128620,0
3,128620,0
0,128695,0
1,128770,0
3,128845,0
2,128920,0
0,128920,0
1,128920,0
3,128995,0
0,129070,0
2,129145,0
1,129220,0
0,129220,0
3,129295,0
1,129370,0
2,129445,0
3,129520,0
0,129520,0
1,129595,0
0,129670,0
3,129670,0
2,129745,0
0,129820,0
3,129820,0
1,129895,0
0,129970,0
3,129970,0
2,130045,0
1,130120,0
0,130120,0
2,130195,0
3,130195,0
1,130270,0
0,130270,0
2,130345,0
3,130345,0
1,130420,0
0,130420,0
2,130495,0
3,130495,0
0,130570,0
1,130570,0
3,130645,0
2,130645,0
0,130720,0
1,130720,0
2,130720,0
3,130720,0
1,130870,0
2,130945,0
3,130945,0
0,131020,0
2,131170,0
3,131170,0
0,131320,0
1,131357,0
3,131395,0
2,131432,0
1,131470,0
2,131620,0
0,131620,0
3,131695,0
2,131770,0
1,131845,0
2,131920,1,132220
3,131920,0
0,131920,0
0,132070,0
1,132220,0
3,132220,0
2,132370,1,132670
0,132370,0
1,132445,0
0,132520,0
3,132520,0
1,132670,0
0,132670,0
3,132820,0
2,132820,0
0,132820,0
1,132970,0
3,132970,0
2,133120,1,133420
0,133120,0
1,133120,0
3,133270,0
0,133420,0
3,133420,0
2,133570,1,133870
1,133570,0
0,133645,0
1,133720,0
3,133720,0
3,133870,1,133945
0,133870,1,133945
2,133945,1,134020
3,134020,1,134095
1,134020,1,134095
0,134095,1,134170
2,134170,1,134245
3,134170,1,134245
1,134245,1,134320
0,134320,1,134620
3,134320,0
2,134320,0
3,134470,0
1,134620,0
2,134620,0
0,134770,1,135070
3,134770,0
1,134845,0
2,134920,0
3,134920,0
1,135070,0
3,135070,0
0,135220,0
2,135220,0
3,135220,0
2,135370,0
1,135370,0
0,135520,1,135820
1,135520,0
3,135520,0
3,135670,0
2,135820,0
1,135820,0
0,135970,1,136270
3,135970,0
2,136045,0
3,136120,0
1,136120,0
2,136270,0
3,136270,0
1,136420,0
0,136420,0
2,136420,1,136720
3,136570,0
1,136720,1,137020
0,136720,0
3,136720,0
2,136870,0
0,137020,0
3,137020,0
3,137170,1,137470
0,137170,0
2,137245,0
1,137320,0
0,137320,0
2,137470,0
1,137470,0
3,137620,0
2,137620,0
0,137620,0
1,137770,0
0,137770,0
3,137920,1,138220
2,137920,0
1,137920,0
0,138070,0
0,138220,0
2,138220,0
3,138370,1,138670
1,138370,0
0,138445,0
1,138520,0
2,138520,0
1,138670,1,138745
0,138670,1,138745
3,138745,1,138820
2,138820,1,138895
1,138820,1,138895
0,138895,1,138970
3,138970,1,139045
2,138970,1,139045
1,139045,1,139120
0,139120,1,139420
3,139120,0
2,139120,0
2,139270,0
1,139420,0
3,139420,0
0,139570,1,139870
2,139570,0
1,139645,0
2,139720,0
3,139720,0
3,139870,0
1,139870,0
2,140020,0
1,140020,0
0,140020,0
3,140170,0
2,140170,0
1,140320,0
0,140320,0
3,140320,0
1,140470,0
2,140470,0
2,140620,0
3,140620,0
0,140620,0
3,140770,0
2,140770,0
1,140845,0
0,140920,0
3,140920,0
2,140995,0
0,141070,0
1,141070,0
2,141145,0
1,141220,0
3,141220,0
0,141220,0
3,141520,0
2,141520,0
0,141520,1,141820
1,141670,0
2,141745,0
3,141820,0
1,141820,0
2,141970,0
0,141970,1,142270
1,142045,0
3,142120,0
1,142195,0
3,142270,0
2,142270,0
2,142420,0
3,142420,0
0,142420,0
2,142570,0
1,142570,0
3,142720,1,143020
0,142720,0
1,142720,0
2,142870,0
1,142945,0
0,143020,0
2,143020,0
1,143170,0
3,143170,1,143470
0,143245,0
1,143320,0
2,143320,0
0,143395,0
2,143470,1,143545
1,143470,1,143545
3,143545,1,143620
0,143620,1,143695
1,143620,1,143695
2,143695,1,143770
3,143770,1,143845
0,143770,1,143845
1,143845,1,143920
3,143920,0
2,143920,0
0,143920,1,144220
1,144070,0
2,144070,0
3,144220,0
2,144220,0
1,144370,1,144670
0,144370,0
3,144370,0
3,144520,0
2,144520,0
2,144670,0
0,144670,0
3,144820,0
0,144820,0
1,144820,0
2,144970,0
1,144970,0
2,145120,1,145420
3,145120,0
0,145120,0
0,145270,0
1,145270,0
3,145420,0
1,145420,0
2,145570,1,145870
1,145570,0
0,145570,0
0,145720,0
3,145720,0
1,145870,0
3,145870,0
1,146020,0
3,146020,1,146320
0,146020,0
1,146170,0
2,146170,0
0,146320,1,146620
2,146320,0
2,146470,1,146545
1,146470,0
1,146620,1,146695
3,146620,0
2,146770,1,147070
0,146770,1,146845
3,146770,0
1,146920,1,146995
3,146920,0
0,147070,1,147145
3,147070,0
2,147220,1,147295
3,147220,0
1,147370,1,147445
3,147370,0
2,147520,1,147820
3,147520,1,147595
0,147520,0
1,147670,1,147745
0,147670,0
3,147820,1,147895
0,147820,0
2,147970,1,148270
1,147970,1,148045
0,147970,0
3,148120,1,148195
0,148120,0
0,148270,1,148345
1,148270,1,148345
3,148345,1,148420
2,148420,1,148495
0,148420,1,148495
1,148495,1,148570
3,148570,1,148645
2,148570,1,148645
1,148645,1,148720
0,148720,0
2,148720,0
3,148720,1,149020
0,148870,0
1,148870,0
2,149020,0
1,149020,0
0,149170,1,149470
3,149170,0
2,149170,0
2,149320,0
3,149320,0
1,149470,0
3,149470,0
0,149620,0
2,149620,0
1,149695,0
3,149695,0
2,149770,0
0,149770,0
2,149920,0
0,149920,0
3,149920,1,150220
1,150070,0
0,150070,0
1,150220,0
2,150220,0
2,150370,0
3,150370,0
0,150520,0
1,150520,1,150670
2,150595,1,150745
0,150670,1,150820
3,150670,1,150820
1,150745,1,150895
2,150820,1,150970
3,150895,1,151045
0,150895,0
1,150970,0
2,151045,0
3,151120,0
1,151120,0
0,151120,0
0,151420,0
1,151720,0
3,151720,1,151795
0,152020,0
1,152020,1,152095
1,152170,0
2,152170,1,152245
2,152320,0
3,152320,1,152395
0,152620,0
2,152770,0
1,152845,0
0,152920,0
2,153070,1,153220
1,153145,1,153220
0,153220,1,153370
3,153220,0
1,153295,1,153445
2,153370,1,153520
3,153445,1,153520
1,153520,0
0,153520,0
2,153670,0
3,153670,0
1,153820,0
0,153820,0
1,153970,0
2,153970,0
3,153970,0
0,154120,0
3,154120,0
2,154120,0
1,154270,0
2,154270,0
3,154420,0
1,154420,0
3,154570,0
0,154570,0
2,154720,0
1,154720,0
3,154720,0
0,154870,0
1,154870,0
2,154870,0
0,155020,0
3,155020,0
2,155170,0
1,155170,0
0,155170,0
3,155320,0
1,155320,0
3,155470,0
0,155470,0
2,155470,0
0,155620,0
1,155620,0
2,155770,0
3,155770,0
1,155770,0
1,155920,0
0,155920,0
2,155995,0
0,156070,0
2,156145,0
1,156220,0
3,156220,0
2,156295,0
1,156370,0
0,156370,0
2,156445,0
0,156520,0
2,156595,0
1,156670,0
3,156745,0
1,156820,0
0,156820,0
3,156895,0
2,156970,0
1,156970,0
0,157045,0
1,157120,0
3,157120,0
2,157195,0
0,157270,0
3,157270,0
2,157345,0
1,157420,0
0,157420,0
3,157495,0
2,157570,0
1,157570,0
3,157645,0
0,157720,0
2,157720,0
1,157795,0
0,157870,0
3,157870,0
2,157945,0
1,158020,0
0,158020,0
3,158095,0
0,158170,0
2,158170,0
1,158245,0
2,158320,0
3,158320,0
0,158357,0
1,158395,0
2,158432,0
3,158470,0
0,158507,0
1,158545,0
2,158582,0
3,158620,0
0,158620,0
1,158657,0
2,158695,0
3,158732,0
0,158770,0
1,158807,0
3,158845,0
2,158882,0
1,158920,0
0,158920,0
3,158957,0
2,158995,0
1,159032,0
0,159070,0
3,159107,0
2,159145,0
1,159182,0
0,159220,0
3,159220,0
2,159257,0
1,159295,0
0,159332,0
3,159370,0
2,159407,0
1,159445,0
0,159482,0
3,159520,0
2,159520,0
3,159745,0
2,159745,0
1,159932,0
2,159970,0
3,159970,0
0,160120,0
1,160157,0
3,160195,0
2,160232,0
0,160270,0
1,160270,0
1,160420,0
0,160420,0
3,160420,0
2,160420,0
0,160720,1,160945
1,160757,1,160945
2,160795,1,160945
3,160832,1,160945
0,161020,0
1,161020,0
3,161020,0
2,161170,0
3,161320,1,161395
0,161320,1,161395
2,161320,1,161395
1,161470,0
0,161470,0
3,161620,1,161695
0,161620,1,161695
2,161620,1,161695
3,161770,1,161845
0,161770,1,161845
2,161770,1,161845
0,161920,0
3,161920,0
1,161920,0
3,162070,1,162145
1,162070,1,162145
2,162070,1,162145
3,162220,1,162295
1,162220,1,162295
0,162220,1,162295
3,162370,1,162445
2,162370,1,162445
1,162370,1,162445
0,162520,0
2,162670,0
3,162670,0
2,162820,1,162970
3,162820,1,162970
1,162820,1,162970
0,162820,1,162970
3,163120,1,163345
2,163157,1,163345
1,163195,1,163345
0,163232,1,163345
0,163420,0
2,163420,0
3,163420,0
1,163570,0
0,163720,1,163795
1,163720,1,163795
3,163720,1,163795
2,163870,0
3,163870,0
3,164020,1,164095
1,164020,1,164095
0,164020,1,164095
0,164170,1,164245
1,164170,1,164245
3,164170,1,164245
2,164320,0
0,164320,0
2,164470,1,164545
3,164470,1,164545
1,164470,1,164545
0,164620,1,164695
1,164620,1,164695
2,164620,1,164695
3,164770,1,164845
2,164770,1,164845
1,164770,1,164845
0,164920,0
1,165070,0
3,165070,0
2,165220,0
3,165220,0
0,165220,0
0,165520,1,165745
1,165557,1,165745
2,165595,1,165745
3,165632,1,165745
2,165820,0
3,165820,0
0,165820,0
3,165970,0
1,165970,0
0,166120,1,166195
1,166120,1,166195
2,166120,1,166195
2,166270,0
3,166270,0
2,166420,1,166495
1,166420,1,166495
0,166420,1,166495
0,166570,1,166645
1,166570,1,166645
2,166570,1,166645
3,166720,0
1,166720,0
3,166870,1,166945
1,166870,1,166945
0,166870,1,166945
2,167020,1,167095
3,167020,1,167095
0,167020,1,167095
0,167170,1,167245
1,167170,1,167245
3,167170,1,167245
2,167320,0
3,167320,0
0,167470,0
1,167470,0
1,167620,1,167770
0,167620,1,167770
3,167620,1,167770
2,167620,1,167770
3,167920,1,168145
2,167957,1,168145
1,167995,1,168145
0,168032,1,168145
1,168220,0
3,168220,0
2,168220,0
0,168370,0
2,168370,0
1,168520,1,168595
2,168520,1,168595
3,168520,1,168595
0,168670,0
1,168670,0
3,168820,1,168895
2,168820,1,168895
1,168820,1,168895
3,168970,1,169045
2,168970,1,169045
1,168970,1,169045
3,169120,0
0,169120,0
3,169270,1,169345
2,169270,1,169345
0,169270,1,169345
0,169420,1,169495
1,169420,1,169495
3,169420,1,169495
2,169570,1,169645
3,169570,1,169645
0,169570,1,169645
1,169720,0
2,169720,0
1,169870,0
3,169870,0
2,170020,0
3,170020,0
0,170020,0
0,170320,1,170395
3,170320,1,170470
2,170320,0
1,170470,1,170545
0,170470,0
2,170620,1,170695
1,170620,0
3,170770,1,171070
0,170770,1,170920
2,170770,0
1,170920,0
2,171070,1,171145
0,171070,0
1,171220,1,171295
3,171220,1,171370
2,171220,0
0,171370,1,171445
1,171370,0
3,171520,1,171595
0,171520,1,171670
2,171520,0
2,171670,1,171745
1,171670,0
1,171820,1,171895
0,171820,0
2,171820,1,171970
0,171970,1,172270
3,171970,0
1,172120,0
3,172120,1,172270
1,172270,1,172345
2,172270,0
2,172420,1,172495
0,172420,1,172570
3,172420,0
3,172570,1,172645
1,172570,0
0,172720,1,172795
2,172720,1,172870
1,172720,0
1,172870,1,172945
3,172870,0
2,173020,1,173095
1,173020,0
3,173170,1,173470
0,173170,1,173320
2,173170,0
1,173320,0
2,173470,1,173545
0,173470,0
1,173620,1,173695
3,173620,1,173770
2,173620,0
0,173770,1,173845
1,173770,0
3,173920,1,173995
0,173920,1,174070
2,173920,0
2,174070,1,174145
1,174070,0
1,174220,1,174295
3,174220,1,174370
0,174220,0
0,174370,1,174670
2,174370,0
2,174520,1,174670
1,174670,0
3,174670,0
0,174820,1,174970
1,174820,1,174970
2,174820,1,174970
3,174820,1,174970
3,175120,0
0,175120,0
1,175270,0
2,175420,0
3,175570,0
0,175720,0
3,175720,0
2,175870,0
1,176020,0
0,176170,0
0,176320,0
3,176320,0
1,176470,0
2,176620,0
3,176770,0
0,176920,0
3,176920,0
2,177070,0
1,177220,0
0,177370,0
0,177520,0
3,177520,0
1,177670,0
0,177820,0
3,177820,0
2,177970,0
0,178120,0
3,178120,0
0,178270,0
3,178270,0
0,178420,0
3,178420,0
1,178495,0
2,178495,0
0,178570,0
3,178570,0
1,178645,0
2,178645,0
0,178720,0
3,178720,1,179170
0,178870,1,179170
1,179020,1,179470
2,179020,1,179470
0,179320,1,179470
3,179320,1,179470
3,179620,0
2,179620,0
0,179620,0
0,179920,1,180145
1,179957,1,180145
2,179995,1,180145
3,180032,1,180145
1,180220,0
0,180220,0
2,180220,0
3,180220,0
2,180370,0
1,180370,0
2,180520,1,180595
3,180520,1,180745
0,180520,1,180595
1,180670,1,180745
0,180670,1,180745
2,180670,1,180745
0,180820,1,181045
1,180820,1,180895
3,180820,1,180895
2,180970,1,181045
3,180970,1,181045
1,180970,1,181045
2,181120,1,181345
3,181120,1,181195
0,181120,1,181195
0,181270,1,181345
1,181270,1,181345
3,181270,1,181345
1,181420,1,181645
2,181420,1,181495
0,181420,1,181495
3,181570,1,181645
2,181570,1,181645
0,181570,1,181645
0,181720,0
3,181720,0
2,181870,0
3,181870,0
1,182020,0
0,182020,0
2,182020,0
1,182170,0
0,182170,0
3,182320,1,182545
2,182357,1,182545
1,182395,1,182545
0,182432,1,182545
0,182620,1,182845
1,182657,1,182845
2,182695,1,182845
3,182732,1,182845
3,182920,1,182995
0,182920,1,183145
2,182920,1,182995
1,183070,1,183145
2,183070,1,183145
3,183070,1,183145
1,183220,1,183295
0,183220,1,183295
3,183220,1,183445
0,183370,1,183445
2,183370,1,183445
1,183370,1,183445
2,183520,1,183595
3,183520,1,183595
1,183520,1,183745
0,183670,1,183745
2,183670,1,183745
3,183670,1,183745
1,183820,1,183895
0,183820,1,183895
2,183820,1,184045
0,183970,1,184045
3,183970,1,184045
1,183970,1,184045
0,184120,0
2,184120,0
3,184270,0
1,184270,0
3,184420,0
2,184420,0
0,184420,0
1,184570,0
2,184570,0
3,184720,1,184870
1,184720,1,184870
0,184720,1,184870
2,184870,0
3,185020,0
1,185020,0
0,185020,0
3,185170,1,185320
2,185170,0
0,185320,0
1,185320,1,185395
3,185470,1,185620
1,185470,1,185545
0,185470,0
0,185620,1,185695
2,185620,0
3,185770,1,185920
0,185770,1,185845
2,185770,0
0,185920,1,186070
1,185920,0
2,185920,0
3,186070,1,186445
2,186070,1,186220
1,186220,0
0,186220,0
0,186370,1,186445
1,186370,0
0,186520,1,186745
1,186520,1,186670
2,186520,1,186595
3,186595,0
2,186670,0
1,186745,0
3,186820,1,186970
2,186820,1,186895
0,186820,1,187045
1,186895,0
2,186970,0
3,187045,0
0,187120,0
1,187120,0
2,187120,0
3,187270,0
1,187270,0
0,187420,1,187570
3,187420,1,187495
2,187420,0
3,187570,1,187720
1,187570,0
0,187720,1,187945
1,187720,1,187795
2,187720,1,187795
3,187870,1,187945
2,187870,1,187945
1,188020,1,188095
3,188020,1,188245
0,188020,1,188095
2,188170,1,188245
0,188170,1,188245
2,188320,0
3,188320,0
0,188320,0
1,188470,0
2,188470,0
2,188620,0
3,188620,0
0,188620,0
2,188770,0
1,188770,0
0,188845,0
3,188920,0
2,188920,0
1,188995,0
0,188995,0
2,189145,0
3,189145,0
3,189295,0
2,189295,0
3,189445,0
2,189445,0
0,189520,1,189745
1,189557,1,189745
2,189595,1,189745
3,189632,1,189745
3,189820,0
0,189820,0
2,189820,0
1,189820,0
1,189970,0
0,189970,0
3,190120,0
1,190270,0
0,190270,0
2,190420,0
3,190420,0
0,190570,0
1,190570,0
2,190720,0
1,190720,0
0,190720,0
1,190870,0
2,190870,0
3,190870,0
3,191020,0
0,191020,0
2,191020,0
3,191170,0
0,191170,0
1,191170,0
2,191320,1,191545
1,191320,0
3,191320,0
1,191470,1,191545
0,191620,1,191845
3,191620,0
2,191620,0
1,191770,1,191845
3,191920,1,192145
2,191957,1,192145
1,191995,1,192145
0,192032,1,192145
3,192220,0
2,192220,0
1,192220,0
0,192220,0
3,192370,0
2,192370,0
0,192520,0
2,192670,0
3,192670,0
1,192820,0
0,192820,0
3,192970,0
2,192970,0
1,193120,0
2,193120,0
3,193120,0
2,193270,0
1,193270,0
0,193270,0
0,193420,0
3,193420,0
1,193420,0
0,193570,0
3,193570,0
2,193570,0
1,193720,1,193945
2,193720,0
0,193720,0
3,193870,0
2,193870,1,193945
3,194020,1,194245
0,194020,0
1,194020,0
2,194170,1,194245
0,194170,0
0,194320,0
2,194320,0
3,194320,0
2,194470,0
3,194470,0
0,194470,0
1,194620,0
2,194620,0
3,194620,0
0,194770,1,194920
1,194770,0
3,194770,1,194995
2,194845,1,194995
1,194920,1,194995
0,195070,1,195295
3,195070,1,195220
2,195070,0
1,195145,1,195295
2,195220,1,195295
0,195370,0
3,195370,0
3,195520,1,195595
2,195520,1,195595
1,195520,1,195595
2,195670,1,195745
1,195670,1,195745
0,195670,1,195745
0,195820,1,195895
2,195820,1,195895
3,195820,1,195895
1,195970,0
2,195970,0
3,196120,1,196345
2,196120,1,196270
1,196120,1,196195
0,196195,0
1,196270,0
2,196345,0
3,196420,1,196645
0,196420,1,196570
1,196420,1,196495
2,196495,0
1,196570,0
0,196645,0
3,196720,0
1,196720,0
2,196795,0
1,196870,0
0,196870,0
3,196945,0
2,197020,0
1,197020,0
0,197095,0
3,197170,0
2,197170,0
1,197245,0
0,197320,0
3,197320,0
1,197395,0
3,197470,0
2,197470,0
0,197545,0
2,197620,0
1,197620,0
3,197695,0
1,197770,0
0,197770,0
2,197845,0
0,197920,0
3,197920,0
1,197957,0
2,197995,0
3,198032,0
0,198070,0
1,198107,0
3,198145,0
2,198182,0
0,198220,0
1,198220,0
3,198257,0
2,198295,0
0,198332,0
1,198370,0
3,198407,0
2,198445,0
1,198482,0
3,198520,0
0,198520,0
0,198820,0
2,198820,0
3,198820,0
1,199120,0
3,199120,0
0,199120,0
2,199120,0
2,199270,0
1,199420,0
0,199420,0
3,199420,0
2,199570,1,199645
0,199570,0
1,199645,1,199720
3,199720,0
0,199720,1,199795
1,199870,1,199945
3,199870,0
2,200020,1,200095
0,200020,0
3,200020,0
3,200170,1,200245
0,200170,0
1,200320,1,200545
0,200320,0
0,200470,1,200545
3,200470,1,200620
1,200620,0
0,200620,0
2,200620,0
3,200770,1,200920
2,200770,0
1,200920,0
0,200920,0
3,201070,1,201220
1,201070,0
0,201220,0
2,201220,0
1,201220,0
2,201370,1,201595
0,201370,0
1,201520,1,201595
0,201520,0
3,201520,0
1,201670,0
2,201820,0
3,201820,0
0,201820,0
2,201970,1,202045
0,201970,0
3,202120,0
1,202120,1,202195
0,202270,1,202345
2,202270,0
3,202420,1,202495
1,202420,0
0,202420,0
2,202570,1,202645
0,202570,0
1,202720,1,202795
3,202720,0
2,202870,0
0,202945,0
3,203020,0
2,203020,0
1,203020,0
0,203095,0
2,203170,0
1,203245,0
3,203320,0
0,203320,1,203395
1,203470,1,203545
3,203470,0
3,203620,0
0,203620,0
2,203620,1,203695
3,203770,1,203845
0,203770,0
3,203920,0
2,203920,0
0,203920,0
2,204070,0
1,204220,0
3,204220,0
0,204220,0
1,204370,1,204445
3,204370,0
2,204445,1,204520
3,204520,1,204595
0,204520,0
2,204670,1,204745
0,204670,0
1,204820,1,204895
0,204820,0
3,204820,0
0,204970,1,205045
3,204970,0
2,205120,1,205345
3,205120,0
0,205120,0
3,205270,1,205345
1,205270,0
2,205420,0
3,205420,0
0,205420,0
1,205570,1,205795
2,205570,0
3,205720,0
2,205720,0
0,205720,1,205795
3,205870,0
0,205870,0
0,206020,0
2,206020,0
3,206020,0
1,206170,1,206395
2,206320,1,206395
3,206320,0
0,206320,0
1,206470,0
3,206545,0
1,206620,0
2,206620,0
0,206620,0
3,206695,0
1,206770,0
2,206845,0
0,206920,0
3,206920,1,206995
2,207070,1,207145
0,207070,0
1,207220,1,207295
0,207220,0
3,207220,0
0,207370,1,207445
1,207370,0
2,207445,0
0,207520,0
3,207520,1,207595
3,207670,1,208045
1,207820,0
0,207820,0
2,207820,1,208045
1,207970,1,208045
2,208120,0
3,208120,0
0,208120,0
2,208345,0
3,208345,0
0,208345,0
0,208495,0
2,208495,0
3,208495,0
1,208720,0
3,208720,0
0,208720,1,208870
3,208870,0
2,208870,0
0,209020,1,209095
3,209020,0
1,209020,0
2,209170,0
0,209320,1,209395
3,209320,0
1,209320,0
1,209470,0
2,209545,0
0,209620,1,209695
3,209620,0
1,209620,0
0,209770,1,209845
3,209770,0
1,209920,0
2,209920,0
0,210070,1,210220
2,210070,0
3,210220,0
1,210220,0
0,210370,1,210445
1,210370,0
0,210520,1,210670
3,210520,0
2,210520,0
2,210670,0
0,210820,1,210970
1,210820,0
3,210820,0
3,210970,0
3,211120,1,211270
0,211120,0
1,211120,0
1,211270,0
3,211420,1,211495
0,211420,0
2,211420,0
2,211570,0
3,211720,1,211795
1,211720,0
0,211720,0
0,211870,0
3,212020,1,212095
1,212020,0
2,212020,0
3,212170,1,212245
1,212170,0
0,212320,0
2,212320,0
3,212470,1,212620
1,212470,0
2,212620,0
0,212620,0
3,212770,1,212845
1,212770,0
3,212920,1,213070
0,212920,0
2,212920,0
0,213070,0
1,213070,0
3,213220,1,213370
2,213220,0
0,213220,0
1,213370,0
3,213520,0
0,213520,0
1,213595,0
2,213670,0
0,213670,0
3,213745,0
1,213820,0
2,213820,0
0,213895,0
1,213970,0
3,213970,0
2,214045,0
3,214120,0
0,214120,0
1,214195,0
2,214270,0
3,214270,0
1,214345,0
0,214420,0
3,214420,0
2,214495,0
1,214570,0
0,214570,0
2,214645,0
3,214720,0
0,214720,0
1,214795,0
2,214870,0
3,214870,0
0,214945,0
1,215020,0
3,215020,0
2,215095,0
0,215170,0
3,215170,0
1,215245,0
2,215320,0
0,215320,0
3,215395,0
1,215470,0
2,215470,0
0,215545,0
1,215620,0
3,215620,0
2,215695,0
3,215770,0
0,215770,0
1,215845,0
2,215845,0
3,215920,0
0,215920,0
1,215957,0
2,215995,0
3,216032,0
0,216070,0
1,216107,0
2,216145,0
3,216182,0
1,216220,0
0,216220,0
2,216257,0
3,216295,0
0,216332,0
1,216370,0
2,216407,0
3,216445,0
0,216482,0
1,216520,0
2,216520,0
3,216557,0
0,216595,0
1,216632,0
2,216670,0
3,216707,0
0,216745,0
1,216782,0
2,216820,0
3,216820,0
0,216857,0
1,216895,0
2,216932,0
3,216970,0
0,217007,0
1,217045,0
2,217082,0
3,217120,0
0,217120,1,217270
3,217270,0
2,217345,0
1,217420,1,217570
0,217420,0
2,217570,0
1,217645,0
2,217720,1,218170
0,217720,0
3,218020,1,218170
1,218020,0
1,218170,0
2,218245,0
3,218320,0
1,218320,0
0,218320,0
3,218470,0
2,218620,0
1,218620,0
0,218620,0
2,218770,0
1,218920,0
3,218920,0
1,219070,1,219145
2,219145,1,219220
3,219220,1,219295
1,219220,0
0,219220,0
0,219370,0
2,219370,1,219445
1,219520,1,219745
3,219520,0
3,219670,1,219745
2,219820,0
0,219820,0
3,219820,0
2,219970,1,220195
0,220120,1,220195
3,220120,0
2,220270,0
0,220270,0
2,220420,0
0,220420,0
3,220420,1,220645
1,220570,0
3,220720,1,220945
0,220720,0
1,220870,0
2,221020,1,221245
0,221020,0
3,221020,0
0,221170,0
1,221320,1,221545
3,221320,0
3,221470,0
0,221620,1,221845
2,221620,0
1,221620,0
2,221770,0
3,221920,0
0,221920,1,222145
1,222070,1,222145
1,222220,0
0,222220,0
3,222220,0
3,222370,1,222445
1,222520,0
2,222520,0
1,222670,0
0,222820,0
2,222820,0
3,222820,0
2,222970,0
2,223120,1,223345
0,223120,0
3,223120,0
1,223270,1,223345
0,223420,0
3,223420,0
2,223420,0
0,223570,0
1,223720,0
3,223720,0
2,223870,1,223945
1,223945,1,224020
2,224020,0
3,224020,0
0,224020,1,224170
3,224170,0
1,224170,1,224320
2,224320,1,224545
0,224320,0
0,224470,1,224545
1,224620,0
0,224620,0
3,224620,0
3,224770,1,224995
1,224920,1,224995
0,224920,0
3,225070,0
1,225070,0
1,225220,0
3,225220,0
0,225220,1,225445
2,225370,0
0,225520,1,225745
3,225520,0
2,225670,0
1,225820,1,226045
3,225820,0
0,225820,0
3,225970,0
2,226120,1,226345
0,226120,0
0,226270,0
3,226420,1,226645
1,226420,0
2,226420,0
1,226570,0
1,226720,1,226945
3,226720,0
3,226870,0
0,227020,1,227245
2,227020,0
1,227020,0
2,227170,0
3,227320,1,227545
1,227320,0
1,227470,0
2,227620,1,227845
0,227620,0
3,227620,0
0,227770,0
1,227845,0
2,227920,0
3,227920,0
0,227920,0
2,228070,0
3,228220,0
1,228220,1,228295
0,228220,1,228295
3,228370,0
0,228520,0
1,228520,0
0,228670,0
1,228820,0
2,228820,1,228895
3,228820,1,228895
1,228970,0
2,229120,0
0,229120,0
2,229270,0
0,229420,1,229495
1,229420,1,229495
3,229420,0
3,229570,0
0,229720,0
1,229720,0
3,229870,0
0,229870,0
2,230020,1,230095
3,230020,1,230095
1,230020,0
0,230020,1,230245
1,230170,0
3,230320,1,230545
2,230320,0
0,230320,0
1,230470,0
2,230620,1,230845
1,230620,1,230695
0,230620,1,230695
3,230620,0
0,230770,0
1,230920,1,231145
3,230920,0
0,231070,0
2,231220,1,231295
3,231220,1,231295
0,231220,1,231445
1,231220,0
2,231370,0
2,231520,1,231745
0,231520,0
3,231670,0
3,231820,1,232045
1,231820,1,231895
0,231820,1,231895
2,231820,0
1,231970,0
0,232120,1,232345
2,232120,0
3,232270,0
1,232420,1,232645
2,232420,1,232495
3,232420,1,232495
0,232420,0
3,232570,0
2,232645,0
0,232720,0
1,232720,0
3,232720,0
2,232870,0
1,232870,0
3,233020,0
0,233020,0
2,233020,1,233095
2,233170,1,233245
0,233170,0
2,233320,1,233470
3,233320,0
0,233470,0
1,233620,0
2,233620,0
3,233620,1,233770
0,233770,0
2,233770,1,233920
1,233920,1,234070
3,233920,0
2,234070,0
1,234220,1,234370
3,234220,0
0,234220,0
2,234370,0
1,234520,1,234670
3,234520,0
2,234670,0
1,234820,1,234970
0,234820,0
3,234820,0
2,234970,0
0,235120,0
3,235120,0
1,235157,0
2,235195,0
3,235232,0
0,235270,0
1,235307,0
3,235345,0
2,235382,0
1,235420,0
0,235420,0
3,235457,0
2,235495,0
0,235532,0
1,235570,0
3,235607,0
2,235645,0
1,235682,0
0,235720,0
3,235720,0
2,235757,0
1,235795,0
0,235832,0
3,235870,0
2,235907,0
0,235945,0
1,235982,0
2,236020,0
3,236020,0
0,236057,0
1,236095,0
3,236132,0
2,236170,0
0,236207,0
1,236245,0
2,236282,0
3,236320,0
0,236320,0
3,236470,0
2,236545,0
0,236620,0
1,236620,0
2,236770,0
1,236845,0
0,236920,1,237145
3,236920,0
1,236995,1,237220
2,237070,1,237295
3,237145,1,237370
0,237220,1,237445
1,237295,1,237445
2,237370,1,237520
3,237445,1,237520
0,237520,1,237670
1,237520,0
3,237670,0
0,237820,1,237895
1,237820,0
2,237820,0
3,237970,0
0,238120,1,238195
3,238120,1,238270
1,238120,0
1,238270,1,238420
0,238420,1,238495
3,238420,1,238570
2,238420,0
0,238570,1,238645
1,238570,1,238720
3,238720,0
2,238720,0
0,238870,1,239020
2,238870,1,239020
1,239020,0
3,239020,0
0,239170,1,239245
3,239170,1,239470
0,239320,1,239470
2,239320,1,239470
1,239470,0
0,239620,1,239770
3,239620,1,239695
2,239695,1,239770
1,239770,1,239845
2,239845,1,239920
1,239920,1,240070
3,239920,1,239995
0,239920,0
1,240220,1,240295
0,240220,0
3,240220,1,240370
2,240370,1,240520
1,240520,1,240595
0,240520,0
3,240520,1,240670
1,240820,1,240895
3,240820,1,240970
0,240820,0
1,240970,1,241045
0,240970,1,241120
2,241120,0
3,241120,0
1,241270,1,241420
0,241270,1,241420
3,241420,1,241570
2,241420,0
1,241570,1,241645
1,241720,1,241870
3,241720,1,241870
2,241720,0
0,241870,0
1,242020,1,242170
3,242020,1,242170
2,242020,0
0,242170,0
2,242320,1,242470
0,242320,1,242395
3,242320,0
1,242470,1,242545
2,242620,1,242695
0,242620,0
3,242620,1,242695
0,242770,1,242995
2,242920,1,242995
3,242920,0
1,243070,1,243145
2,243220,1,243295
0,243220,0
3,243220,1,243295
2,243370,1,243445
1,243370,1,243445
0,243520,0
3,243520,1,243595
2,243670,1,243820
0,243670,1,243745
3,243820,0
1,243820,1,243895
0,243970,1,244195
2,243970,1,244045
2,244120,1,244270
3,244120,0
0,244270,1,244345
2,244420,1,244570
3,244420,0
1,244420,1,244495
0,244570,1,244645
3,244720,1,244870
2,244720,1,244795
1,244720,0
0,244870,1,244945
3,245020,1,245095
1,245020,0
2,245020,1,245095
0,245170,1,245395
3,245320,1,245395
1,245320,0
1,245470,1,245545
3,245620,1,245695
2,245620,1,245695
0,245620,0
3,245770,1,245845
1,245770,1,245845
0,245920,0
2,245920,1,245995
3,246070,1,246220
0,246070,1,246145
2,246220,0
1,246220,1,246295
3,246370,1,246445
0,246370,1,246595
3,246520,1,246670
2,246520,0
0,246670,1,246745
3,246820,1,246970
2,246820,0
1,246820,1,246895
2,246970,0
0,246970,1,247045
2,247045,0
1,247120,0
0,247120,0
3,247120,0
2,247270,0
1,247420,1,247495
3,247420,0
0,247420,0
1,247570,1,247645
2,247570,0
1,247720,1,247870
0,247720,1,247795
3,247720,0
3,247870,1,247945
0,248020,1,248170
2,248020,1,248095
1,248020,0
1,248170,1,248320
3,248170,1,248245
2,248320,1,248470
0,248320,0
0,248470,1,248545
2,248620,1,248770
3,248620,0
1,248620,0
0,248770,1,248845
2,248920,1,249070
1,248920,1,249070
0,249070,0
3,249070,1,249145
1,249145,0
2,249220,1,249370
0,249220,1,249295
3,249220,0
0,249370,0
3,249370,1,249445
1,249445,0
2,249520,0
0,249520,1,249595
1,249670,1,249745
3,249670,1,249745
1,249820,1,249895
2,249820,1,249895
0,249820,0
1,249970,1,250045
3,249970,1,250045
0,250120,1,250195
3,250120,0
1,250120,1,250270
2,250270,0
0,250420,1,250570
2,250420,1,250495
1,250420,0
1,250570,1,250720
3,250570,1,250645
2,250720,1,250870
0,250720,0
0,250870,1,250945
2,251020,1,251170
1,251020,1,251095
3,251020,0
0,251170,0
2,251320,1,251470
3,251320,1,251470
1,251320,0
0,251470,0
2,251620,1,251770
3,251620,1,251770
1,251620,0
0,251770,0
2,251920,1,251995
0,251920,0
3,252070,1,252145
1,252070,0
0,252220,1,252295
2,252220,0
3,252220,0
1,252370,1,252445
3,252370,0
0,252520,0
3,252520,1,252595
2,252670,1,252745
0,252670,0
1,252820,1,252895
2,252820,0
3,252820,0
0,252970,1,253045
3,252970,0
2,253120,1,253195
0,253120,0
1,253270,1,253345
3,253270,0
3,253420,1,253495
1,253420,0
0,253420,0
2,253570,1,253645
0,253570,0
1,253720,1,253795
3,253720,0
0,253870,1,253945
2,253870,0
3,254020,1,254095
1,254020,0
0,254020,0
0,254170,1,254245
2,254170,0
1,254245,0
0,254320,0
3,254320,1,254395
1,254470,1,254545
3,254470,0
2,254620,1,254695
0,254620,0
3,254620,0
1,254770,1,254845
2,254770,0
0,254920,1,254995
1,254920,0
2,255070,1,255145
3,255070,0
1,255220,1,255295
3,255220,0
0,255220,0
2,255370,1,255445
1,255370,0
3,255520,1,255595
0,255520,0
2,255520,0
0,255670,1,255745
2,255670,0
1,255745,0
3,255820,1,255895
0,255820,0
0,255970,1,256045
3,255970,0
2,256045,0
1,256120,0
0,256120,0
1,256195,0
3,256195,0
2,256345,0
0,256345,0
2,256420,0
3,256420,0
1,256720,1,257020
3,256720,0
0,256720,0
2,256720,0
3,256870,0
2,257020,1,257170
0,257020,0
3,257170,1,257320
0,257170,0
1,257320,0
2,257320,0
2,257470,1,257620
0,257470,0
3,257620,0
1,257620,0
1,257770,1,258220
0,257770,0
0,257920,0
3,257920,0
2,257995,0
0,258070,1,258220
3,258070,0
3,258220,1,258520
2,258220,0
1,258370,0
0,258520,1,258670
2,258520,0
2,258670,1,258820
3,258670,0
1,258820,1,258970
0,258820,0
3,258970,1,259120
0,258970,0
0,259120,1,259420
2,259120,0
2,259270,0
1,259420,1,259570
3,259420,0
2,259570,1,259720
0,259570,0
3,259720,0
0,259720,0
1,259870,1,260020
2,259870,0
0,260020,0
3,260020,0
0,260170,1,260620
2,260170,0
1,260320,0
3,260320,0
2,260395,0
1,260470,1,260620
3,260470,0
3,260620,1,260920
2,260620,0
1,260770,0
0,260920,1,261070
2,260920,0
1,261070,1,261220
3,261070,0
2,261220,1,261370
3,261220,0
1,261370,1,261520
0,261370,0
0,261520,1,261670
3,261520,1,261595
3,261670,0
2,261820,0
0,261820,0
3,261970,1,262045
1,261970,0
3,262120,0
0,262120,0
2,262270,0
3,262420,1,262495
1,262420,0
0,262420,0
1,262570,0
3,262720,1,262795
2,262720,0
0,262720,0
1,262870,0
3,263020,1,263245
0,263020,0
2,263020,0
1,263170,0
2,263320,1,263545
0,263320,0
1,263470,0
1,263620,1,263845
3,263620,0
0,263620,0
3,263770,0
2,263845,0
1,263920,0
0,263920,1,264595
1,264070,1,264745
2,264220,1,264895
3,264370,1,265045
0,264670,1,264745
1,264820,1,264895
2,264970,1,265045
3,265120,1,265345
1,265120,1,265195
0,265270,1,265345
3,265420,1,265495
1,265420,1,265645
0,265420,0
2,265570,1,265645
0,265720,1,265795
3,265720,1,265945
2,265720,0
1,265870,1,265945
2,266020,1,266095
1,266020,1,266245
0,266020,1,266245
3,266170,1,266245
0,266320,0
3,266320,0
2,266320,1,266620
1,266320,0
0,266470,0
1,266620,1,266770
3,266620,0
0,266770,1,266920
3,266770,0
2,266920,0
1,266920,0
1,267070,1,267220
3,267070,0
2,267220,0
0,267220,0
2,267370,1,267820
3,267370,0
0,267520,0
3,267520,0
1,267595,0
0,267670,0
3,267670,1,267820
0,267820,1,268120
1,267820,0
2,267970,0
3,268120,1,268270
1,268120,0
1,268270,1,268420
0,268270,0
2,268420,1,268570
3,268420,0
0,268570,1,268720
3,268570,0
3,268720,1,269020
1,268720,0
1,268870,0
2,269020,1,269170
0,269020,0
1,269170,1,269320
3,269170,0
3,269320,0
0,269320,0
2,269470,1,269620
1,269470,0
0,269620,0
3,269620,0
3,269770,1,270220
1,269770,0
0,269920,0
2,269920,0
1,269995,0
2,270070,1,270220
0,270070,0
0,270220,1,270520
1,270220,0
2,270370,0
3,270520,1,270670
1,270520,0
2,270670,1,270820
0,270670,0
1,270820,1,270970
0,270820,0
2,270970,1,271120
3,270970,0
1,271120,0
3,271120,1,271270
0,271120,1,271420
1,271270,0
2,271420,1,271570
3,271420,0
1,271570,1,271720
3,271570,0
0,271720,1,271870
2,271720,0
3,271870,1,272020
1,271870,0
2,272020,1,272170
0,272020,0
1,272170,1,272620
0,272170,0
2,272320,0
3,272320,0
0,272470,1,272620
3,272470,0
3,272620,1,272920
2,272620,0
2,272770,1,272920
1,272770,0
0,272920,1,273145
1,272995,1,273145
2,273070,1,273295
3,273145,1,273295
0,273220,1,273445
1,273220,1,273445
2,273370,1,273445
3,273370,1,273445
3,273520,0
2,273520,0
0,273520,1,273820
1,273670,1,273970
2,273820,1,274120
3,273970,1,274270
1,274120,0
0,274120,1,274420
1,274270,1,274420
3,274420,1,274720
2,274570,1,274720
1,274720,0
0,274720,0
2,274795,0
3,274795,0
1,274870,0
0,274870,0
2,274945,0
3,274945,0
1,275020,0
0,275020,0
2,275095,0
3,275095,0
1,275170,0
0,275170,0
2,275245,0
3,275245,0
1,275320,0
0,275320,0
2,275395,0
3,275395,0
0,275470,0
1,275470,0
3,275545,0
2,275545,0
0,275620,0
1,275620,0
2,275620,0
3,275620,0
0,275920,0
3,275920,0
2,275920,0
1,276070,0
2,276220,0
1,276295,0
3,276370,0
2,276445,0
0,276520,0
3,276520,0
1,276670,0
2,276820,0
1,276895,0
3,276970,0
2,277045,0
0,277120,0
1,277120,0
1,277270,0
0,277420,0
2,277420,0
3,277495,0
1,277570,0
2,277645,0
3,277720,0
0,277720,0
1,277870,0
2,278020,0
3,278095,0
2,278170,0
1,278245,0
3,278320,0
0,278320,0
2,278470,0
1,278620,0
2,278695,0
0,278770,0
1,278845,0
3,278920,0
0,278920,0
2,279070,0
1,279220,0
2,279295,0
0,279370,0
1,279445,0
3,279520,0
2,279520,0
2,279670,0
3,279820,0
1,279820,0
0,279895,0
2,279970,0
1,280045,0
0,280120,0
3,280120,0
2,280270,0
1,280420,0
0,280495,0
1,280570,0
2,280645,0
3,280720,0
0,280720,0
1,280870,0
3,281020,0
2,281095,0
0,281170,0
1,281245,0
3,281320,0
0,281320,0
1,281470,0
3,281620,0
2,281695,0
0,281770,0
1,281845,0
3,281920,0
2,281920,0
0,282070,0
2,282220,0
3,282220,0
1,282295,0
3,282370,0
2,282445,0
1,282520,0
0,282520,0
3,282670,0
1,282820,0
2,282895,0
0,282970,0
1,283045,0
2,283120,0
3,283120,0
0,283270,0
2,283420,0
3,283495,0
0,283570,0
1,283645,0
3,283720,0
2,283720,0
0,283870,0
1,284020,0
0,284095,0
3,284170,0
2,284245,0
1,284320,0
0,284320,0
3,284470,0
2,284620,0
3,284620,0
1,284695,0
0,284770,0
1,284845,0
2,284920,0
0,285070,0
1,285220,0
2,285295,0
3,285370,0
2,285445,0
0,285520,1,286420
1,285520,0
3,286120,0
2,286120,0
2,286420,1,287620
0,286720,1,287320
1,286720,0
3,287020,0
1,287320,0
3,287320,0
1,287620,1,287695
0,287695,1,287770
2,287770,1,287845
1,287845,1,287920
3,287920,1,289045
0,287920,1,289045
1,288520,1,289045
2,288520,0
0,289120,1,290245
3,289120,1,290245
2,289420,0
2,289720,1,290245
1,289720,0
1,290320,1,291220
3,290320,1,290920
0,290320,0
0,290920,0
2,290920,0
2,291220,1,291295
3,291295,1,291370
1,291370,1,291445
2,291445,1,291520
3,291520,1,292645
0,291520,1,292645
1,291820,0
1,292120,1,292645
2,292120,0
2,292720,1,294445
3,292720,0
0,292720,1,295045
1,293320,0
3,293320,0
3,293920,1,294445
1,294220,0
3,294520,1,295045
1,294520,1,295045
2,294520,0
0,295120,1,295195
3,295120,1,295195
0,295870,0
1,295945,0
2,296020,0
1,296170,0
2,296320,1,296395
0,296320,1,296395
2,296770,0
1,297220,0
1,297520,1,297595
3,297520,1,297595
2,297970,0
0,298420,0
2,298720,1,298795
1,298720,1,298795
3,299170,0
2,299620,0
1,299920,1,299996
0,299920,1,299996
2,300689,0
1,300766,0
0,300843,0
1,300996,0
2,301150,1,301228
3,301150,1,301228
1,301623,0
0,302097,0
2,302413,1,302494
1,302413,1,302494
3,302899,0
2,303385,0
1,303710,1,303795
0,303710,1,303795
2,304224,0
0,304738,0
