0,4450,1,6672
3,4450,0
1,4588,0
2,4727,0
3,4866,0
1,5005,0
2,5144,0
3,5283,0
1,5422,0
2,5561,0
3,5700,0
1,5838,0
2,5977,0
3,6116,0
1,6255,0
2,6394,0
1,6533,0
3,6672,1,8894
2,6672,0
0,6811,0
1,6950,0
2,7088,0
0,7227,0
1,7366,0
2,7505,0
0,7644,0
1,7783,0
2,7922,0
0,8061,0
1,8200,0
2,8338,0
0,8477,0
1,8616,0
2,8755,0
1,8894,1,10005
0,8894,0
2,9033,0
3,9172,0
0,9311,0
2,9450,0
3,9588,0
2,9727,0
0,9866,0
2,10005,1,11116
3,10005,0
1,10144,0
0,10283,0
3,10422,0
1,10561,0
0,10700,0
1,10838,0
3,10977,0
0,11116,0
1,11116,1,12227
2,11255,0
0,11394,0
3,11533,0
2,11672,0
0,11811,0
3,11950,0
2,12088,0
3,12227,1,13338
0,12227,0
2,12227,0
0,12366,0
2,12505,0
2,12644,0
1,12783,0
0,12922,0
2,12991,0
0,13061,0
2,13130,0
1,13200,0
0,13338,1,13894
1,13338,0
2,13338,0
2,13871,0
3,13894,1,14866
0,14866,1,15005
1,14936,1,15075
2,15005,1,15144
0,15144,1,15561
3,15283,1,15561
2,15422,1,15561
1,15561,1,16116
2,16116,1,17783
3,16672,0
0,16811,0
1,16950,0
3,17088,0
0,17227,0
3,17366,0
1,17436,0
0,17505,0
0,17644,0
3,17783,1,18338
1,18315,0
0,18338,1,19450
3,19311,1,19588
1,19380,1,19588
2,19450,1,19588
0,19588,1,20005
1,19727,1,20005
2,19866,1,20005
3,20005,1,20422
0,20422,1,20561
1,20561,1,21950
3,21116,0
2,21255,0
0,21394,0
3,21533,0
0,21672,0
3,21811,0
0,21950,1,22088
3,22088,1,22227
0,22227,0
1,22227,1,22783
2,22227,0
0,22783,1,23894
3,23338,0
2,23373,0
3,23755,1,24033
2,23825,1,24033
1,23894,1,24033
0,24033,1,24172
1,24172,1,24311
2,24311,1,24450
0,24450,1,24866
1,24450,0
3,24450,0
2,24866,1,25283
0,25283,1,25491
1,25352,1,25491
3,25422,1,25561
2,25561,1,26533
0,25561,0
1,25595,0
0,26394,1,26533
1,26463,1,26533
3,26533,1,26672
0,26672,0
1,26672,1,27088
2,26672,0
0,27088,1,27505
2,27505,1,27783
3,27783,1,28200
0,27783,0
1,27818,0
2,28200,1,28616
0,28593,0
1,28616,1,28894
2,28894,1,29450
0,29033,1,29588
3,29172,1,29727
1,29311,1,29519
2,29588,1,29866
1,29658,1,30005
0,29727,1,30283
3,29866,1,30283
2,30005,1,30283
1,30144,1,30283
0,30422,1,30491
3,30422,0
1,30491,1,30561
2,30491,0
0,30561,1,30838
3,30561,0
1,30700,0
2,30700,1,30838
3,30838,1,31116
1,30977,1,31116
0,31116,0
2,31116,0
0,31255,0
1,31394,0
2,31394,0
3,31394,0
2,31533,0
0,31672,0
1,31672,0
3,31672,0
1,31811,0
0,31950,0
2,31950,0
3,31950,0
3,32088,0
0,32227,0
1,32227,0
2,32227,0
0,32366,0
1,32505,0
2,32505,0
3,32505,0
3,32644,0
0,32783,0
1,32783,0
2,32783,0
1,32922,0
0,33061,0
2,33061,0
3,33061,0
1,33200,0
2,33200,0
0,33338,0
2,33338,0
3,33338,0
0,33477,0
1,33477,0
1,33616,0
2,33616,0
3,33616,0
2,33755,0
3,33755,0
0,33894,0
1,33894,0
3,33894,0
0,34033,0
2,34033,0
0,34172,0
1,34172,0
3,34172,0
1,34311,0
3,34311,0
0,34450,0
2,34450,0
3,34450,0
0,34658,0
1,34658,0
3,34658,0
0,34866,0
1,34866,0
2,34866,0
3,35005,1,35028
2,35040,1,35057
1,35075,1,35098
0,35109,1,35127
2,35144,0
3,35144,0
1,35213,0
0,35283,0
2,35283,0
3,35283,0
0,35561,0
1,35561,0
3,35561,0
3,35700,0
0,35700,0
2,35700,0
2,35838,0
3,35838,0
1,35838,0
1,35977,0
3,35977,0
0,35977,0
0,36116,0
2,36116,0
3,36116,0
0,36255,0
1,36255,0
2,36255,0
3,36394,0
1,36394,0
0,36394,1,36533
3,36533,1,36568
2,36568,1,36602
1,36602,1,36637
0,36637,1,36672
3,36672,0
2,36672,0
1,36811,0
2,36811,0
3,36811,0
0,36950,0
2,36950,0
3,36950,0
0,37088,0
1,37088,0
2,37158,0
3,37158,0
0,37227,0
1,37227,0
1,37366,0
2,37366,0
3,37366,0
0,37505,0
3,37505,0
2,37505,1,37575
2,37644,1,37713
0,37783,0
1,37783,0
2,37852,0
3,37852,0
0,37922,0
1,37922,0
2,37991,0
3,37991,0
0,38061,0
1,38061,0
2,38130,0
3,38130,0
0,38200,0
1,38200,0
2,38269,0
3,38269,0
1,38338,0
0,38373,0
2,38408,0
3,38443,0
0,38477,0
1,38477,0
2,38547,0
3,38547,0
0,38616,0
1,38616,0
2,38755,0
3,38755,0
0,38894,0
1,38894,0
3,38894,0
3,39172,0
0,39172,0
2,39311,0
1,39380,0
2,39450,0
0,39588,0
3,39588,0
0,39727,0
2,39727,0
3,39727,0
0,40005,1,40144
1,40005,1,40144
2,40005,1,40213
3,40005,1,40283
1,40283,0
1,40352,0
2,40422,0
2,40491,0
0,40561,0
3,40561,0
1,40584,0
1,40700,0
0,40723,0
2,40769,0
3,40792,0
1,40815,0
0,40838,0
3,40977,0
2,41000,0
1,41024,0
3,41116,0
2,41139,0
1,41162,0
0,41255,0
3,41255,1,41325
2,41301,1,41348
0,41394,0
3,41394,1,41463
2,41440,1,41487
3,41533,1,41602
2,41579,1,41625
0,41672,0
1,41672,0
3,41672,0
0,41764,0
2,41764,0
1,41857,0
2,41857,0
0,41950,0
3,41950,0
2,41996,0
1,42042,0
3,42088,0
1,42158,0
2,42227,0
0,42227,1,42297
3,42227,0
3,42320,1,42366
2,42366,1,42412
1,42412,1,42459
0,42459,1,42505
3,42505,0
3,42575,0
1,42644,0
1,42713,0
0,42783,0
3,42783,1,42922
2,42829,1,42968
1,42875,1,43014
3,43061,0
2,43061,0
0,43061,1,43107
1,43107,1,43153
3,43200,0
2,43200,0
0,43200,1,43246
1,43246,1,43292
3,43338,1,43477
2,43338,1,43408
0,43477,0
0,43547,0
2,43616,1,43755
3,43616,1,43686
1,43755,0
0,43755,0
1,43825,0
0,43825,0
3,43894,0
2,43917,0
3,44033,1,44079
2,44033,0
0,44079,1,44125
1,44125,1,44172
2,44172,1,44218
3,44218,1,44264
0,44311,0
1,44311,0
2,44380,0
3,44450,1,44588
0,44450,1,44658
1,44450,1,44727
3,44727,0
3,44797,0
0,44866,0
0,44936,0
3,45005,0
1,45005,0
2,45028,0
1,45144,0
1,45213,0
2,45283,0
2,45352,0
0,45422,1,45491
3,45422,0
1,45468,1,45514
0,45561,1,45630
3,45561,0
1,45607,1,45653
2,45700,0
3,45700,0
0,45838,0
0,45908,0
3,45977,0
2,45977,0
3,46047,0
2,46047,0
0,46116,0
1,46116,0
1,46209,0
3,46209,0
3,46301,0
2,46301,0
0,46394,0
1,46394,0
3,46394,1,46440
2,46440,1,46487
0,46533,0
1,46533,0
3,46533,1,46579
2,46579,1,46625
0,46672,0
1,46672,1,46718
2,46718,1,46764
3,46764,1,46811
0,46811,1,46857
2,46857,1,46903
1,46903,1,46950
0,46950,1,46996
3,46950,0
3,47019,0
1,47088,0
1,47158,0
0,47227,0
3,47250,0
2,47366,0
0,47366,0
2,47436,0
3,47505,0
1,47505,0
0,47505,0
2,47644,1,47875
0,47644,0
1,47644,0
3,47644,0
0,47783,1,47875
3,47783,1,47875
1,47783,1,48107
3,47991,1,48107
2,47991,1,48269
0,47991,1,48107
0,48200,1,48269
3,48200,1,48269
1,48200,1,48269
0,48338,0
3,48338,0
2,48362,0
0,48477,0
1,48477,0
2,48547,0
3,48547,0
0,48616,0
1,48616,0
0,48755,0
2,48755,0
3,48755,0
3,48894,1,49172
1,48894,1,49033
2,48894,1,49102
0,48894,1,49033
0,49172,0
0,49241,0
2,49311,0
2,49380,0
0,49450,0
3,49450,0
1,49473,0
0,49658,1,49727
1,49658,1,49727
3,49727,0
2,49750,0
0,49797,0
1,49820,0
3,49866,0
2,49889,0
0,50005,1,50144
1,50005,1,50144
2,50144,0
3,50144,0
0,50283,0
3,50283,1,50422
2,50329,1,50422
1,50422,1,50561
0,50468,1,50561
3,50561,1,50607
2,50561,1,50607
3,50653,1,50700
1,50653,1,50700
1,50746,1,50792
2,50746,1,50792
0,50838,1,50885
3,50885,1,50931
2,50931,1,50977
0,50977,1,51024
1,51024,1,51070
2,51070,1,51255
0,51116,1,51255
3,51116,0
0,51394,0
1,51394,0
3,51394,0
1,51487,0
2,51487,0
0,51579,0
2,51579,0
0,51672,1,51718
1,51672,1,51718
3,51672,1,51718
2,51764,1,51811
3,51764,1,51811
0,51857,1,51903
1,51857,1,51903
2,51950,1,52019
3,51950,1,52088
0,52088,1,52227
1,52088,1,52158
2,52227,0
2,52297,0
1,52366,0
1,52436,0
0,52505,0
3,52522,0
2,52522,0
1,52627,0
2,52644,0
0,52661,0
0,52765,0
3,52783,0
1,52800,0
2,52904,0
0,52922,0
3,52939,0
1,53043,0
0,53061,0
3,53061,0
2,53078,0
0,53338,1,53547
2,53338,1,53477
3,53338,1,53477
1,53338,1,53616
3,53616,0
3,53686,0
0,53755,0
0,53825,0
3,53894,0
1,53917,0
2,54033,0
2,54102,0
0,54172,0
3,54172,0
1,54311,0
2,54311,1,54380
3,54357,1,54403
0,54450,0
2,54450,1,54519
3,54496,1,54542
0,54588,0
1,54588,0
3,54727,0
0,54727,0
2,54727,0
1,54797,0
2,54866,0
0,55005,0
2,55005,1,55213
1,55005,0
1,55144,1,55213
0,55144,1,55213
3,55144,1,55283
0,55422,1,55561
1,55422,1,55514
2,55422,1,55514
3,55422,1,55514
1,55630,1,55769
2,55630,1,55723
3,55630,1,55723
0,55630,1,55723
3,55838,1,55977
0,55838,1,55931
1,55838,1,55931
2,55838,1,55931
2,56047,1,56186
3,56047,1,56139
1,56047,1,56139
0,56047,1,56139
3,56255,1,56394
0,56255,1,56348
1,56301,1,56394
2,56348,1,56440
3,56463,1,56602
0,56463,1,56556
1,56510,1,56602
2,56556,1,56649
0,56672,1,56811
3,56672,1,56764
2,56718,1,56811
1,56764,1,56857
0,56880,1,57019
3,56880,1,56973
2,56926,1,57019
1,56973,1,57065
2,57088,0
3,57088,0
0,57158,0
1,57158,0
2,57227,0
3,57227,1,57297
1,57366,0
0,57366,1,57505
2,57505,0
1,57505,1,57644
3,57644,0
2,57644,1,57783
0,57783,0
1,57783,1,57852
3,57852,0
1,57922,1,57991
0,57922,0
3,57991,0
0,58061,0
2,58061,1,58130
1,58130,0
2,58200,1,58269
3,58200,0
0,58269,0
3,58338,0
1,58338,0
2,58477,0
1,58547,0
3,58616,0
0,58616,1,58686
2,58686,0
0,58755,1,58825
1,58755,0
2,58825,0
3,58894,1,58963
1,58894,0
0,58963,0
3,59033,1,59102
2,59033,0
1,59102,0
0,59172,0
2,59172,0
3,59311,1,59380
2,59311,0
1,59380,0
0,59380,1,59450
2,59450,0
3,59450,1,59519
1,59519,0
2,59588,1,59658
0,59588,0
3,59658,0
1,59727,0
0,59727,1,59797
3,59797,0
1,59866,0
0,59866,1,59936
3,59936,0
2,60005,1,60075
1,60005,0
0,60075,0
2,60144,1,60213
3,60144,0
0,60213,0
3,60283,0
1,60283,1,60352
2,60352,0
1,60422,1,60491
0,60422,0
3,60491,0
1,60561,0
0,60561,0
2,60561,0
2,60700,0
1,60769,0
3,60838,0
0,60838,1,60908
2,60908,0
1,60977,0
0,60977,1,61047
2,61047,0
1,61116,0
3,61116,1,61186
0,61186,0
3,61255,1,61325
2,61255,0
1,61325,0
2,61394,0
0,61394,0
1,61533,1,61602
0,61533,0
3,61602,0
2,61602,1,61672
1,61672,1,61741
0,61672,0
3,61741,0
1,61811,1,61880
0,61811,0
3,61880,0
2,61950,1,62019
1,61950,0
0,61950,0
2,62088,1,62158
0,62088,0
1,62088,0
0,62227,1,62297
3,62227,0
2,62297,0
0,62366,1,62436
1,62366,0
2,62436,0
1,62505,0
3,62505,1,62575
0,62575,0
3,62644,1,62713
2,62644,0
1,62713,0
0,62783,0
2,62783,0
2,62922,0
1,62991,0
3,63061,0
0,63061,1,63130
2,63130,0
1,63200,0
0,63200,1,63269
2,63269,0
3,63338,1,63408
1,63338,0
0,63408,0
3,63477,1,63547
2,63477,0
1,63547,0
2,63616,0
0,63616,0
2,63755,1,63825
3,63755,0
1,63825,1,63894
0,63825,0
2,63894,1,63963
3,63894,0
0,63963,0
2,64033,1,64102
3,64033,0
0,64102,0
1,64172,1,64241
3,64172,0
2,64172,0
1,64311,1,64380
2,64311,0
3,64311,0
0,64450,0
3,64450,1,64519
1,64519,0
2,64588,0
3,64588,1,64658
1,64658,0
0,64727,1,64797
2,64727,0
3,64797,0
0,64866,1,64936
1,64866,0
3,64936,0
1,65005,0
1,65075,0
2,65144,0
2,65213,0
0,65283,0
3,65283,0
1,65283,1,65352
3,65422,0
2,65422,1,65491
0,65491,0
1,65491,0
2,65561,0
3,65561,1,65630
3,65700,1,65769
0,65838,0
1,65869,0
2,65900,0
3,65931,0
0,65977,1,66047
1,65977,1,66047
2,66047,1,66116
3,66047,1,66116
0,66116,1,66186
1,66116,1,66186
2,66255,0
0,66255,1,66325
3,66255,0
3,66394,1,66463
1,66394,0
2,66394,0
3,66533,1,66602
0,66533,0
2,66533,0
0,66672,0
1,66672,1,66741
3,66741,0
1,66811,1,66880
0,66811,0
3,66880,0
2,66950,1,67019
0,66950,0
1,67019,0
3,67088,0
2,67088,1,67158
0,67158,0
1,67227,0
3,67227,0
2,67366,0
1,67436,0
3,67505,0
0,67505,1,67575
2,67575,0
1,67644,0
0,67644,1,67713
3,67713,0
2,67783,1,67852
1,67783,0
0,67852,0
2,67922,1,67991
3,67922,0
1,67991,0
0,68061,0
3,68061,0
2,68130,0
0,68200,0
1,68200,0
2,68269,0
3,68269,0
1,68338,0
0,68338,1,68616
1,68477,1,68616
3,68477,0
3,68616,1,68825
2,68616,0
1,68755,0
0,68755,0
2,68755,1,68825
0,68825,0
1,68825,0
3,68894,0
2,68894,0
3,68963,0
1,69033,0
1,69102,0
2,69172,0
2,69241,0
0,69311,0
0,69380,0
3,69450,0
2,69450,0
1,69450,0
3,69519,0
1,69588,0
1,69658,0
2,69727,0
3,69727,0
0,69727,0
3,69866,0
2,69866,0
1,69936,0
0,69936,0
3,70005,1,70075
2,70005,0
1,70144,1,70213
3,70144,1,70213
1,70283,1,70352
3,70283,1,70352
0,70422,1,70491
2,70491,1,70561
0,70561,1,70630
1,70561,0
3,70653,0
2,70653,0
0,70746,0
3,70746,0
0,70838,1,71116
2,70838,0
1,70856,1,70977
3,70977,0
3,71116,0
2,71116,0
1,71186,0
3,71255,0
2,71255,0
1,71325,0
2,71394,0
0,71394,0
3,71394,0
1,71463,0
2,71533,0
3,71533,0
0,71602,0
3,71672,0
2,71672,0
1,71672,0
0,71741,0
1,71811,0
0,71880,0
3,71880,0
2,71880,0
1,71950,0
2,72019,0
0,72088,0
3,72088,0
1,72135,0
2,72181,0
3,72227,0
0,72227,0
1,72297,0
3,72366,0
0,72366,0
2,72436,0
0,72505,0
1,72505,0
3,72505,0
2,72575,0
0,72644,0
1,72644,0
3,72713,0
1,72783,0
2,72783,0
0,72852,0
3,72922,0
2,72922,0
1,72991,0
0,73061,0
3,73061,0
2,73061,0
0,73200,0
2,73200,0
3,73200,0
1,73338,0
3,73338,0
0,73338,0
2,73477,0
3,73477,0
1,73477,0
0,73616,0
1,73616,0
2,73616,0
0,73755,0
1,73755,0
3,73755,0
0,73894,0
1,73894,0
2,73963,0
3,73963,0
0,74033,0
1,74033,0
2,74102,0
3,74102,0
0,74172,0
1,74172,0
2,74241,0
3,74241,0
0,74311,0
1,74311,0
2,74380,0
3,74380,0
0,74450,0
1,74450,0
2,74588,1,74658
2,74727,1,74797
2,74866,1,74936
2,75005,1,75075
2,75144,1,75213
2,75283,1,75352
2,75422,1,75491
3,75561,0
0,75561,0
2,75600,0
1,75640,0
0,75680,0
3,75719,0
1,75838,0
3,75862,0
2,75878,0
0,75918,0
1,75957,0
2,75997,0
0,76047,0
3,76047,0
3,76255,1,76325
1,76394,0
0,76417,0
2,76440,0
3,76487,0
1,76513,0
0,76553,0
0,76672,0
3,76672,0
2,76706,0
1,76741,0
0,76776,0
3,76811,0
2,76845,0
1,76950,0
3,76973,0
2,76996,0
0,77019,0
0,77158,0
3,77158,0
2,77193,0
1,77227,0
3,77366,0
0,77366,0
2,77401,0
1,77436,0
3,77505,0
0,77528,0
2,77644,0
1,77644,0
0,77783,1,77823
1,77823,1,77862
2,77862,1,77902
3,77902,1,77942
0,77902,1,77942
1,77945,1,77991
0,78061,0
3,78061,0
2,78084,0
0,78200,1,78269
3,78338,1,78378
2,78378,1,78417
1,78417,1,78457
3,78457,1,78497
0,78457,1,78497
2,78500,1,78547
0,78616,0
3,78616,0
2,78639,0
1,78755,0
0,78755,0
1,78825,0
0,78825,0
3,78894,1,78934
2,78934,1,78973
1,78973,1,79013
0,79013,1,79053
3,79013,1,79053
2,79056,1,79102
0,79172,0
1,79172,0
3,79172,0
0,79311,0
3,79311,0
2,79334,0
0,79450,0
1,79450,0
2,79450,1,79519
2,79658,1,79727
0,79727,0
3,79727,0
1,79727,0
3,79866,0
2,79866,1,79936
0,79936,0
1,79936,0
0,80005,0
1,80005,0
3,80045,0
2,80084,0
1,80124,0
0,80164,0
2,80283,0
3,80306,0
0,80323,0
1,80362,0
2,80402,0
0,80491,0
1,80491,0
3,80514,0
2,80561,0
1,80600,0
0,80640,0
2,80719,0
3,80759,0
0,80838,1,80977
1,80862,1,81000
2,80885,1,81024
3,80908,1,81047
2,81116,0
0,81116,1,81255
1,81151,1,81255
3,81255,0
3,81325,0
0,81394,0
2,81394,0
1,81417,0
3,81463,0
2,81533,0
1,81602,0
0,81602,0
3,81672,0
2,81706,0
0,81741,0
3,81776,0
1,81811,0
0,81845,0
1,81950,0
3,81950,0
2,81973,0
1,82088,0
0,82088,0
0,82227,0
3,82227,1,82297
2,82262,1,82297
0,82505,0
3,82505,1,82540
2,82540,1,82575
1,82575,1,82609
3,82598,1,82644
2,82644,1,82690
0,82713,0
1,82713,0
3,83061,0
2,83061,1,83095
1,83095,1,83130
0,83130,1,83165
2,83153,1,83200
1,83200,1,83246
3,83269,0
0,83269,0
2,83547,0
3,83547,0
0,83616,0
1,83616,1,83651
2,83651,1,83686
3,83686,1,83720
1,83709,1,83755
2,83755,1,83801
0,83825,0
3,83825,0
0,84033,0
1,84033,0
2,84033,0
3,84172,1,84241
2,84172,0
0,84241,0
1,84241,1,84311
2,84311,1,84380
3,84311,0
0,84380,1,84450
1,84380,0
2,84450,0
3,84450,1,85283
1,84496,0
0,84542,0
0,84704,0
2,84727,0
1,84762,0
1,84936,0
2,84936,1,85005
0,84936,0
2,85144,1,85213
0,85283,1,85561
1,85306,0
3,85422,0
2,85422,0
3,85561,0
1,85561,1,86394
2,85607,0
0,85653,0
3,85676,0
0,85838,0
2,85862,0
3,85908,0
0,85977,0
3,86047,0
2,86047,0
3,86255,0
2,86255,0
3,86394,0
0,86394,0
2,86394,1,86672
0,86533,0
3,86533,0
0,86672,1,87505
1,86672,0
3,86672,0
3,86950,0
2,86950,0
1,86950,0
2,87227,0
3,87227,0
1,87227,0
2,87320,0
2,87412,0
1,87505,0
3,87505,0
3,87644,0
1,87644,0
1,87783,0
2,87783,0
0,87783,0
3,87922,0
2,87945,0
1,87968,0
0,87991,0
2,88061,0
3,88061,0
0,88200,0
1,88200,0
3,88200,0
0,88338,0
1,88373,0
2,88408,0
3,88443,0
0,88454,0
1,88477,0
0,88616,1,88686
1,88686,1,88755
2,88755,1,88825
3,88825,1,88894
0,88894,1,89727
1,88894,0
2,89033,0
3,89079,0
1,89137,0
2,89172,0
3,89206,0
2,89380,0
3,89380,0
1,89450,0
2,89519,0
3,89588,0
3,89727,1,90005
2,89727,0
1,89774,0
0,89820,0
0,90005,1,90422
1,90005,0
2,90051,0
3,90098,0
1,90144,0
2,90213,0
3,90283,0
1,90306,0
1,90491,0
2,90491,0
3,90561,1,91116
0,90561,1,90769
2,90838,0
1,90862,0
2,90977,0
0,90977,0
2,91116,0
0,91116,1,91220
1,91116,1,91220
1,91325,1,91429
0,91325,1,91429
3,91394,0
2,91417,0
0,91533,0
3,91533,0
2,91533,0
1,91672,0
2,91672,1,91776
3,91672,1,91776
2,91880,1,91984
3,91880,1,91984
0,91950,0
1,91973,0
3,92088,0
1,92088,0
0,92088,0
0,92227,1,92331
1,92227,1,92331
2,92227,0
2,92436,0
3,92436,0
0,92505,0
1,92528,0
2,92575,0
3,92575,0
0,92644,0
1,92644,0
0,92783,1,92852
3,92783,1,92852
1,92783,1,92852
2,92922,1,93061
1,93061,1,93130
0,93061,1,93130
3,93061,1,93200
2,93338,1,93755
1,93338,1,94172
0,93338,1,95005
3,93338,0
3,94033,0
3,94172,0
2,94311,0
2,94450,0
2,94588,0
1,94727,0
3,94727,0
1,94866,0
3,94936,0
2,95005,0
2,95144,0
1,95283,0
2,95375,0
0,95468,0
3,95561,0
3,95700,0
0,95838,0
1,95838,0
2,95977,0
1,96047,0
2,96116,0
0,96255,0
3,96255,0
3,96533,0
1,96602,0
2,96672,0
2,96811,0
0,96880,0
3,96950,0
1,96950,0
2,97158,0
1,97227,0
3,97297,0
1,97366,0
0,97505,0
2,97505,0
3,97505,0
0,97783,0
1,97783,0
3,97783,0
1,97922,0
2,97922,0
0,98061,0
2,98061,0
3,98061,0
1,98200,0
3,98200,0
0,98338,0
1,98338,0
2,98408,0
3,98408,0
0,98477,0
1,98512,0
2,98547,0
3,98581,0
0,98616,0
1,98616,0
2,98755,0
3,98755,0
0,98894,0
1,98894,0
2,98963,0
3,98963,0
0,99033,0
1,99033,0
2,99102,0
3,99102,0
0,99172,0
1,99172,0
2,99241,0
3,99241,0
0,99311,0
1,99311,0
2,99380,0
3,99380,0
0,99450,0
1,99450,0
2,99519,0
3,99519,0
0,99588,0
1,99588,0
2,99658,0
3,99658,0
0,99727,0
1,99727,0
2,99797,0
3,99797,0
0,99866,0
1,99866,0
2,99936,0
3,99936,0
0,100005,1,100992
1,100005,0
3,100375,1,100467
1,100467,1,100560
2,100560,1,100653
3,100653,1,100745
1,100745,1,100838
2,100838,1,100930
1,100930,1,101023
3,101023,1,101116
0,101116,1,101363
1,101208,1,101393
2,101301,1,101440
3,101393,1,101463
0,101486,1,101609
1,101548,1,101671
2,101609,1,101733
3,101671,1,101795
0,101733,1,101887
1,101795,1,101949
2,101856,1,102011
3,101918,1,102072
0,101980,1,102103
1,102079,1,102227
0,102227,1,102597
3,102227,1,102597
2,102227,1,102597
1,102597,1,102967
3,102967,0
2,103029,0
3,103091,0
0,103153,0
1,103214,0
0,103276,0
1,103338,0
2,103338,0
3,103338,0
0,103461,0
2,103461,0
0,103585,0
2,103585,0
1,103708,0
1,103801,0
0,103893,0
2,103893,0
3,103893,0
3,104079,0
1,104140,0
3,104202,0
0,104264,0
2,104325,0
0,104387,0
3,104449,0
1,104449,0
2,104480,0
3,104634,0
2,104634,0
0,104680,1,104727
1,104727,1,104773
3,104773,1,104819
2,104819,1,104866
0,104912,0
1,104912,0
3,104958,1,105005
2,105005,1,105097
1,105051,1,105143
0,105097,1,105190
3,105190,0
2,105190,1,105375
1,105251,1,105437
0,105313,1,105498
2,105560,0
3,105560,1,105653
1,105653,1,105745
2,105745,1,105869
1,105930,0
0,105961,0
3,105992,0
1,106054,0
3,106116,0
1,106177,0
0,106239,0
2,106301,0
3,106301,0
2,106424,0
0,106486,0
2,106548,0
0,106609,0
1,106671,0
3,106671,0
1,106795,0
3,106795,0
1,106918,0
3,106918,0
2,107042,0
0,107103,0
2,107165,0
1,107227,0
1,107319,0
0,107412,0
3,107412,1,107597
2,107458,1,107643
1,107504,1,107690
0,107597,0
2,107782,1,108060
0,107782,1,107967
1,107829,1,108014
3,107875,1,108060
3,108153,1,108523
0,108153,1,108523
1,108153,1,108523
2,108523,1,108893
0,108893,0
1,108924,0
3,108955,0
2,109017,0
1,109079,0
2,109140,0
1,109202,0
3,109264,0
0,109264,0
2,109325,0
3,109387,0
1,109449,0
2,109511,0
1,109572,0
3,109634,0
2,109634,0
0,109696,0
3,109758,0
1,109819,0
0,109819,0
3,109881,0
1,109943,0
2,110004,0
3,110066,0
0,110128,0
2,110190,0
0,110251,0
2,110313,0
3,110375,0
0,110375,1,110467
1,110421,1,110514
2,110467,1,110560
3,110560,0
0,110560,1,110622
1,110622,1,110684
2,110684,1,110745
0,110838,0
3,110838,0
2,110838,0
1,110930,0
1,111023,0
0,111116,0
2,111116,0
3,111116,0
1,111177,0
0,111239,0
3,111301,0
2,111363,0
3,111424,0
0,111486,1,111671
2,111532,1,111694
1,111579,1,111764
3,111625,1,111856
0,111856,0
1,111887,0
3,111980,0
1,112042,0
0,112042,0
2,112103,0
1,112165,0
2,112227,0
3,112227,0
0,112227,0
1,112412,0
1,112504,0
3,112504,0
0,112597,0
2,112597,0
1,112721,0
2,112782,0
3,112782,0
1,112844,0
3,112967,0
1,112967,0
2,113029,0
0,113091,0
2,113153,0
0,113214,0
2,113276,0
0,113338,1,114079
1,113338,1,113708
2,114079,1,114264
3,114079,0
2,114449,0
0,114449,1,114634
1,114449,1,114634
3,114634,0
2,114665,0
3,114727,0
2,114758,0
0,114819,0
1,114850,0
3,114866,0
2,114912,0
0,114958,0
1,115004,0
2,115051,0
3,115190,0
1,115190,0
0,115190,0
0,115282,0
2,115375,0
3,115375,0
2,115467,0
0,115560,0
1,115560,0
3,115560,0
2,115622,0
0,115684,0
1,115745,0
3,115745,0
0,115838,0
1,115869,0
3,115930,0
2,115961,0
3,116023,0
2,116054,0
1,116116,0
0,116146,0
1,116208,0
0,116239,0
3,116301,0
2,116332,0
0,116486,0
3,116486,0
1,116517,0
2,116548,0
0,116671,0
1,116671,0
2,116671,0
0,116856,0
2,116856,0
3,116856,0
2,116949,0
0,117042,0
1,117042,0
3,117042,0
2,117103,0
1,117165,0
0,117227,0
3,117288,0
1,117350,0
0,117412,0
2,117412,0
3,117474,0
0,117535,0
2,117597,0
2,117690,0
3,117782,0
1,117782,0
0,117813,0
2,117844,0
3,117906,0
0,117967,0
1,117998,0
0,118060,0
1,118091,0
3,118153,0
2,118199,0
1,118245,0
3,118292,0
0,118338,0
1,118384,0
2,118430,0
0,118477,0
3,118523,0
2,118554,0
1,118585,0
0,118708,0
3,118708,0
1,118754,0
2,118801,0
3,118847,0
0,118893,0
1,118893,0
2,118986,0
1,119032,0
0,119079,0
3,119079,0
3,119171,0
0,119264,0
2,119264,0
1,119287,0
0,119449,0
2,119449,0
3,119449,0
0,119696,0
1,119696,0
3,119696,0
3,120004,1,120066
1,120066,1,120128
2,120128,1,120190
3,120190,1,120251
0,120251,1,120313
2,120313,1,120375
1,120375,1,120437
0,120437,1,120498
2,120498,1,120560
3,120560,1,120622
0,120622,1,120684
1,120745,0
3,120745,0
2,120776,0
3,120838,0
0,120930,0
1,120930,0
1,121023,0
0,121116,0
3,121116,0
2,121116,0
3,121208,0
2,121301,0
0,121301,0
0,121393,0
3,121486,0
1,121486,0
3,121579,0
2,121671,0
1,121671,0
0,121671,0
1,121764,0
2,121856,0
0,121856,0
3,121887,0
2,121949,0
3,121980,0
0,122042,0
0,122134,0
2,122134,0
3,122227,0
1,122227,0
2,122258,0
0,122319,0
1,122366,0
2,122412,0
3,122412,0
0,122458,0
1,122504,0
2,122551,0
0,122597,0
3,122597,0
3,122690,0
0,122782,0
1,122782,0
1,122875,0
0,122875,0
3,122967,0
2,122967,0
1,123060,0
2,123122,0
0,123176,0
3,123199,0
2,123245,0
1,123292,0
3,123338,0
0,123400,0
3,123461,0
1,123523,0
1,123616,0
0,123708,0
2,123708,0
3,123739,0
0,123893,0
1,123893,0
3,123955,0
2,124017,0
1,124079,0
0,124171,0
3,124171,0
2,124171,0
1,124264,0
2,124325,0
3,124387,0
0,124449,1,125190
1,124449,0
2,124449,0
2,124727,0
2,124819,0
3,125004,0
1,125097,0
2,125190,0
1,125282,0
2,125375,0
0,125560,0
3,125560,0
2,125560,0
0,125930,1,126162
1,125930,1,126085
2,125930,0
3,125930,1,126023
3,126301,0
1,126301,0
0,126332,0
2,126363,0
3,126424,0
1,126579,0
0,126579,0
2,126579,1,126671
3,126625,1,126717
0,126856,0
1,126856,0
2,126856,1,126949
3,126903,1,126995
0,127042,0
2,127042,0
1,127072,0
2,127165,0
0,127165,0
1,127288,0
3,127288,0
3,127412,0
0,127412,1,127535
1,127443,1,127566
2,127474,1,127597
3,127597,1,127690
0,127690,1,127813
1,127721,1,127844
2,127782,0
2,127875,0
0,127967,1,128091
1,127998,1,128122
3,128153,0
2,128153,0
1,128214,0
0,128214,0
3,128276,0
2,128276,0
0,128338,0
1,128338,1,128430
2,128430,1,128523
3,128523,1,128585
0,128523,0
1,128585,1,128646
2,128646,1,128708
3,128708,1,128770
0,128770,1,128832
1,128832,1,128893
2,128893,1,129264
3,128893,0
3,129264,0
0,129264,0
1,129295,0
3,129542,1,129634
0,129542,0
1,129542,0
0,129819,0
2,129819,0
3,129819,1,129912
0,130004,0
1,130004,0
2,130035,0
3,130097,1,130190
1,130097,0
0,130097,0
2,130375,0
3,130375,0
1,130375,1,130467
3,130467,0
2,130467,0
0,130467,1,130560
3,130653,0
1,130653,0
0,130745,1,130838
2,130745,0
3,130776,0
0,130930,1,131023
2,130930,0
3,130930,0
3,131116,1,131208
2,131162,1,131254
0,131208,1,131301
1,131254,1,131347
3,131301,1,131424
2,131347,1,131463
0,131424,1,131548
1,131486,0
3,131532,0
2,131579,0
1,131625,0
0,131671,0
0,131856,1,132042
1,131856,1,131949
2,131856,1,132042
3,131856,1,132134
0,132227,0
1,132227,1,132504
2,132227,0
0,132504,0
3,132504,1,132643
2,132551,1,132690
1,132597,1,132736
0,132782,0
3,132782,1,132921
2,132829,1,132967
1,132967,0
0,132967,0
1,133060,0
3,133153,0
0,133153,0
2,133153,1,133245
3,133338,0
0,133338,0
1,133369,0
2,133400,0
3,133523,0
0,133523,0
1,133554,0
2,133585,0
3,133708,0
0,133708,0
2,133754,0
1,133801,0
0,133847,0
3,133893,0
2,133893,0
1,133940,0
0,133986,0
2,134079,1,134140
3,134109,1,134171
2,134202,1,134264
3,134233,1,134295
0,134264,0
1,134264,0
2,134325,1,134387
3,134356,1,134418
0,134418,0
1,134449,1,134588
2,134495,1,134773
3,134542,1,134634
0,134588,1,134727
1,134680,1,134819
3,134819,0
0,134881,0
3,134943,0
1,135004,0
2,135066,0
1,135128,0
0,135190,0
3,135190,1,135282
2,135236,1,135329
1,135282,1,135375
0,135329,1,135375
3,135375,1,135467
2,135421,1,135467
0,135467,0
1,135467,0
3,135560,1,135653
3,135745,1,135838
0,135745,0
1,135745,0
1,135900,0
3,135930,1,136023
2,135930,0
1,136023,0
0,136023,0
0,136116,0
1,136116,0
3,136116,1,136177
2,136177,1,136239
3,136239,1,136301
1,136301,0
0,136301,1,136393
0,136486,1,136579
3,136579,0
2,136579,0
0,136671,0
1,136702,0
3,136764,1,136856
1,136856,0
0,136856,0
1,136949,0
0,136949,0
3,137042,1,137088
1,137088,1,137134
2,137134,1,137180
0,137180,1,137227
3,137227,1,137273
1,137273,1,137319
2,137319,1,137366
0,137366,1,137412
3,137412,1,137597
1,137412,1,137597
0,137597,0
2,137597,0
0,137782,1,137967
1,137782,1,137967
3,137782,1,137967
2,137782,1,138060
0,138153,0
3,138153,0
1,138184,0
3,138245,0
1,138338,0
2,138369,0
1,138430,0
2,138461,0
0,138523,0
3,138523,0
1,138569,0
2,138616,0
0,138708,0
3,138708,0
2,138739,0
1,138770,0
3,138893,0
0,138893,0
2,138924,0
3,138986,0
2,139017,0
0,139079,0
1,139109,0
0,139171,0
1,139202,0
3,139264,0
2,139264,0
3,139356,0
0,139449,0
1,139480,0
2,139511,0
1,139634,0
0,139634,0
0,139727,0
3,139788,0
2,139819,0
3,139881,0
2,139912,0
1,140004,0
0,140004,0
3,140051,0
2,140097,0
1,140143,0
0,140190,0
3,140236,0
2,140313,0
3,140375,0
1,140375,0
0,140406,0
1,140560,0
3,140560,0
2,140606,0
0,140684,0
1,140699,0
2,140745,0
3,140745,0
0,140792,0
1,140838,0
2,140884,0
1,140961,0
3,141000,0
0,141023,0
2,141116,0
1,141177,0
2,141239,0
0,141301,0
0,141393,0
2,141486,0
3,141486,0
1,141548,0
2,141609,0
0,141671,0
3,141671,0
1,141702,0
0,141764,0
1,141795,0
3,141856,0
2,141887,0
3,142042,0
0,142042,0
2,142042,0
1,142134,0
3,142134,0
0,142227,1,142504
1,142227,0
2,142227,0
1,142504,0
2,142504,1,142782
3,142504,0
0,142782,0
1,142782,0
3,142782,1,143060
0,143060,0
1,143060,1,143338
2,143060,0
2,143338,0
3,143338,1,143430
0,143430,1,143523
1,143523,1,143616
2,143616,1,143708
0,143708,0
3,143708,1,143801
1,143801,0
0,143893,0
3,143893,0
2,143986,0
0,144079,0
1,144079,0
3,144079,0
3,144171,0
1,144264,0
2,144264,0
1,144356,0
2,144449,0
3,144449,0
0,144449,1,144542
2,144542,0
0,144634,0
1,144634,0
0,144727,0
1,144819,0
2,144819,0
3,144819,0
3,144912,0
0,145004,0
1,145004,0
1,145097,0
0,145190,0
3,145190,0
2,145190,1,145282
1,145282,0
0,145375,0
2,145375,0
3,145375,0
1,145467,0
0,145560,0
2,145560,0
3,145560,0
0,145653,0
1,145745,0
3,145745,0
3,145838,0
0,145930,0
1,145930,0
2,145930,1,146023
1,146023,0
3,146116,0
0,146208,0
1,146208,0
0,146301,0
3,146301,0
1,146301,0
0,146486,0
1,146486,0
3,146579,0
2,146579,0
0,146671,0
2,146671,0
3,146671,1,146764
0,146764,0
1,146856,0
2,146856,0
3,146856,0
2,146949,0
0,147042,0
1,147042,0
3,147042,0
1,147134,0
0,147227,0
3,147227,0
2,147227,0
3,147319,0
0,147412,0
1,147412,0
0,147504,0
1,147504,0
2,147597,0
3,147597,0
3,147690,0
2,147690,0
0,147782,0
1,147782,0
0,147875,0
1,147875,0
2,147967,0
3,147967,0
2,148060,0
3,148060,0
1,148153,1,148245
0,148153,0
2,148199,1,148292
3,148245,1,149171
1,148338,0
0,148338,0
0,148523,0
0,148646,0
0,148770,0
2,148893,0
2,149017,0
2,149140,0
0,149264,1,149387
1,149387,1,149511
2,149511,1,149634
0,149634,0
3,149634,0
1,149634,1,149703
3,149772,0
1,149772,1,149842
0,149911,0
2,149911,0
3,149911,0
1,149981,0
2,150050,0
0,150120,0
3,150189,1,150328
2,150189,1,150259
1,150189,0
0,150397,1,150467
1,150397,1,150467
3,150467,0
2,150467,0
2,150606,1,150745
1,150606,1,150675
0,150745,1,150884
3,150745,0
3,150884,0
2,150918,0
1,150953,0
0,150988,0
3,151022,1,151161
2,151022,0
0,151161,0
1,151161,1,151300
0,151300,1,151439
3,151300,0
1,151439,1,151578
3,151439,0
0,151578,0
2,151578,1,151717
0,151717,0
3,151717,1,151856
0,151856,0
1,151856,0
2,151856,1,151925
1,151995,0
2,151995,1,152064
0,152134,0
1,152134,0
3,152134,0
2,152203,0
1,152272,0
3,152342,0
0,152411,1,152550
1,152411,1,152481
2,152411,0
3,152620,1,152689
2,152620,1,152689
0,152689,0
1,152689,0
2,152828,1,152967
1,152828,1,152897
0,152967,0
3,152967,1,153106
0,153106,0
1,153140,0
2,153175,0
3,153210,0
0,153245,1,153384
1,153245,0
2,153384,1,153522
3,153384,0
0,153522,1,153592
1,153522,1,153661
2,153731,1,153800
3,153731,1,153800
0,153800,1,153870
1,153800,0
0,153939,1,154009
3,153939,0
2,153939,0
3,154078,0
0,154078,0
1,154078,1,154147
2,154217,0
1,154217,1,154286
0,154356,0
2,154356,0
3,154356,0
1,154425,0
3,154495,0
0,154564,0
2,154634,1,154703
3,154634,1,154772
1,154634,0
1,154842,1,154911
0,154842,1,154911
3,154911,0
2,155050,1,155120
1,155050,1,155189
0,155189,1,155328
3,155189,0
3,155328,0
2,155363,0
1,155397,0
0,155432,0
3,155467,1,155606
2,155467,0
0,155606,1,155745
1,155606,0
3,155745,1,155884
2,155745,0
1,155884,0
2,155884,1,156022
0,156022,1,156161
3,156022,0
1,156161,1,156300
3,156161,0
0,156300,0
2,156300,1,156370
0,156439,0
2,156439,1,156509
0,156578,0
1,156578,0
3,156578,0
2,156647,0
1,156717,0
3,156786,0
0,156856,1,156995
1,156856,1,156925
2,156856,0
3,157064,1,157134
2,157064,1,157134
0,157134,0
0,157272,1,157411
1,157272,1,157342
3,157411,1,157550
2,157411,0
1,157550,1,157620
2,157620,1,157689
1,157689,1,157759
3,157828,1,157897
0,157828,0
2,157897,1,157967
1,157897,0
0,157967,0
3,157967,1,158175
0,158175,0
1,158175,0
2,158175,1,158384
3,158384,0
1,158384,0
0,158384,1,158522
1,158522,0
3,158569,0
2,158615,0
1,158661,0
3,158708,0
0,158754,0
1,158800,0
2,158846,0
3,158893,0
0,158939,0
1,159009,0
0,159078,0
3,159078,1,159124
2,159124,1,159171
0,159217,0
3,159217,1,159263
2,159263,1,159309
3,159356,1,159402
1,159356,0
0,159356,0
2,159402,1,159448
1,159495,0
2,159634,0
0,159634,1,159772
1,159772,0
2,159772,1,159911
3,159819,1,159981
0,160050,0
0,160120,0
1,160189,0
3,160189,1,160235
2,160235,1,160282
3,160328,1,160374
1,160328,0
2,160374,1,160421
3,160467,0
0,160467,1,160513
1,160513,1,160559
0,160606,1,160652
3,160606,0
1,160652,1,160698
0,160745,0
3,160745,0
2,160745,1,160814
0,160884,1,160918
1,160918,1,160953
3,160953,1,160988
2,160988,1,161022
0,161022,1,161057
1,161057,1,161092
0,161161,1,161196
1,161196,1,161231
2,161300,1,161439
1,161300,0
0,161300,0
3,161335,1,161509
1,161439,0
0,161578,0
1,161578,0
2,161578,0
0,161717,0
3,161717,0
1,161786,0
3,161856,0
2,161856,0
0,161856,0
1,161995,0
2,161995,1,162029
3,162029,1,162064
2,162134,0
0,162134,1,162168
1,162168,1,162203
2,162272,0
0,162272,1,162307
1,162307,1,162342
0,162411,0
2,162411,1,162481
3,162411,0
2,162550,1,162620
3,162689,0
1,162689,0
0,162689,1,162759
3,162828,0
0,162828,0
1,162828,1,162897
0,162967,0
3,162967,0
2,162967,1,163036
1,163106,0
2,163106,1,163175
0,163245,0
1,163245,0
3,163245,0
2,163314,0
1,163384,0
3,163453,0
0,163522,1,163661
1,163522,1,163592
2,163522,0
2,163731,1,163800
3,163731,1,163800
0,163800,0
1,163939,1,164078
2,163939,1,164009
0,164078,0
3,164078,1,164217
0,164217,0
1,164252,0
2,164286,0
3,164321,0
0,164356,1,164495
1,164495,1,164634
3,164495,0
0,164634,0
3,164634,1,164772
0,164772,0
2,164772,1,164911
1,164911,1,165050
3,164911,0
0,165050,1,165189
3,165050,0
2,165189,0
1,165189,1,165259
3,165328,0
1,165328,1,165397
0,165467,0
2,165467,0
3,165467,0
1,165536,0
2,165606,0
0,165675,0
3,165745,1,165884
2,165745,1,165814
1,165745,0
0,165953,1,166022
1,165953,1,166022
2,166022,0
2,166161,1,166300
3,166161,1,166300
0,166161,0
0,166300,0
1,166300,0
0,166439,0
2,166509,0
3,166509,0
1,166509,0
3,166647,0
0,166717,0
1,166717,0
2,166717,0
0,166856,0
2,166925,0
1,166925,0
3,166925,0
2,167064,0
0,167134,0
3,167134,0
1,167134,0
0,167272,0
3,167272,0
1,167272,0
0,167411,1,168175
2,167411,1,168175
3,167411,1,168175
0,168522,0
2,168522,0
3,168522,0
1,168661,0
3,168661,0
2,168800,0
0,168800,0
2,168870,0
3,168939,0
1,168939,0
1,169009,0
3,169078,1,169217
2,169078,1,169217
1,169217,1,169356
0,169217,1,169356
3,169356,0
2,169356,0
0,169634,0
3,169634,0
2,169634,0
3,169772,0
0,169911,0
1,169911,0
2,169911,0
1,170050,0
0,170189,0
2,170189,0
3,170189,0
1,170328,0
0,170467,0
1,170467,0
3,170467,0
2,170606,0
0,170745,0
2,170745,0
3,170745,0
0,170884,0
1,171022,0
2,171022,0
3,171022,0
2,171161,0
0,171300,0
1,171300,0
3,171300,0
1,171439,0
0,171578,0
2,171578,0
3,171578,0
0,171717,0
2,171717,0
3,171717,0
1,171856,0
2,171856,0
3,171856,0
0,171995,0
1,171995,0
0,172134,0
2,172134,0
3,172134,0
1,172272,0
3,172272,0
0,172411,0
1,172411,0
2,172411,0
2,172550,0
3,172550,0
0,172689,0
1,172689,0
3,172689,0
0,172828,0
2,172828,0
0,172967,0
2,172967,0
3,172967,0
1,173175,0
2,173175,0
3,173175,0
0,173384,0
1,173384,0
3,173384,0
0,173522,1,173546
1,173557,1,173574
2,173592,1,173615
3,173627,1,173644
0,173661,0
1,173661,0
2,173731,0
0,173800,0
3,173800,0
1,173800,0
0,174078,0
1,174078,0
3,174078,0
1,174217,0
2,174217,0
3,174217,0
0,174356,0
2,174356,0
3,174356,0
0,174495,0
1,174495,0
2,174495,0
0,174634,0
1,174634,0
3,174634,0
1,174772,0
2,174772,0
3,174772,0
0,174911,1,175050
3,174911,0
3,175050,1,175085
2,175085,1,175120
1,175120,1,175154
0,175154,1,175189
3,175189,0
2,175189,0
0,175328,0
1,175328,0
3,175328,0
0,175467,0
2,175467,0
3,175467,0
2,175606,0
3,175606,0
0,175675,0
1,175675,0
2,175745,0
3,175745,0
0,175884,0
1,175884,0
2,175884,0
0,176022,0
3,176022,0
1,176022,1,176092
1,176161,1,176231
2,176300,0
3,176300,0
0,176370,0
1,176370,0
2,176439,0
3,176439,0
0,176509,0
1,176509,0
2,176578,0
3,176578,0
0,176647,0
1,176647,0
2,176717,0
3,176717,0
0,176786,0
1,176786,0
2,176856,0
3,176890,0
1,176925,0
0,176960,0
3,176995,0
2,176995,0
1,177064,0
0,177064,0
2,177134,0
3,177134,0
1,177272,0
0,177272,0
0,177411,0
2,177411,0
2,177550,0
3,177689,0
0,177689,0
2,177828,0
1,177897,0
2,177967,0
0,178106,0
3,178106,0
0,178245,0
2,178245,0
3,178245,0
1,178522,0
0,178522,0
3,178557,0
2,178592,0
1,178627,0
0,178661,0
2,178800,0
0,178800,0
1,178823,0
3,178939,0
2,178939,0
0,178974,0
1,179009,0
2,179043,0
3,179078,0
1,179217,0
3,179217,0
2,179240,0
3,179356,1,179495
2,179379,1,179518
1,179402,1,179541
0,179425,1,179564
2,179634,0
3,179634,0
1,179703,0
2,179772,0
3,179772,0
1,179842,0
0,179911,0
2,179911,0
3,179934,0
3,180050,1,180259
2,180073,1,180235
1,180096,1,180212
0,180120,1,180189
0,180328,1,180467
1,180351,1,180490
2,180374,1,180513
3,180397,1,180536
1,180606,0
0,180606,0
2,180606,0
0,180745,0
1,180745,0
3,180745,0
3,180884,0
2,180918,0
1,180953,0
0,180988,0
2,181022,0
3,181046,0
1,181161,0
2,181161,0
0,181161,0
0,181300,0
1,181335,0
2,181370,0
3,181404,0
1,181439,1,181509
0,181439,1,181509
2,181578,1,181647
3,181578,1,181647
1,181717,0
0,181717,0
2,181786,0
3,181786,0
1,181856,0
0,181879,0
0,182064,0
3,182064,0
2,182087,0
0,182272,0
3,182272,0
2,182296,0
0,182411,0
1,182411,0
3,182458,0
2,182504,0
1,182550,0
0,182596,0
2,182689,0
3,182689,0
1,182735,0
3,182782,0
2,182782,0
0,182828,0
1,182828,0
0,182897,0
1,182897,0
2,182967,0
3,182967,0
0,183036,0
1,183071,0
2,183106,0
3,183140,0
2,183245,0
0,183245,0
1,183268,0
1,183384,0
0,183384,0
3,183453,0
2,183488,0
1,183522,0
0,183557,0
2,183661,0
1,183661,0
3,183684,0
0,183800,0
1,183800,0
2,183846,0
3,183893,0
0,183939,0
2,183985,0
1,184032,0
3,184078,0
0,184078,0
2,184217,0
1,184263,0
0,184309,0
2,184356,0
3,184356,0
0,184495,0
1,184495,0
2,184564,0
0,184634,0
1,184634,0
3,184634,0
1,184726,0
3,184726,0
0,184819,0
2,184819,0
3,184911,0
2,184934,0
1,184958,0
0,184981,0
3,185050,0
2,185073,0
1,185096,0
0,185120,0
2,185189,0
3,185189,1,185467
0,185328,0
1,185397,0
0,185467,0
2,185467,0
0,185606,0
1,185606,1,185814
3,185606,0
3,185745,0
2,185814,0
1,185884,0
0,185884,0
3,185884,0
0,186022,0
1,186022,0
2,186022,0
0,186161,0
3,186161,1,186300
2,186161,0
0,186300,1,186509
1,186300,0
1,186509,0
2,186509,1,186717
3,186509,0
0,186717,1,186809
1,186717,0
3,186717,0
3,186856,0
2,186890,0
1,186925,0
0,186960,0
3,186995,0
2,187041,0
0,187134,0
1,187180,0
3,187226,0
2,187272,0
1,187342,0
0,187411,0
3,187411,0
2,187411,0
0,187689,0
3,187689,0
2,187724,0
1,187759,0
0,187793,0
3,187897,0
2,187897,0
0,187967,0
1,187990,0
2,188013,0
3,188106,0
0,188129,0
2,188152,0
0,188245,0
3,188245,0
1,188268,0
0,188522,0
3,188522,0
2,188557,0
1,188592,0
0,188627,0
3,188661,0
2,188708,0
3,188800,0
0,188800,0
1,188835,0
2,188870,0
3,188904,0
0,189009,0
1,189009,0
3,189078,0
2,189113,0
1,189147,0
0,189217,0
3,189217,0
2,189252,0
1,189286,0
0,189356,0
3,189356,0
2,189425,0
1,189495,0
0,189495,0
2,189564,0
0,189634,0
1,189634,0
3,189680,0
2,189726,0
1,189772,0
0,189819,0
2,189911,0
1,189934,0
3,190050,0
2,190050,0
0,190096,0
1,190143,0
2,190189,0
3,190235,0
1,190328,0
0,190328,0
2,190351,0
0,190467,0
1,190467,0
3,190467,0
0,190606,0
1,190606,0
0,190675,0
1,190675,0
2,190745,0
3,190745,0
0,190884,0
1,190884,0
3,190884,0
0,191022,0
1,191161,0
2,191161,0
3,191161,0
0,191300,0
3,191300,0
2,191323,0
2,191509,0
1,191509,0
0,191509,0
2,191717,0
3,191717,0
0,191717,0
3,191786,0
2,191786,0
0,191856,0
1,191856,0
2,191902,0
3,191948,0
0,191995,0
1,192041,0
3,192134,0
0,192134,0
2,192157,0
3,192272,0
2,192342,0
1,192342,0
0,192411,0
3,192458,0
2,192504,0
1,192550,0
2,192620,0
3,192689,0
1,192689,0
0,192689,0
0,192967,0
3,192967,0
2,193002,0
1,193036,0
0,193245,0
3,193245,0
1,193268,0
3,193314,0
2,193384,0
1,193453,0
0,193453,0
3,193522,0
2,193557,0
1,193592,0
0,193627,0
3,193661,0
2,193661,0
0,193800,0
3,193800,0
1,193835,0
2,193870,0
0,193939,0
3,193985,0
2,194032,0
0,194078,0
1,194078,0
2,194217,0
1,194286,0
2,194356,0
3,194495,0
0,194495,0
2,194634,0
2,194703,0
3,194772,0
1,194772,0
0,194796,0
1,194911,0
1,194981,0
0,195050,0
3,195050,0
2,195073,0
1,195189,0
0,195189,0
2,195259,0
0,195328,0
1,195328,0
3,195328,0
0,195536,0
2,195536,0
3,195536,0
1,195745,0
0,195745,0
3,195745,0
2,195884,0
3,195884,0
0,195953,0
1,195953,0
2,196022,0
3,196022,0
0,196300,0
2,196300,0
3,196300,1,196370
0,196439,0
2,196439,0
3,196509,0
1,196509,0
0,196578,0
2,196578,0
3,196717,0
1,196717,0
0,196786,0
2,196786,0
3,196856,0
1,196856,0
0,196925,0
2,196925,0
3,196995,0
1,196995,0
0,197134,0
2,197134,0
3,197203,0
1,197203,0
0,197272,0
2,197272,0
3,197342,0
1,197342,0
0,197411,0
2,197411,0
3,197550,0
1,197550,0
0,197620,0
2,197620,0
3,197689,0
1,197689,0
0,197759,0
2,197759,0
1,197828,0
3,197828,0
0,197967,0
2,197967,0
3,198036,0
1,198036,0
0,198106,0
2,198106,0
3,198175,0
1,198175,0
0,198245,0
2,198245,0
3,198314,0
1,198360,0
2,198407,0
3,198453,0
1,198522,1,198592
0,198522,1,198592
1,198661,1,198731
0,198661,1,198731
3,198661,0
0,198800,0
3,198800,0
2,198800,0
1,198870,0
0,198939,0
3,198939,0
2,198939,0
2,199078,0
0,199078,0
1,199101,0
3,199217,0
0,199217,0
2,199252,0
1,199286,0
3,199356,0
2,199390,0
0,199425,0
0,199495,0
3,199518,0
3,199634,0
2,199634,0
0,199668,0
1,199703,0
2,199738,0
3,199772,0
2,199911,0
3,199911,0
0,199911,0
0,200050,0
1,200050,0
2,200120,0
3,200120,0
0,200189,1,200397
1,200189,0
1,200397,0
2,200397,0
3,200397,1,200606
0,200606,0
1,200606,1,200745
2,200606,0
3,200745,1,200837
0,200745,1,200791
2,200745,1,200837
0,201022,0
1,201022,0
2,201022,0
1,201161,0
3,201161,0
1,201231,0
0,201300,0
3,201300,0
2,201323,0
1,201439,0
3,201439,0
0,201439,0
2,201578,0
1,201578,0
2,201647,0
0,201717,0
3,201717,0
1,201740,0
0,201856,0
1,201856,0
3,201856,0
2,201995,0
2,202064,0
1,202134,0
0,202134,0
3,202157,0
0,202272,0
3,202272,0
2,202272,0
3,202411,0
1,202411,0
1,202481,0
0,202550,0
3,202550,0
2,202573,0
3,202689,0
0,202689,0
1,202735,0
2,202782,0
0,202828,0
1,202874,0
3,202967,0
2,202967,0
0,203013,0
1,203059,0
2,203106,0
3,203152,0
0,203245,0
1,203314,0
2,203384,0
3,203384,0
0,203384,0
0,203522,0
2,203522,0
1,203546,0
2,203661,0
3,203661,0
1,203661,0
1,203800,0
3,203800,0
0,203800,0
2,203939,0
0,203939,0
0,204078,0
2,204078,0
3,204078,1,204217
1,204217,0
2,204217,1,204356
0,204356,0
1,204356,1,204495
3,204356,0
3,204495,0
2,204495,0
0,204495,1,204703
3,204703,0
1,204703,0
2,204703,1,204911
0,204911,0
3,204911,1,205050
1,204911,0
1,205050,1,205189
0,205189,1,205328
2,205189,1,205259
3,205189,1,205328
1,205328,0
0,205467,0
3,205467,0
2,205502,0
1,205536,0
0,205571,0
0,205745,0
2,205745,1,205884
1,205768,0
2,205953,0
0,206022,0
2,206022,1,206092
2,206161,1,206231
1,206300,0
3,206300,0
1,206370,1,206509
3,206578,0
1,206578,1,206647
1,206717,1,206786
0,206856,0
2,206856,0
0,206925,0
3,206995,0
1,206995,0
3,207064,0
0,207134,0
1,207168,0
2,207203,0
3,207238,0
1,207272,0
0,207307,0
1,207411,1,207481
3,207411,1,207550
2,207411,1,207550
2,207689,0
0,207689,0
3,207689,0
2,207759,0
1,207828,0
1,207897,0
3,207967,0
0,207967,0
2,208002,0
1,208036,0
0,208106,0
2,208134,0
1,208189,0
3,208245,0
0,208245,0
2,208268,0
3,208384,0
2,208430,0
1,208476,0
0,208522,0
3,208522,1,208557
2,208557,1,208592
1,208592,1,208627
0,208627,1,208661
3,208731,0
2,208731,0
0,208800,0
1,208800,0
2,208870,0
3,208939,0
0,208939,1,209078
1,208939,0
3,209078,0
2,209078,1,209217
1,209078,0
0,209217,0
3,209217,1,209356
1,209217,0
0,209356,0
1,209379,0
3,209425,0
2,209448,0
0,209495,0
1,209518,0
1,209634,0
2,209634,0
3,209634,0
1,209772,0
0,209772,0
2,209772,0
2,209911,0
3,209911,0
0,209981,0
1,209981,0
2,210050,0
3,210050,0
0,210120,0
1,210120,0
2,210189,1,210397
3,210189,0
0,210397,1,210606
1,210397,0
3,210397,0
1,210606,0
2,210606,0
3,210606,1,210698
0,210745,0
1,210745,0
2,210814,0
3,210814,0
0,210884,0
1,210884,0
2,211022,0
3,211022,0
0,211092,0
1,211092,0
2,211161,0
3,211161,0
0,211231,0
1,211231,0
2,211300,0
3,211300,0
0,211439,0
3,211439,0
1,211439,1,211578
0,211578,1,211694
3,211613,1,211699
2,211647,1,211740
1,211682,1,211769
0,211856,0
1,211856,0
2,211856,0
0,211995,0
1,211995,0
2,211995,0
0,212134,0
2,212134,0
3,212134,0
0,212272,0
2,212272,0
3,212272,0
2,212411,0
3,212446,0
1,212481,0
0,212515,0
2,212550,0
3,212550,0
0,212620,0
1,212620,0
2,212689,0
3,212689,0
0,212759,0
1,212759,0
2,212828,0
3,212828,0
0,212897,0
1,212897,0
2,212967,0
3,212967,1,214078
2,213522,1,214078
0,213800,0
1,213800,0
0,214078,0
1,214078,1,216022
2,216022,1,216300
3,216161,1,216300
0,216300,1,217134
2,217134,1,217967
3,217967,1,218245
0,218245,1,218522
3,218384,1,218522
2,218453,1,218522
1,218522,1,219356
2,219356,1,220467
0,220467,1,220745
1,220559,1,220745
2,220652,1,220745
3,220745,1,221578
1,221578,1,221856
0,221856,1,222272
3,222272,1,222550
0,222550,1,222828
1,222689,1,222967
2,222828,1,222967
3,222967,1,223522
0,222967,0
1,223499,0
0,223522,1,224078
1,224078,1,224911
3,224911,1,225189
2,225050,1,225189
0,225189,1,226022
3,226022,1,226161
2,226161,1,226995
0,226995,1,227411
3,227134,1,227411
2,227272,1,227411
1,227411,1,228522
0,228522,1,228939
3,228939,1,229356
0,229356,1,229634
2,229610,0
1,229634,1,230467
3,230467,1,230606
2,230606,1,231439
0,231439,1,231578
1,231578,1,231717
3,231717,1,231856
2,231856,1,232411
1,232388,0
0,232411,1,232967
3,232967,1,233522
0,233522,1,233800
1,233800,1,234078
2,233939,1,234078
3,234078,1,234911
2,234911,1,235050
0,235027,0
1,235050,1,235884
2,235884,1,236300
0,236022,1,236300
3,236161,1,236300
1,236300,1,236995
3,236995,1,237411
0,237134,1,237411
1,237272,1,237411
2,237411,1,238106
0,238106,1,238522
1,238245,1,238522
2,238384,1,238522
3,238522,1,239911
0,239356,0
2,239356,0
1,239495,0
2,239564,0
0,239634,0
1,239634,0
1,239772,0
2,239842,0
0,239911,0
1,239911,0
2,240050,0
3,240050,0
0,240120,0
1,240120,0
2,240189,1,240467
3,240189,0
1,240328,1,240467
0,240467,1,240606
3,240606,1,240745
0,240745,1,240814
1,240745,0
2,240745,0
0,240884,1,240953
1,240884,0
2,240884,0
3,241022,1,241092
2,241092,1,241161
1,241161,1,241231
0,241231,1,241300
2,241300,1,241439
1,241439,1,241578
3,241578,1,241717
0,241717,1,241995
2,241995,1,242134
1,242134,1,242272
3,242272,1,242411
0,242411,1,242481
1,242481,1,242550
2,242550,1,242689
0,242689,1,242828
2,242828,1,242967
0,242967,0
1,242967,1,243036
3,242967,0
0,243106,0
1,243106,1,243175
3,243106,0
2,243245,1,243314
0,243314,1,243384
1,243384,1,243453
2,243453,1,243522
3,243522,1,243661
0,243661,1,243800
3,243800,1,243939
2,243939,1,244217
1,244217,1,244356
2,244356,1,244495
0,244495,1,244634
2,244634,1,244680
1,244680,1,244726
3,244726,1,244772
2,244772,1,244819
1,244819,1,244865
0,244865,1,244911
2,244911,0
3,244911,1,244958
1,244981,1,245050
2,245050,1,245120
1,245120,1,245189
0,245189,0
2,245189,0
3,245189,1,245259
0,245328,0
2,245328,0
3,245328,1,245397
2,245467,1,245536
0,245536,1,245606
1,245606,1,245675
2,245675,1,245745
3,245745,1,245884
1,245884,1,246022
2,246022,1,246161
0,246161,1,246439
1,246300,0
3,246300,0
1,246439,0
3,246439,1,246578
1,246578,1,246717
2,246717,1,246856
0,246856,1,246925
1,246925,1,246995
3,246995,1,247134
2,247134,1,247272
1,247272,1,247411
0,247411,0
2,247411,1,247481
3,247411,0
0,247550,0
2,247550,1,247620
3,247550,0
0,247689,1,247759
3,247759,1,247828
2,247828,1,247897
1,247897,1,247967
0,247967,0
3,247967,1,248036
2,247967,0
0,248106,0
3,248106,1,248175
2,248106,0
0,248245,1,248314
1,248314,1,248384
2,248384,1,248430
3,248453,1,248522
0,248522,1,248592
1,248522,0
2,248522,0
0,248661,1,248731
1,248661,0
2,248661,0
1,248800,1,248870
2,248870,1,248939
0,248939,0
1,248939,1,249009
3,249009,0
2,249009,0
0,249078,1,249217
1,249078,0
2,249217,1,249495
3,249217,0
0,249495,1,249634
1,249564,1,249634
2,249634,0
3,249634,0
2,249772,0
0,249911,0
1,249911,0
3,249911,0
1,250050,0
0,250189,0
2,250189,0
3,250189,0
3,250328,0
0,250467,0
1,250467,0
2,250467,0
0,250606,0
1,250745,0
2,250745,0
3,250745,0
2,250884,0
0,251022,0
1,251022,0
3,251022,0
1,251161,0
0,251300,0
2,251300,0
3,251300,0
2,251439,0
0,251578,0
1,251578,0
3,251578,0
0,251717,0
1,251717,0
2,251717,0
0,251856,0
1,251856,0
3,251856,0
1,251995,0
2,251995,0
0,252134,0
2,252134,0
3,252134,0
2,252272,0
3,252272,0
0,252411,0
1,252411,0
2,252411,0
0,252550,0
1,252550,0
0,252689,0
2,252689,0
3,252689,0
1,252828,0
2,252828,0
3,252828,0
0,252967,0
1,252967,0
3,252967,0
1,253175,0
2,253175,0
3,253175,0
0,253384,0
2,253384,0
3,253384,0
3,253522,1,253546
2,253557,1,253574
1,253592,1,253615
0,253627,1,253644
2,253661,0
3,253661,0
1,253731,0
0,253800,0
2,253800,0
3,253800,0
0,254078,0
1,254078,0
3,254078,0
0,254217,0
1,254217,0
3,254217,0
0,254356,0
2,254356,0
3,254356,0
0,254495,0
1,254495,0
2,254495,0
1,254634,0
2,254634,0
3,254634,0
0,254772,0
1,254772,0
3,254772,0
3,254911,1,255189
0,254911,0
2,255050,1,255189
0,255189,0
1,255189,0
0,255328,0
2,255328,0
3,255328,0
0,255467,0
1,255467,0
3,255467,0
2,255606,0
3,255606,0
0,255675,0
1,255675,0
2,255745,0
3,255745,0
0,255884,0
1,255884,0
2,255884,0
0,256022,0
3,256022,1,256069
1,256092,0
2,256092,1,256138
0,256161,0
3,256161,1,256208
1,256231,0
2,256231,1,256277
0,256300,0
3,256300,1,256352
1,256439,0
2,256439,0
0,256509,0
3,256509,0
1,256578,0
2,256578,0
2,256717,0
3,256717,0
0,256786,0
1,256786,0
3,256856,0
2,256890,0
1,256925,0
0,256960,0
2,256995,0
3,256995,0
0,257064,0
1,257064,0
2,257134,0
3,257134,0
0,257272,0
1,257272,0
2,257272,0
1,257411,1,257828
0,257411,0
3,257411,0
0,257828,1,258106
1,257967,0
2,257967,0
3,257967,1,258384
2,258106,1,258384
1,258245,0
0,258245,1,258384
1,258384,1,258522
0,258522,1,258661
3,258522,1,258708
2,258522,1,258638
1,258661,1,258846
2,258731,1,258846
3,258800,1,258985
0,258800,1,258985
2,258939,1,259263
1,258939,1,259124
0,259078,1,259194
3,259078,1,259263
1,259217,1,259402
0,259286,1,259402
2,259356,1,259541
3,259356,1,259541
0,259495,1,259680
1,259495,1,259610
2,259634,1,259819
3,259634,1,259958
1,259703,1,259819
0,259772,1,260096
2,259911,1,260166
1,259911,1,260235
3,260050,1,260374
0,260189,1,260374
2,260259,1,260374
1,260328,1,260652
0,260467,1,260721
2,260467,1,260513
3,260467,1,260513
3,260606,1,260652
2,260606,1,260652
1,260745,1,260860
2,260745,1,260930
3,260745,1,260930
0,260814,1,261069
1,260953,1,261208
2,261022,1,261208
3,261022,1,261346
0,261161,1,261346
1,261300,1,261485
2,261300,1,261485
3,261439,1,261763
0,261439,1,261624
1,261578,1,261995
2,261578,1,261763
0,261717,1,261902
3,261856,1,262180
2,261856,1,262041
0,261995,1,262041
1,262064,1,262458
0,262134,1,262319
2,262134,1,262272
3,262272,1,262319
2,262342,1,262527
3,262411,1,262620
0,262411,1,262596
1,262550,1,262689
2,262620,1,262689
0,262689,0
3,262724,0
2,262759,0
1,262793,0
0,262828,0
3,262863,0
2,262897,0
0,262967,1,263152
1,262967,1,263291
3,262967,1,263152
2,263175,1,263430
3,263245,1,263569
0,263245,1,263430
1,263384,1,263846
0,263522,1,263708
2,263522,1,263638
3,263661,1,263708
2,263731,1,263985
0,263800,1,264124
3,263800,1,263985
1,263939,1,264194
2,264078,1,264263
3,264078,1,264333
0,264217,1,264263
1,264286,1,264402
0,264356,1,264541
2,264356,1,264471
3,264425,1,264541
1,264495,1,264819
2,264564,1,264749
0,264634,1,264958
3,264634,1,264819
2,264842,1,265096
3,264911,1,264958
1,264911,1,265374
3,265050,1,265096
0,265050,1,265235
2,265189,1,265444
3,265189,1,265305
0,265328,1,265374
3,265397,1,265652
1,265467,1,265860
0,265467,1,265513
2,265536,1,265652
0,265606,1,265791
3,265745,1,265930
2,265745,1,265930
0,265884,1,266069
1,265953,1,266069
3,266022,1,266208
2,266022,1,266138
0,266161,1,266231
1,266161,1,266231
2,266231,1,266300
0,266300,0
3,266300,0
1,266300,0
3,266439,0
0,266439,0
1,266439,0
0,266717,0
2,266717,0
3,266717,0
0,266995,0
1,266995,0
3,267064,0
2,267064,0
1,267134,0
0,267134,0
2,267272,0
3,267272,0
0,267272,0
3,267411,1,267481
0,267411,1,267596
2,267411,1,267735
1,267411,1,267527
3,267550,1,267596
1,267620,1,267874
3,267689,1,267874
0,267689,1,268013
2,267828,1,268083
3,267967,1,268152
1,267967,1,268499
0,268106,1,268152
2,268175,1,268291
3,268245,1,268430
0,268245,1,268708
2,268384,1,268569
3,268522,1,268708
1,268592,1,268846
2,268661,1,268985
3,268800,1,268985
0,268800,1,269078
1,268939,1,269078
2,269078,1,269147
3,269078,1,269147
1,269147,1,269217
3,269217,0
2,269217,1,269286
0,269286,0
1,269286,0
2,269356,0
3,269356,1,269564
0,269495,0
2,269495,1,269564
3,269634,0
1,269634,0
0,269634,0
2,269703,0
1,269772,0
2,269842,0
0,269911,0
3,269911,0
1,269981,0
0,270050,0
1,270120,0
2,270189,0
3,270189,0
0,270212,0
1,270259,0
3,270328,0
2,270397,0
0,270467,0
1,270467,0
3,270467,0
2,270536,0
0,270606,0
1,270606,0
2,270675,0
0,270745,0
1,270745,0
2,270814,0
3,270884,0
0,270953,0
1,270953,0
2,270953,0
3,271022,0
0,271092,0
1,271161,0
3,271161,0
2,271184,0
0,271231,0
1,271300,0
3,271300,0
2,271370,0
0,271439,0
1,271509,0
2,271578,0
3,271578,0
2,271647,0
3,271647,0
0,271717,0
1,271717,0
0,271786,0
1,271786,0
2,271856,0
3,271856,0
1,271925,0
2,271995,0
1,272064,0
3,272064,0
0,272064,0
2,272134,0
3,272203,0
0,272272,0
1,272272,0
2,272272,0
3,272342,0
0,272411,0
1,272411,0
2,272411,0
3,272481,0
1,272550,0
0,272550,0
2,272620,0
1,272689,0
3,272689,0
0,272689,0
2,272759,0
3,272828,0
0,272828,0
1,272897,0
3,272967,0
2,272967,0
1,273036,0
3,273106,0
2,273106,0
1,273175,0
0,273175,0
2,273245,0
3,273245,0
1,273314,0
2,273384,0
0,273384,0
3,273453,0
1,273522,0
2,273522,0
0,273592,0
3,273661,0
2,273661,0
1,273731,0
0,273731,0
2,273800,0
3,273800,0
1,273870,0
0,273939,0
3,273939,0
2,273939,0
1,274009,0
0,274078,0
3,274078,0
2,274078,0
2,274217,0
3,274217,0
0,274217,0
0,274356,0
1,274356,0
3,274356,0
0,274495,0
1,274495,0
3,274495,0
2,274634,0
3,274634,0
0,274703,0
1,274703,0
2,274772,0
3,274772,0
0,274842,0
1,274842,0
2,274911,0
3,274911,0
0,274981,0
1,274981,0
2,275050,0
3,275050,0
0,275120,0
1,275120,0
3,275189,1,275397
2,275189,0
1,275328,0
0,275328,0
0,275467,0
1,275502,0
2,275536,0
3,275571,0
1,275606,0
0,275606,0
2,275675,0
3,275675,0
1,275745,0
0,275745,0
3,275884,0
2,275884,0
1,275953,0
0,275953,0
2,276022,0
3,276022,0
0,276092,0
1,276161,0
2,276231,0
0,276300,0
3,276300,0
1,276346,0
2,276393,0
0,276439,0
1,276485,0
3,276532,0
0,276578,0
2,276578,0
1,276624,0
3,276671,0
2,276717,0
1,276763,0
0,276809,0
2,276856,1,277041
3,276856,1,277041
0,276948,1,277134
1,277041,1,277226
2,277134,1,277319
3,277134,1,277319
0,277226,1,277388
1,277319,1,277458
2,277411,1,277527
3,277411,1,277596
0,277481,1,277596
1,277550,1,277735
2,277620,1,277735
3,277689,1,277874
0,277689,1,277874
2,277828,1,278152
1,277828,1,278013
3,277967,1,278152
0,277967,1,278291
1,278106,1,278430
2,278245,1,278430
3,278245,1,278384
0,278384,1,278430
0,278522,0
1,278522,0
3,278522,0
2,278592,0
0,278661,0
1,278661,0
2,278731,0
3,278731,0
0,278800,0
1,278800,0
2,278870,0
1,278939,0
3,278939,0
0,279009,0
1,279078,0
2,279078,0
3,279078,0
0,279147,0
2,279217,0
3,279217,0
1,279286,0
0,279356,0
2,279356,0
3,279356,0
1,279425,0
3,279495,0
0,279495,0
2,279564,0
3,279634,0
0,279634,0
1,279634,0
2,279703,0
0,279772,0
1,279772,0
3,279842,0
0,279911,0
1,279911,0
2,279911,0
3,279981,0
1,280050,0
2,280102,0
1,280143,0
0,280189,0
3,280189,0
2,280259,0
0,280328,0
3,280328,0
1,280397,0
0,280467,0
2,280467,0
3,280467,0
0,280606,0
1,280606,0
2,280606,0
0,280745,0
3,280745,0
2,280791,0
1,280837,0
0,280884,0
2,280930,0
1,280976,0
0,281022,0
3,281022,0
2,281069,0
1,281115,0
3,281161,0
2,281208,0
1,281254,0
0,281300,1,281485
3,281300,1,281485
1,281439,1,281624
2,281439,1,281624
3,281578,1,281763
0,281578,1,281763
1,281717,1,281763
2,281717,1,281809
0,281856,0
1,281856,0
3,281856,0
2,281925,0
0,281995,0
1,281995,0
2,282064,0
0,282134,0
1,282134,0
3,282134,0
2,282203,0
0,282272,0
3,282272,0
1,282342,0
0,282411,0
2,282411,0
3,282411,0
2,282550,0
1,282602,0
2,282643,0
0,282689,0
3,282689,0
0,282828,0
2,282828,0
1,282828,0
1,282967,0
2,282967,0
3,282967,0
0,283036,0
2,283106,0
3,283106,0
0,283175,0
1,283175,0
2,283245,0
3,283245,0
0,283314,0
3,283384,0
1,283384,0
2,283453,0
0,283522,0
1,283522,0
3,283522,0
2,283592,0
0,283661,0
1,283661,0
3,283731,0
0,283800,0
1,283800,0
2,283870,0
3,283939,0
0,283939,0
1,284009,0
3,284078,0
2,284078,0
0,284124,0
1,284171,0
3,284217,0
0,284263,0
2,284309,0
3,284356,0
1,284356,0
0,284402,0
2,284448,0
3,284495,0
1,284541,0
0,284587,0
2,284634,0
3,284634,0
1,284680,0
0,284726,0
2,284772,0
1,284819,0
0,284865,0
2,284911,0
3,284911,0
2,284981,0
3,284981,0
0,285050,0
1,285050,0
0,285120,0
1,285120,0
3,285189,0
2,285189,0
0,285235,0
1,285282,0
2,285328,0
0,285374,0
3,285421,0
2,285467,0
1,285467,0
0,285513,0
3,285559,0
1,285606,0
2,285652,0
3,285698,0
1,285745,1,285930
0,285745,1,285930
2,285837,1,286022
3,285930,1,286208
0,286022,1,286208
1,286022,1,286115
2,286115,1,286277
1,286208,1,286346
3,286300,1,286485
0,286300,1,286416
2,286370,1,286485
1,286439,1,286763
0,286509,1,286624
2,286578,1,286763
3,286578,1,287041
0,286717,1,286902
1,286856,1,287319
2,286856,1,287041
0,286995,1,287134
2,287134,1,287319
3,287134,1,287319
0,287272,1,287319
0,287411,0
2,287411,0
3,287411,0
1,287481,0
2,287550,0
3,287550,0
0,287620,0
1,287620,0
2,287689,0
3,287689,0
1,287759,0
0,287828,0
2,287828,0
3,287897,0
0,287967,0
1,287967,0
2,287967,0
3,288036,0
0,288106,0
1,288106,0
2,288175,0
0,288245,0
1,288245,0
3,288245,0
2,288314,0
1,288384,0
0,288384,0
2,288453,0
1,288522,0
3,288522,0
0,288522,0
2,288592,0
1,288661,0
3,288661,0
0,288731,0
1,288800,0
2,288800,0
3,288800,0
0,288870,0
3,288939,0
2,288939,0
1,289009,0
3,289078,0
2,289078,0
0,289078,0
1,289147,0
3,289217,0
2,289217,0
1,289286,0
2,289356,0
3,289356,0
2,289425,0
3,289425,0
0,289495,0
1,289495,0
0,289564,0
1,289564,0
2,289634,0
3,289634,0
1,289680,0
0,289726,0
2,289772,0
1,289819,0
3,289865,0
0,289911,0
2,289911,0
1,289958,0
3,290004,0
0,290050,0
2,290096,0
1,290143,0
0,290189,1,290513
3,290189,1,290374
2,290328,1,290606
1,290397,1,290513
3,290467,1,290698
1,290606,1,290652
0,290606,1,290698
2,290745,0
1,290791,0
2,290837,0
0,290884,0
3,290884,0
1,290953,0
0,291022,0
2,291022,0
3,291022,0
1,291092,0
2,291161,0
3,291161,0
1,291231,0
0,291300,0
2,291300,0
3,291300,0
1,291370,0
0,291439,0
2,291439,0
3,291509,0
0,291578,0
1,291578,0
2,291578,0
0,291717,0
1,291717,0
3,291717,0
2,291856,0
3,291856,0
0,291856,0
2,291995,0
3,291995,0
0,291995,0
1,292134,0
2,292134,0
3,292134,0
1,292272,0
2,292272,0
3,292272,0
0,292411,0
1,292411,0
2,292411,0
0,292550,0
1,292550,0
2,292550,0
3,292689,0
1,292689,0
0,292689,0
2,292759,0
1,292828,0
0,292828,0
3,292897,0
2,292897,0
0,292967,0
1,293002,0
3,293036,0
2,293071,0
1,293106,0
0,293106,0
2,293175,0
3,293175,0
1,293245,0
0,293245,0
2,293384,0
3,293384,0
1,293453,0
0,293453,0
2,293522,0
3,293522,0
0,293592,0
1,293592,0
2,293661,0
3,293661,0
0,293731,0
1,293731,0
2,293800,0
3,293800,0
0,293870,0
1,293870,0
2,293939,0
3,293939,0
0,294009,0
1,294009,0
2,294078,1,294356
3,294078,1,294356
0,294356,0
1,294356,0
1,294495,0
0,294634,0
2,294634,0
3,294634,0
2,294772,0
0,294911,0
1,294911,0
3,294911,0
0,295050,0
1,295189,0
2,295189,0
3,295189,0
3,295328,0
0,295467,0
1,295467,0
2,295467,0
2,295606,0
0,295745,0
1,295745,0
3,295745,0
1,295884,0
0,296022,0
2,296022,0
3,296022,0
3,296161,0
0,296300,0
2,296300,0
3,296300,0
1,296439,0
0,296578,0
1,296578,0
2,296578,0
3,296717,0
0,296856,0
2,296856,0
3,296856,0
1,296995,0
0,297134,0
1,297134,0
3,297134,0
0,297272,0
1,297272,0
3,297272,0
0,297411,0
2,297411,0
3,297411,0
1,297620,0
2,297620,0
3,297620,0
0,297828,0
1,297828,0
3,297828,0
0,297967,1,297990
1,298002,1,298019
2,298036,1,298059
3,298071,1,298088
0,298106,0
1,298106,0
2,298175,0
0,298245,0
1,298245,0
3,298245,0
0,298522,0
1,298522,0
3,298522,0
1,298661,0
2,298661,0
3,298661,0
0,298800,0
2,298800,0
3,298800,0
0,298939,0
1,298939,0
2,298939,0
0,299078,0
1,299078,0
3,299078,0
2,299217,0
3,299217,0
1,299217,0
3,299356,1,299495
0,299356,0
0,299495,1,299529
1,299529,1,299564
2,299564,1,299599
3,299599,1,299634
0,299634,0
1,299634,0
0,299772,0
2,299772,0
3,299772,0
3,299911,0
1,299911,0
2,299911,0
0,300050,0
1,300050,0
2,300120,0
3,300120,0
0,300189,0
1,300189,0
0,300328,0
2,300328,0
3,300328,0
3,300467,0
1,300467,1,300536
1,300606,1,300675
2,300745,0
3,300745,0
1,300814,0
0,300814,0
2,300884,0
3,300884,0
1,300953,0
0,300953,0
3,301022,0
2,301022,0
1,301092,0
0,301092,0
3,301161,0
2,301161,0
0,301231,0
1,301231,0
2,301300,0
3,301335,0
1,301370,0
0,301404,0
2,301439,0
3,301474,0
1,301509,0
0,301543,0
2,301578,0
3,301578,0
0,301717,0
1,301717,0
2,301717,0
0,301856,0
1,301856,0
3,301856,0
3,302134,0
0,302134,0
2,302272,0
1,302342,0
2,302411,0
0,302550,0
3,302550,0
0,302689,0
3,302689,0
2,302689,0
2,302967,1,303245
3,302967,1,303245
0,302967,1,303384
1,302967,1,303384
2,303384,0
3,303384,0
2,303453,0
3,303453,0
0,303522,0
1,303557,0
2,303592,0
3,303661,0
1,303696,0
0,303731,0
3,303800,1,303846
2,303823,1,303870
1,303846,1,303893
0,303939,1,303985
1,303962,1,304009
2,303985,1,304032
3,304009,1,304055
0,304078,0
1,304113,0
0,304147,0
3,304217,0
2,304252,0
3,304286,0
0,304356,0
1,304387,0
2,304417,0
3,304448,0
0,304479,0
1,304510,0
2,304541,0
3,304634,0
0,304634,0
2,304703,0
0,304703,0
2,304772,0
3,304772,0
1,304772,0
3,304911,1,305189
0,304911,0
2,305050,1,305189
0,305189,0
1,305189,0
0,305282,0
1,305282,0
1,305374,0
0,305374,0
2,305467,0
3,305467,0
2,305559,0
3,305559,0
2,305652,0
3,305652,0
0,305745,0
1,305745,0
3,305779,0
2,305814,0
1,305849,0
0,305884,0
3,305953,0
2,305953,0
0,305988,0
1,306022,0
2,306057,0
3,306092,0
1,306161,0
0,306161,0
2,306196,0
3,306231,0
1,306300,0
0,306323,0
2,306370,0
3,306393,0
1,306439,0
0,306462,0
3,306578,0
2,306624,0
1,306671,0
0,306717,0
2,306763,0
1,306809,0
3,306856,0
0,306890,0
1,306925,0
2,306960,0
0,306995,0
3,307029,0
1,307064,0
2,307099,0
3,307134,0
0,307134,1,307272
0,307411,1,307550
2,307411,1,307550
3,307411,1,307620
1,307411,1,307481
2,307689,0
0,307689,0
1,307712,0
0,307828,0
0,307897,0
3,307967,0
2,307967,0
2,308036,0
3,308036,1,308175
2,308175,0
1,308175,0
0,308175,1,308314
3,308314,0
2,308349,0
1,308384,0
0,308418,0
3,308453,0
2,308453,0
1,308522,0
0,308522,0
3,308522,1,308661
1,308661,0
1,308731,0
2,308800,0
3,308800,0
0,308800,0
2,308870,0
0,308939,0
0,309009,0
3,309078,0
2,309078,0
1,309113,0
0,309147,0
3,309182,0
1,309217,0
2,309252,0
3,309286,0
0,309356,1,309402
1,309379,1,309425
3,309425,1,309471
2,309448,1,309495
0,309495,1,309541
1,309518,1,309564
3,309634,0
2,309634,0
0,309703,0
1,309703,0
3,309726,0
2,309757,0
1,309788,0
0,309819,0
3,309911,0
3,309981,0
1,310050,0
1,310120,0
2,310189,0
2,310259,0
1,310328,1,310467
0,310328,1,310467
3,310328,1,310467
1,310536,1,310675
2,310536,1,310675
3,310536,1,310675
2,310745,1,310953
3,310745,1,310953
0,310745,1,310884
1,310884,0
0,311022,1,311092
1,311022,1,311092
0,311161,1,311231
1,311161,1,311231
3,311231,0
2,311231,0
1,311300,0
3,311346,0
2,311393,0
0,311439,1,311485
1,311439,0
3,311485,0
2,311532,0
1,311578,1,311717
0,311578,0
0,311856,0
2,311856,0
3,311856,0
0,311995,1,312029
2,312029,1,312064
1,312064,1,312099
3,312099,1,312134
0,312134,1,312168
2,312168,1,312203
1,312203,1,312238
3,312238,1,312272
0,312272,0
2,312342,0
0,312411,0
1,312411,0
3,312411,0
0,312550,0
1,312550,0
3,312550,0
2,312689,0
3,312689,0
1,312689,0
0,312828,0
1,312828,0
2,312897,0
3,312897,0
0,312967,0
1,312967,0
2,313036,0
3,313036,0
0,313106,0
1,313106,0
2,313245,0
3,313245,0
0,313245,0
2,313384,0
3,313384,0
1,313384,0
0,313522,0
3,313522,0
2,313557,0
1,313592,0
0,313627,0
3,313661,0
1,313696,0
2,313731,0
0,313800,0
1,313835,0
2,313870,0
3,313904,0
1,313939,0
0,313974,0
2,314078,1,314356
3,314078,0
1,314113,1,314356
0,314147,1,314356
0,314448,0
2,314448,0
3,314448,0
0,314541,0
2,314541,0
3,314634,0
1,314634,0
1,314726,0
3,314726,0
0,314819,0
2,314819,0
3,314911,0
2,314946,0
1,314981,0
0,315015,0
1,315096,0
2,315143,0
0,315189,0
3,315189,0
0,315282,0
3,315282,0
0,315374,0
3,315374,0
1,315467,0
2,315467,0
2,315559,0
1,315559,0
1,315652,0
2,315652,0
0,315745,0
3,315745,0
2,315791,0
1,315837,0
0,315884,0
3,315930,0
2,315976,0
0,316022,0
1,316022,1,316161
1,316300,0
3,316300,0
0,316300,0
2,316300,0
0,316439,0
1,316439,0
2,316439,0
1,316578,0
2,316578,0
3,316578,0
0,316717,0
1,316717,0
3,316717,0
0,316856,0
2,316856,0
3,316856,0
0,316995,0
1,316995,0
0,317064,0
1,317064,0
2,317134,0
3,317134,0
3,317272,0
2,317296,0
1,317319,0
0,317342,0
3,317365,0
2,317388,0
1,317411,0
0,317550,0
1,317550,0
3,317550,0
0,317689,0
1,317689,0
2,317689,0
0,317828,0
2,317828,0
3,317828,0
3,317967,0
2,317990,0
1,318013,0
0,318036,0
2,318106,0
3,318106,0
2,318175,0
3,318175,0
0,318245,0
1,318268,0
2,318291,0
3,318314,0
0,318384,0
1,318384,0
0,318453,0
1,318453,0
2,318522,0
3,318522,0
0,318592,0
1,318592,0
2,318661,0
3,318661,0
0,318731,0
1,318731,0
2,318800,0
3,318800,0
2,318870,0
0,318939,0
1,318939,0
0,319009,0
3,319078,0
2,319101,0
1,319124,0
0,319147,0
3,319171,0
2,319194,0
1,319217,0
0,319240,0
3,319263,0
2,319286,0
1,319309,0
0,319333,0
2,319356,0
3,319356,0
1,319425,0
0,319425,0
3,319495,0
2,319495,0
0,319634,1,320120
2,319634,1,320120
3,319634,1,320120
0,320189,1,320675
1,320189,1,320675
3,320189,1,320675
0,320745,1,322967
2,320745,1,321022
3,320745,1,321022
1,320745,1,321300
3,321439,0
1,321578,0
2,321717,0
3,321856,0
3,322411,0
2,322689,0
1,322967,0
3,322967,1,325189
0,323800,0
2,323939,0
1,324078,0
0,325189,0
1,325189,1,327411
3,325884,0
0,326022,0
2,326161,0
3,326300,0
3,326856,0
0,327041,0
2,327226,0
2,327411,1,329634
3,327411,0
3,328245,0
0,328384,0
0,329634,1,333245
1,329772,1,333245
2,329911,1,333245
3,330050,1,333245
