2,1069,1,2061
0,2046,0
1,2046,1,2790
3,2046,0
0,2804,1,2928
2,2928,1,3052
3,3052,1,3796
1,3796,1,3920
2,3920,1,4044
0,4044,1,4416
3,4044,0
1,4416,1,4788
0,4788,1,4912
3,4912,1,5036
2,5036,1,5284
1,5284,1,5532
2,5532,1,5780
1,5780,1,5903
0,5903,1,6027
1,6027,1,6771
3,6027,0
0,6151,0
2,6213,0
3,6275,0
2,6523,0
3,6523,0
2,6771,1,6895
0,6895,0
3,6895,1,7019
1,6957,0
0,7019,1,7763
2,7019,0
3,7267,0
1,7515,0
2,7515,0
2,7763,1,7887
3,7887,1,8011
1,8011,1,8383
0,8259,0
3,8383,1,8755
2,8507,0
0,8507,0
1,8755,1,8879
2,8879,1,9003
0,9003,1,9251
3,9003,0
1,9251,1,9499
2,9251,0
0,9499,0
3,9499,1,9746
2,9746,1,9994
1,9994,1,10738
0,9994,0
3,9994,0
2,10242,0
0,10490,0
3,10490,0
2,10738,1,10862
3,10862,1,10986
0,10986,1,11730
2,11110,0
1,11234,0
3,11234,0
1,11482,0
2,11482,0
1,11730,1,11854
3,11854,1,11978
0,11978,0
1,11978,0
2,11978,1,12350
1,12226,0
0,12350,1,12722
1,12474,0
2,12474,0
3,12474,0
1,12722,1,12846
2,12846,1,12970
0,12970,0
1,12970,1,13218
3,12970,0
2,13218,1,13465
0,13341,0
3,13341,0
1,13341,0
3,13465,1,13713
0,13465,0
0,13713,1,13837
1,13713,0
2,13713,0
1,13837,1,13961
0,13961,0
2,13961,0
3,13961,0
2,14085,0
0,14209,0
1,14209,0
3,14209,0
0,14333,0
2,14457,0
3,14457,0
1,14457,0
2,14581,0
0,14705,1,14829
3,14705,0
1,14705,0
1,14829,1,14953
2,14829,0
0,14953,0
3,14953,0
2,14953,0
0,15077,0
2,15201,0
3,15201,0
1,15201,0
1,15325,0
0,15449,0
3,15449,0
2,15449,0
2,15573,0
0,15697,0
3,15697,1,15821
1,15697,0
1,15821,0
2,15821,1,15945
0,15945,0
3,15945,0
1,16007,0
2,16069,0
3,16131,0
0,16193,0
1,16193,0
2,16255,0
3,16317,0
0,16379,0
1,16441,0
2,16441,0
3,16503,0
0,16565,0
1,16627,0
2,16689,0
3,16689,0
0,16751,0
1,16813,0
2,16875,0
0,16937,0
1,16937,0
3,16999,0
2,17061,0
1,17122,0
3,17184,0
2,17184,0
0,17246,0
1,17308,0
2,17370,0
0,17432,0
1,17432,0
2,17494,0
1,17556,0
3,17556,0
0,17618,0
2,17680,0
3,17680,0
1,17742,0
0,17804,0
3,17866,0
1,17928,0
2,17928,0
0,17990,0
3,18052,0
2,18114,0
1,18176,0
0,18238,0
3,18300,0
2,18362,0
1,18424,0
3,18486,0
2,18548,0
1,18610,0
0,18672,0
3,18734,0
2,18796,0
1,18858,0
0,18920,0
3,18982,0
2,19044,0
1,19106,0
0,19168,0
2,19230,0
1,19292,0
0,19354,0
3,19416,0
2,19478,0
1,19540,0
0,19602,0
2,19664,0
1,19726,0
3,19788,0
2,19850,0
0,19912,0
1,19974,0
0,20036,0
1,20098,0
2,20160,0
3,20222,0
2,20284,0
3,20346,0
2,20408,0
1,20470,0
0,20532,0
1,20594,0
2,20656,0
3,20718,0
2,20780,0
3,20841,0
0,20903,0
1,20903,0
2,20965,0
3,20965,0
0,21027,0
1,21027,0
2,21089,0
3,21089,0
0,21151,0
1,21151,0
2,21213,0
3,21213,0
0,21275,0
1,21275,0
2,21337,0
3,21337,0
0,21399,0
1,21399,0
2,21461,0
3,21461,0
0,21523,0
1,21523,0
2,21585,0
3,21585,0
0,21647,0
1,21647,1,21895
0,21895,0
2,21895,0
3,21895,0
1,22019,0
0,22143,0
2,22143,0
3,22143,0
1,22267,0
0,22391,0
3,22391,0
1,22391,0
2,22515,0
0,22639,0
3,22639,0
2,22639,0
1,22763,0
0,22887,0
1,22887,0
2,22887,0
0,23011,0
2,23135,0
3,23135,0
1,23135,0
0,23259,0
1,23259,0
3,23259,0
2,23383,0
2,23507,0
1,23507,0
0,23507,0
2,23631,0
3,23631,0
1,23631,0
1,23755,0
0,23755,0
2,23817,0
3,23817,0
0,23879,0
1,23879,0
3,23879,0
2,24003,0
0,24127,0
2,24127,0
3,24127,0
1,24251,0
2,24375,0
3,24375,0
1,24437,0
0,24437,0
3,24499,0
0,24499,0
2,24499,0
2,24622,0
3,24622,0
1,24622,0
1,24746,0
3,24746,0
0,24746,0
0,24870,0
3,24870,1,24994
2,24870,1,24932
0,24994,1,25242
1,24994,1,25180
2,24994,0
1,25242,0
2,25242,1,25490
3,25242,1,25490
0,25490,1,25614
1,25490,0
2,25614,0
3,25614,1,25862
1,25614,0
1,25738,1,25862
0,25862,0
2,25862,0
1,25986,0
0,26110,0
3,26110,0
1,26110,0
2,26234,0
2,26358,0
3,26358,0
0,26358,0
1,26482,0
0,26606,0
3,26606,0
1,26606,0
3,26730,0
2,26730,0
0,26730,0
0,26854,0
1,26854,0
3,26854,0
2,26978,0
1,27102,0
3,27102,0
0,27102,0
0,27226,0
2,27226,0
3,27226,0
1,27350,0
1,27474,0
2,27474,0
3,27474,0
0,27598,0
2,27598,0
1,27598,0
0,27846,0
3,27846,0
2,27846,1,28094
1,27908,0
3,27970,0
0,28094,0
1,28094,1,28341
3,28218,0
2,28280,0
0,28341,1,28465
3,28465,0
1,28527,0
2,28589,0
3,28589,1,28837
0,28651,0
1,28713,0
2,28775,0
0,28837,1,29085
1,28837,1,29085
3,28961,0
2,28961,0
3,29085,1,29209
2,29085,1,29209
1,29209,1,29581
2,29333,0
3,29333,0
0,29457,1,29581
3,29519,0
2,29581,1,29705
3,29643,0
1,29705,1,29829
0,29829,0
2,29829,0
3,29829,1,30077
1,29953,0
1,30077,0
0,30077,1,30201
2,30077,0
1,30201,1,30325
3,30325,0
2,30325,0
0,30325,1,30449
2,30449,1,30573
0,30573,0
1,30573,0
3,30573,1,30697
1,30697,1,30821
0,30821,1,31069
2,30821,0
3,30821,0
2,31069,0
3,31069,0
1,31069,1,31193
3,31193,1,31317
1,31317,0
0,31317,0
2,31317,1,31441
0,31441,1,31565
2,31565,0
1,31565,0
3,31565,1,31689
0,31689,0
1,31689,1,31813
2,31689,0
3,31813,0
0,31813,1,32061
2,31813,0
2,32061,0
1,32061,0
3,32061,1,32184
1,32184,1,32308
2,32308,0
3,32308,0
0,32308,1,32432
1,32432,1,32556
0,32556,0
2,32556,0
3,32556,1,32680
1,32680,1,32742
2,32742,1,32804
1,32804,0
3,32804,1,32928
0,32804,0
2,32928,0
1,32928,0
0,32928,0
2,33052,0
1,33052,1,33176
3,33176,0
2,33176,0
0,33176,0
1,33300,0
2,33300,1,33424
0,33424,0
1,33424,0
3,33424,0
2,33548,0
0,33548,1,33672
1,33672,0
2,33672,1,33796
3,33734,0
0,33796,0
1,33796,1,34044
0,34044,0
3,34044,0
2,34044,1,34168
0,34168,1,34292
1,34292,0
3,34292,0
2,34292,1,34416
3,34416,1,34540
0,34540,0
2,34540,0
1,34540,1,34664
2,34664,1,34788
0,34788,1,35036
1,34788,0
3,34788,0
2,35036,0
3,35036,0
1,35036,1,35160
3,35160,1,35284
0,35284,0
1,35284,0
2,35284,1,35408
0,35408,1,35532
2,35532,0
1,35532,0
3,35532,1,35656
1,35656,0
2,35656,1,35780
0,35656,0
1,35780,1,36027
0,35780,0
3,35780,0
0,36027,0
2,36027,0
3,36027,1,36151
2,36151,1,36275
0,36275,0
3,36275,0
1,36275,1,36399
2,36399,1,36523
3,36523,0
1,36523,0
0,36523,1,36647
1,36647,1,36709
2,36709,1,36771
0,36771,0
1,36771,0
3,36771,1,37019
2,36895,1,37019
0,37019,1,37267
2,37143,1,37267
3,37267,1,37391
2,37391,0
2,37515,1,37639
1,37639,1,37763
0,37763,0
2,37763,0
3,37763,1,38259
2,38259,0
1,38259,0
0,38383,0
1,38507,0
2,38631,0
1,38693,0
0,38755,0
3,38755,1,39251
2,39251,0
0,39375,0
2,39499,0
0,39622,0
1,39684,0
2,39746,0
3,39746,0
0,39808,0
1,39808,0
2,39870,0
3,39870,0
0,39994,0
3,39994,0
1,40118,0
2,40118,0
0,40180,0
3,40180,0
1,40242,0
2,40242,0
0,40366,0
1,40366,0
3,40490,0
2,40490,0
0,40552,0
1,40552,0
3,40614,0
2,40614,0
0,40676,0
1,40676,0
2,40738,0
3,40738,1,40862
1,40862,0
2,40862,0
0,40862,1,40986
3,40986,0
0,41110,0
2,41110,0
1,41110,1,41296
3,41234,0
0,41358,0
0,41482,0
3,41482,0
2,41482,1,41730
1,41606,0
0,41730,0
1,41730,1,42226
3,41730,0
0,42226,0
3,42226,0
2,42226,1,42350
1,42350,1,42474
2,42474,1,42598
0,42598,0
1,42660,0
0,42722,1,43218
2,42722,0
3,42722,0
1,43218,0
2,43218,0
3,43218,1,43341
2,43341,1,43465
0,43465,1,43589
3,43589,0
2,43651,0
3,43713,0
1,43713,0
0,43775,0
2,43775,0
3,43837,0
1,43837,0
0,43961,0
2,43961,0
2,44085,0
3,44085,0
0,44147,0
1,44147,0
2,44209,0
3,44209,0
0,44333,0
1,44333,0
1,44457,0
2,44457,0
0,44519,0
3,44519,0
2,44581,0
1,44581,0
3,44643,0
0,44643,0
2,44705,0
1,44705,1,44829
2,44829,0
3,44829,0
0,44829,1,44953
1,44953,0
0,45077,0
3,45077,0
2,45077,1,45263
1,45201,0
0,45325,0
1,45449,0
2,45449,0
3,45449,1,45697
0,45573,0
0,45697,1,45945
1,45697,1,45945
2,45697,0
3,45945,1,46069
2,46069,1,46193
1,46193,1,46317
0,46317,1,46379
2,46379,1,46441
1,46441,1,46565
0,46565,1,46689
2,46689,1,46937
3,46937,1,47061
1,47061,1,47308
2,47308,1,47432
1,47432,1,47556
0,47556,1,47680
3,47556,1,47680
1,47680,0
2,47680,0
0,47928,1,48176
1,47928,1,48176
2,47928,0
3,48176,1,48300
1,48300,1,48672
2,48300,1,48548
0,48300,0
0,48672,1,48920
3,48672,1,49044
2,48672,0
1,49044,1,49416
2,49044,1,49168
0,49044,0
0,49416,1,49664
3,49416,1,49602
2,49416,0
1,49664,1,49912
2,49664,1,49974
3,49664,0
0,49912,1,50036
1,50036,1,50160
2,50160,1,50284
3,50160,1,50470
0,50160,0
0,50284,1,50346
1,50346,1,50408
2,50408,1,50532
1,50532,1,50656
0,50656,1,50965
3,50656,1,50780
2,50656,0
1,50903,1,51027
2,51027,1,51399
0,51151,1,51461
3,51151,0
1,51151,0
3,51275,1,51399
1,51399,1,51523
2,51523,1,51647
0,51647,0
3,51647,0
1,51709,0
0,51771,0
3,51833,0
2,51895,0
1,51957,0
0,52004,0
3,52081,0
2,52143,0
1,52236,0
0,52329,0
1,52453,0
2,52577,0
1,52701,0
0,52825,0
3,52949,0
2,53166,0
0,53383,0
1,53383,0
0,53631,0
3,53631,1,54127
2,53631,1,54065
0,54127,1,54375
1,54127,1,54313
2,54127,0
1,54375,1,54622
0,54622,0
3,54622,1,54870
2,54622,1,54808
2,54870,0
0,54870,1,55118
1,54870,1,55056
3,55118,0
2,55180,0
0,55242,0
1,55304,0
3,55366,0
2,55428,0
0,55490,0
1,55552,0
0,55614,1,56110
2,55614,0
3,55614,1,56048
2,56110,0
3,56110,0
0,56358,0
1,56420,0
3,56482,0
2,56544,0
0,56606,0
1,56606,0
3,56606,1,56854
2,56854,1,56978
1,56978,1,57226
0,57102,0
2,57102,0
3,57102,0
0,57226,1,57350
2,57350,1,57474
3,57474,1,57598
0,57598,1,58094
1,57598,0
2,57598,1,58032
1,58094,1,58156
2,58094,1,58218
0,58341,1,58589
1,58589,0
2,58589,1,58775
3,58589,1,58837
0,58837,0
1,58837,1,59023
2,58837,1,59085
3,59085,0
1,59147,0
2,59209,0
0,59271,0
1,59333,0
3,59395,0
2,59457,0
1,59519,0
0,59581,0
2,59581,1,60077
3,59581,1,60015
1,60077,0
3,60077,0
2,60325,0
1,60387,0
0,60449,0
1,60573,1,60821
2,60573,0
3,60573,0
3,60821,1,60945
0,60945,1,61193
2,61069,0
3,61069,0
1,61069,0
1,61193,1,61317
3,61317,1,61565
1,61441,1,61565
2,61565,0
0,61565,1,61751
2,61689,0
0,61813,0
1,61813,0
3,61813,1,61999
2,61937,0
1,62061,0
0,62061,0
2,62061,1,62246
1,62184,0
1,62308,0
0,62308,0
3,62308,1,62494
2,62432,0
1,62556,0
3,62556,0
0,62556,1,62742
1,62680,0
2,62804,0
0,62804,0
3,62804,1,62928
1,62866,1,62928
2,62928,0
0,63052,0
1,63114,0
3,63176,0
2,63238,0
0,63300,0
1,63362,0
3,63424,0
2,63486,0
0,63548,0
3,63548,0
1,63548,1,63920
2,63672,0
3,63796,1,63982
2,63796,1,63982
0,63796,0
0,63920,0
1,64044,0
2,64044,1,64230
3,64044,1,64230
1,64168,0
3,64292,0
0,64292,0
2,64292,1,64354
1,64354,1,64416
0,64416,1,64478
2,64478,1,64540
1,64540,0
0,64540,1,64788
3,64540,0
2,64788,1,64912
1,64912,1,65160
2,65036,0
3,65036,0
0,65036,0
2,65160,1,65284
1,65284,1,65532
0,65408,1,65532
2,65532,0
3,65532,0
2,65656,0
3,65656,0
0,65780,0
1,65780,0
3,65780,0
0,65903,0
1,65903,0
2,66027,0
3,66027,0
0,66027,0
1,66151,0
2,66151,0
0,66275,0
3,66275,0
2,66275,0
0,66399,0
1,66399,0
2,66461,0
3,66461,0
0,66523,0
1,66523,0
3,66523,0
1,66647,0
2,66647,0
2,66771,0
3,66771,0
0,66771,0
0,66895,0
1,66895,0
3,67019,1,67143
2,67143,1,67267
1,67267,1,67391
0,67391,1,67515
2,67515,0
3,67515,0
0,67577,0
1,67577,0
2,67639,0
3,67639,0
0,67701,0
1,67701,0
2,67763,0
3,67763,0
0,67825,0
1,67825,0
2,67887,0
3,67887,0
0,67949,0
1,67949,0
2,68011,0
3,68011,0
0,68073,0
1,68073,0
2,68135,0
3,68135,0
0,68197,0
1,68197,0
3,68259,0
2,68290,0
0,68321,0
1,68352,0
3,68383,0
2,68414,0
0,68445,0
1,68476,0
2,68507,0
3,68507,1,68755
2,68755,1,68879
1,68879,1,69127
0,69127,1,69251
2,69251,1,69375
3,69375,1,69499
0,69499,0
1,69499,1,70242
2,69499,0
3,70242,1,70366
2,70366,1,70490
0,70490,1,71234
2,71234,1,71358
1,71358,1,71482
0,71482,0
3,71482,1,71854
1,71730,0
2,71730,0
0,71854,1,72226
1,71978,0
2,71978,0
3,72226,1,72350
1,72350,1,72474
0,72474,0
2,72474,1,72722
0,72722,1,72970
1,72970,0
3,72970,1,73218
1,73218,1,73341
0,73341,1,73465
2,73465,1,74209
3,73465,0
1,73713,0
0,73961,0
3,73961,0
1,74209,1,74333
2,74333,1,74457
0,74457,0
3,74457,1,75201
2,74705,0
0,74953,0
1,74953,0
2,75201,1,75325
0,75325,1,75449
1,75449,0
2,75449,1,75821
0,75697,0
3,75821,1,76193
0,75945,0
1,75945,0
2,76193,1,76317
0,76317,1,76441
1,76441,1,76689
2,76441,0
2,76689,0
3,76689,1,76937
0,76937,1,77184
1,76937,0
1,77184,1,77432
2,77184,1,77370
0,77432,0
2,77432,0
3,77432,1,77556
0,77680,1,77804
1,77804,1,77928
2,77928,1,78052
1,78052,1,78176
3,78176,1,78300
0,78300,1,78362
1,78362,1,78424
2,78424,1,78548
1,78672,1,78796
3,78796,1,78920
2,79044,1,79168
0,79168,1,79292
2,79292,1,79416
0,79416,1,79540
1,79416,0
3,79416,1,79540
1,79664,0
2,79664,1,79788
3,79664,1,79912
0,79788,1,79912
1,79912,1,80036
0,80036,0
3,80036,1,80160
2,80036,1,80222
1,80160,1,80284
3,80284,1,80346
2,80346,1,80408
0,80408,1,80532
1,80408,1,80656
2,80656,1,80780
1,80780,0
3,80780,1,80903
0,80780,1,80903
1,80903,1,81027
2,81027,1,81151
1,81151,0
3,81151,1,81275
0,81151,1,81399
1,81275,1,81399
3,81399,1,81523
2,81399,1,81647
1,81647,1,81771
0,81771,1,81895
2,81895,1,82019
1,82019,1,82143
2,82143,1,82267
0,82267,1,82329
3,82329,1,82391
2,82391,1,82515
2,82639,1,82763
1,82763,1,82887
1,83011,1,83135
0,83135,1,83259
2,83259,1,83383
0,83383,0
3,83383,1,83507
1,83383,1,83631
0,83631,1,83755
1,83755,1,84003
2,83755,0
3,83755,1,83879
2,83879,1,84003
0,84003,1,84127
1,84127,0
3,84127,1,84375
2,84127,1,84251
1,84251,1,84313
0,84313,1,84375
1,84375,1,84499
2,84375,1,84561
0,84622,0
3,84622,1,84746
1,84622,1,84808
0,84870,1,84994
2,84870,0
3,84870,1,85056
0,85118,1,85242
2,85118,0
1,85118,1,85304
2,85242,1,85366
0,85366,0
1,85366,1,85490
3,85366,0
2,85490,0
3,85490,0
0,85614,0
1,85614,1,85738
2,85738,0
3,85738,1,85862
0,85862,0
1,85862,1,85986
2,85986,0
0,85986,1,86110
1,86110,0
3,86110,1,86234
0,86234,0
1,86234,1,86296
2,86296,1,86358
0,86358,0
3,86358,1,86482
2,86482,0
1,86482,0
3,86606,0
0,86606,1,86730
1,86730,0
3,86730,1,86854
1,86854,0
2,86854,0
0,86978,0
3,86978,1,87102
0,87102,0
1,87102,1,87226
2,87226,1,87350
1,87350,0
3,87350,0
0,87350,1,87474
3,87474,0
2,87474,0
0,87598,0
1,87598,1,87722
3,87722,0
2,87722,1,87846
0,87846,0
1,87846,1,87970
3,87970,0
2,87970,1,88094
1,88094,0
0,88094,1,88218
2,88218,0
3,88218,1,88280
1,88280,1,88341
3,88341,0
0,88341,0
2,88341,1,88465
0,88465,0
1,88465,0
2,88589,0
3,88589,1,88713
0,88713,0
1,88713,1,88837
2,88713,0
0,88837,0
3,88837,0
1,88961,0
2,88961,1,89085
0,89085,0
3,89085,0
1,89085,1,89209
3,89209,0
2,89209,1,89333
0,89333,0
1,89333,0
3,89333,0
2,89395,0
1,89457,0
0,89519,0
2,89581,0
3,89581,0
1,89643,0
2,89705,0
3,89767,0
0,89829,0
1,89829,0
2,89891,0
1,89953,0
0,90015,0
2,90077,0
3,90077,0
1,90139,0
0,90201,0
3,90263,0
1,90325,0
2,90325,0
0,90387,0
3,90449,0
2,90511,0
0,90573,0
1,90573,0
3,90635,0
2,90697,0
1,90759,0
0,90821,0
3,90821,0
2,90883,0
1,90945,0
0,91007,0
2,91069,0
3,91069,0
1,91131,0
2,91193,0
3,91255,0
0,91317,0
1,91317,0
2,91379,0
3,91441,0
1,91503,0
0,91565,0
3,91627,0
2,91689,0
1,91751,0
0,91813,0
2,91875,0
1,91937,0
0,92061,0
1,92122,0
3,92184,0
2,92246,0
1,92308,0
0,92308,0
2,92370,0
3,92370,0
0,92432,0
1,92432,0
2,92494,0
3,92494,0
0,92556,0
1,92556,0
2,92618,0
3,92618,0
0,92680,0
1,92680,0
2,92742,0
3,92742,0
0,92804,0
1,92804,0
2,92866,0
3,92866,0
0,92928,0
1,92928,0
2,92990,0
3,92990,0
0,93052,0
1,93052,1,93300
0,93300,0
2,93300,0
3,93300,0
2,93424,0
1,93548,0
3,93548,0
2,93548,0
0,93672,0
0,93796,0
1,93796,0
3,93796,0
1,93920,0
2,94044,0
3,94044,0
0,94044,0
1,94168,0
2,94230,0
0,94292,0
1,94292,0
3,94292,0
2,94416,0
0,94540,0
2,94540,0
3,94540,0
1,94664,0
0,94788,0
1,94788,0
3,94788,0
2,94912,0
0,95036,0
3,95036,0
1,95036,0
1,95160,0
2,95160,0
0,95284,0
2,95284,0
3,95284,0
1,95408,0
2,95532,0
3,95532,0
0,95532,0
1,95656,0
0,95780,0
1,95780,0
2,95780,0
2,95903,0
1,96027,0
3,96027,0
0,96027,0
2,96151,0
1,96213,0
0,96275,0
2,96275,0
3,96275,0
1,96399,0
2,96523,0
3,96523,0
0,96523,0
0,96647,0
1,96647,0
1,96895,0
3,96895,0
3,97019,0
2,97019,0
1,97019,0
1,97143,0
0,97143,0
2,97205,0
3,97205,0
0,97267,0
1,97267,0
3,97267,0
2,97391,0
1,97515,0
3,97515,0
0,97515,0
1,97639,0
2,97763,0
3,97763,0
0,97763,0
1,97887,0
0,98011,0
2,98011,0
3,98011,0
1,98135,0
0,98135,0
2,98197,0
0,98259,0
1,98259,0
3,98259,0
2,98383,0
3,98507,0
2,98507,0
1,98507,0
0,98631,0
1,98631,0
1,98879,0
2,98879,0
0,99003,0
3,99003,0
2,99065,0
1,99065,0
0,99127,0
3,99127,0
1,99251,0
0,99251,0
2,99251,0
0,99375,0
1,99499,0
3,99499,0
2,99499,0
0,99622,0
3,99622,0
3,99870,0
1,99870,0
1,99994,0
2,99994,0
0,99994,0
3,100118,0
2,100118,0
1,100180,0
0,100180,0
2,100242,0
0,100242,0
3,100242,0
1,100366,0
0,100490,0
2,100490,0
3,100490,0
0,100614,0
1,100614,0
3,100676,0
2,100676,0
0,100738,0
1,100769,0
3,100800,0
2,100831,0
1,100862,0
0,100862,0
1,100986,0
2,100986,0
3,100986,0
0,101110,0
1,101141,0
2,101172,0
3,101203,0
0,101234,0
1,101234,0
3,101482,1,101606
2,101606,1,101730
1,101730,1,101854
0,101730,0
3,101854,1,101978
0,101978,1,102102
1,102102,1,102164
2,102164,1,102226
3,102226,1,102350
1,102474,1,102598
0,102598,1,102722
3,102846,1,102970
0,102970,0
1,102970,0
2,102970,0
1,103094,0
3,103094,0
0,103218,0
2,103218,0
3,103218,0
1,103341,0
2,103465,0
3,103465,0
0,103465,0
1,103589,0
2,103589,0
0,103713,0
3,103713,0
2,103713,0
1,103837,0
3,103837,0
0,103961,0
1,103961,0
2,103961,0
2,104085,0
3,104085,0
1,104147,0
0,104209,0
2,104209,0
3,104209,0
0,104333,0
1,104333,0
2,104395,0
3,104395,0
0,104457,0
1,104457,0
3,104457,0
1,104581,0
2,104581,0
0,104829,0
1,104829,0
3,104953,0
2,104953,0
1,105015,0
0,105015,0
3,105077,0
2,105077,0
0,105139,0
1,105139,0
2,105201,0
0,105201,0
3,105201,0
0,105325,0
1,105449,0
3,105449,0
2,105449,0
1,105573,0
0,105697,0
2,105697,0
3,105697,0
2,105821,0
0,105945,0
1,105945,0
3,105945,0
0,106069,0
2,106069,0
0,106193,0
2,106193,0
3,106193,0
1,106317,0
2,106441,0
3,106441,0
0,106441,0
0,106565,0
1,106565,0
2,106813,0
3,106813,0
0,106937,0
3,106937,0
2,106999,0
1,106999,0
0,107061,0
3,107061,0
1,107184,0
2,107184,0
3,107184,0
0,107432,0
1,107432,0
3,107432,0
1,107556,0
2,107556,0
2,107804,0
0,107804,0
1,107928,0
2,107928,0
3,107928,0
1,108052,0
0,108052,0
3,108114,0
2,108114,0
1,108176,0
0,108176,0
3,108238,0
2,108238,0
0,108300,0
1,108300,0
2,108362,0
3,108362,0
0,108424,0
1,108455,0
2,108486,0
0,108548,0
1,108548,0
3,108610,0
2,108610,0
0,108672,0
1,108703,0
2,108734,0
0,108796,0
1,108796,0
1,108920,0
2,108920,0
0,109044,0
2,109168,0
3,109168,0
0,109416,0
3,109540,0
1,109664,0
2,109788,0
0,109912,0
1,110036,0
2,110098,0
3,110160,0
1,110408,0
3,110532,0
0,110780,0
2,110903,0
1,111027,0
3,111151,0
2,111151,1,111275
0,111151,1,111275
1,111275,1,111399
2,111399,0
0,111399,1,111647
3,111399,1,111523
2,111523,1,111647
1,111647,1,111771
0,111771,0
3,111771,1,112019
2,111771,1,111895
1,111895,1,112019
0,112019,1,112081
1,112081,1,112143
3,112143,1,112391
0,112143,0
2,112143,1,112267
0,112267,1,112391
1,112391,1,112515
0,112515,0
2,112515,1,112639
3,112515,1,112639
1,112639,1,112763
0,112763,1,112887
1,112887,0
2,112887,1,113135
3,112887,1,113011
1,113011,1,113135
0,113135,0
3,113135,0
3,113259,0
2,113259,0
0,113383,0
1,113383,0
1,113507,0
3,113507,0
2,113631,0
1,113631,0
2,113755,0
3,113755,0
1,113879,0
0,113879,0
2,114003,0
3,114003,0
1,114065,0
0,114127,0
2,114127,0
3,114127,0
0,114251,0
1,114251,0
2,114375,0
3,114375,0
0,114499,0
1,114499,0
2,114622,0
3,114622,0
1,114746,0
2,114746,0
1,114870,0
3,114870,0
0,114994,0
2,114994,0
2,115118,0
1,115118,0
3,115118,0
0,115180,0
2,115242,0
3,115304,0
1,115366,0
0,115428,0
2,115490,0
3,115552,0
1,115614,0
2,115614,0
0,115614,0
3,115676,0
2,115738,0
1,115800,0
0,115862,0
3,115924,0
2,115986,0
1,116048,0
0,116110,0
3,116110,0
1,116234,0
0,116358,0
2,116358,0
3,116606,0
2,116637,0
0,116668,0
1,116699,0
3,116730,0
2,116761,0
0,116792,0
1,116823,0
3,116854,0
2,116854,0
1,116978,1,117102
0,117102,0
3,117102,1,117350
2,117102,1,117288
1,117226,0
0,117350,0
2,117350,0
2,117474,0
1,117598,0
0,117598,0
2,117722,0
1,117784,0
3,117846,0
0,117846,0
1,117970,0
2,118094,0
3,118094,1,118341
0,118094,1,118280
1,118341,0
0,118341,0
1,118465,0
2,118589,0
0,118589,0
3,118589,0
0,118713,0
1,118713,0
2,118775,0
0,118837,0
3,118837,0
3,118961,0
2,118961,0
0,119023,0
1,119023,0
2,119085,0
3,119085,1,119333
0,119085,1,119271
0,119333,0
2,119333,0
1,119457,0
0,119581,0
3,119581,0
2,119705,0
0,119829,0
1,119829,0
2,119953,0
1,120015,0
0,120077,0
3,120077,0
1,120201,0
2,120201,0
1,120325,0
3,120325,0
0,120325,0
1,120449,0
2,120449,0
0,120573,0
3,120573,0
2,120573,0
1,120697,0
2,120697,0
0,120821,0
1,120821,0
3,120821,0
2,120945,0
3,120945,0
0,121007,0
1,121007,0
0,121069,0
3,121069,1,121317
2,121069,1,121255
1,121317,0
2,121317,0
1,121441,0
0,121565,0
3,121565,0
1,121689,0
2,121751,0
0,121813,0
3,121813,0
2,121937,0
0,122061,1,122308
1,122061,0
3,122061,1,122246
1,122308,0
3,122308,0
3,122432,0
1,122556,0
2,122556,0
1,122680,0
2,122742,0
0,122804,0
3,122804,0
2,122928,0
3,122928,0
0,122990,0
1,122990,0
2,123052,1,123300
0,123052,1,123238
3,123052,0
1,123176,0
3,123176,0
0,123300,0
1,123300,0
0,123424,0
2,123424,0
3,123424,0
1,123548,0
2,123548,0
0,123672,0
1,123672,0
0,123796,0
3,123796,0
2,123796,0
3,123920,0
2,123920,0
0,123982,0
1,123982,0
2,124044,1,124106
2,124168,1,124230
1,124292,1,124354
1,124416,1,124478
0,124540,1,124602
0,124664,1,124726
2,124788,1,124819
2,124850,1,124881
1,124912,1,124943
1,124974,1,125005
2,125036,0
3,125036,0
0,125036,0
1,125160,0
0,125160,0
0,125284,0
1,125284,0
3,125284,0
2,125408,0
3,125408,0
0,125532,0
2,125532,0
1,125532,0
2,125656,0
0,125656,0
0,125780,0
1,125780,0
3,125780,0
2,125903,0
3,125903,0
1,125965,0
0,125965,0
0,126027,0
2,126027,0
3,126027,0
0,126151,0
1,126151,0
1,126275,0
2,126275,0
3,126275,0
2,126399,0
3,126399,0
0,126523,0
1,126523,0
2,126523,0
1,126647,0
3,126647,0
0,126771,0
1,126771,0
3,126833,0
2,126833,0
0,126895,0
1,126895,0
3,126957,0
2,126957,0
1,127019,0
3,127019,0
0,127019,0
2,127143,0
1,127143,0
0,127267,0
3,127267,0
1,127267,0
2,127391,0
0,127391,0
1,127515,0
3,127515,0
2,127515,0
0,127639,0
1,127639,0
1,127763,0
2,127763,0
3,127763,0
2,127887,0
3,127887,0
1,127949,0
0,127949,0
0,128011,0
2,128011,0
3,128011,0
1,128135,0
0,128135,0
2,128197,0
3,128197,0
1,128259,0
3,128259,0
0,128259,0
2,128383,0
3,128383,0
0,128631,0
2,128631,0
2,128755,0
3,128755,0
1,128817,0
0,128817,0
2,128879,0
3,128879,0
1,128941,0
0,128941,0
3,129003,0
2,129003,0
0,129003,0
0,129127,0
3,129127,0
1,129189,0
2,129189,0
2,129251,0
0,129251,0
3,129251,0
2,129375,0
0,129375,0
1,129499,0
2,129499,0
3,129499,0
2,129622,0
3,129622,0
1,129684,0
0,129684,0
2,129746,0
3,129746,0
0,129746,0
0,129870,0
1,129870,0
2,129932,0
3,129932,0
0,129994,0
3,129994,0
1,129994,0
3,130118,0
2,130118,0
0,130242,0
3,130242,0
1,130242,0
2,130366,0
1,130366,0
2,130490,0
0,130490,0
3,130490,0
1,130614,0
0,130614,0
2,130738,0
0,130738,0
3,130738,0
2,130862,0
1,130862,0
2,130986,0
3,130986,0
0,130986,0
0,131048,0
1,131048,0
2,131110,0
3,131110,0
1,131234,0
0,131234,0
3,131234,0
0,131358,0
1,131358,0
2,131420,0
3,131420,0
0,131482,0
3,131482,0
1,131482,0
3,131606,0
2,131637,0
0,131668,0
1,131699,0
3,131730,0
2,131761,0
0,131792,0
1,131792,0
2,131854,0
3,131854,0
1,131916,0
0,131916,0
3,131978,0
2,131978,0
0,131978,0
0,132102,0
1,132102,0
2,132164,0
3,132164,0
0,132226,0
1,132226,0
3,132226,0
2,132350,0
3,132350,0
0,132412,0
1,132412,0
3,132474,0
2,132474,0
1,132536,0
0,132536,0
3,132598,0
2,132598,0
1,132660,0
0,132660,0
3,132722,0
2,132722,0
1,132784,0
0,132784,0
3,132846,0
2,132846,0
1,132908,0
0,132908,0
2,132970,0
3,132970,0
3,133218,0
2,133341,0
0,133465,0
2,133589,0
1,133713,0
0,133837,0
1,133899,0
2,133961,0
3,133961,0
0,134209,0
2,134333,0
0,134457,0
1,134581,0
3,134705,0
2,134829,0
0,134953,0
1,134953,0
3,134953,0
2,135201,0
3,135201,0
0,135263,0
1,135263,0
2,135325,0
3,135325,0
1,135387,0
0,135387,0
0,135449,0
2,135449,0
3,135449,0
0,135697,0
1,135697,0
2,135759,0
3,135759,0
0,135821,0
1,135821,0
3,135883,0
2,135883,0
0,135945,0
1,135945,0
2,136007,0
3,136007,0
0,136069,0
1,136069,0
3,136131,0
2,136131,0
0,136193,0
1,136193,0
3,136255,0
2,136255,0
1,136317,0
0,136317,0
3,136379,0
2,136379,0
0,136441,0
1,136472,0
2,136503,0
3,136534,0
0,136565,0
1,136596,0
2,136627,0
3,136658,0
0,136689,0
1,136689,0
1,136813,0
2,136813,0
3,136813,0
