2,2400,1,2700
3,2550,1,2700
0,2700,1,2850
2,2850,1,3000
1,3000,1,3150
3,3150,1,3300
1,3300,1,3450
2,3450,1,3600
0,3600,1,3900
1,3750,1,4050
3,3900,1,4200
0,4050,1,4200
2,4200,1,4350
1,4350,1,4500
2,4500,1,4650
0,4650,1,4800
3,4800,1,5100
1,4800,1,4950
2,4950,1,5250
1,5100,1,5400
3,5250,1,5550
0,5400,1,5550
2,5550,1,5850
0,5700,1,6000
3,5850,1,6000
1,6000,1,6300
2,6000,1,6150
0,6150,1,6600
2,6300,1,6600
1,6450,1,6750
3,6600,1,6750
2,6675,1,6825
0,6750,1,6900
3,6825,1,6975
1,6900,1,7050
2,6975,1,7125
0,7050,1,7175
1,7125,1,7200
2,7200,1,7325
3,7200,1,7275
0,7250,1,7425
1,7300,1,7375
3,7350,1,7425
2,7400,1,7475
1,7450,1,7525
0,7500,1,7575
3,7500,0
1,7650,1,7725
0,7650,1,7950
2,7700,1,8000
3,7750,1,8025
1,7800,1,7975
2,8100,1,8175
1,8100,1,8400
3,8150,1,8325
0,8200,1,8550
2,8250,1,8475
3,8400,1,8550
1,8475,1,8625
2,8550,1,8700
3,8625,1,8775
1,8700,1,8850
0,8700,1,8775
2,8775,1,8925
0,8850,1,9150
3,8925,1,9075
2,9000,1,9225
1,9075,1,9225
3,9150,1,9300
0,9225,1,9375
1,9300,1,9525
2,9300,1,9450
3,9375,1,9525
0,9450,1,9525
2,9525,1,9600
1,9600,1,9725
0,9600,1,9675
3,9650,1,9825
2,9700,1,9775
0,9750,1,9825
1,9800,1,9875
2,9850,1,9925
3,9900,1,9975
0,9900,0
2,10050,1,10125
3,10050,1,10350
1,10100,1,10400
0,10150,1,10425
2,10200,1,10375
1,10500,1,10575
2,10500,1,10725
0,10550,1,10725
3,10600,1,10800
1,10650,1,10875
2,10800,1,10950
0,10800,0
3,10875,1,11025
0,10950,1,11100
1,10950,0
3,11100,0
1,11100,1,11250
0,11175,1,11325
2,11250,0
3,11250,1,11400
0,11400,0
2,11400,1,11700
3,11475,1,11625
0,11550,1,11700
1,11550,1,11625
3,11700,0
1,11700,1,11925
0,11775,1,11850
3,11850,1,12000
2,11850,1,12000
0,11925,1,12000
1,12000,1,12075
1,12150,1,12225
1,12300,1,12375
1,12450,1,12525
1,12600,1,12675
1,12750,1,12825
1,12900,1,12975
2,13200,1,13275
2,13350,1,13425
2,13500,1,13575
2,13650,1,13725
2,13800,1,13875
2,13950,1,14025
2,14100,1,14175
0,14400,1,14475
0,14550,1,14625
0,14700,1,14775
0,14850,1,14925
0,15000,1,15075
0,15150,1,15225
0,15300,1,15375
3,15600,1,15675
3,15750,1,15825
3,15900,1,15975
3,16050,1,16125
3,16200,1,16275
3,16350,1,16425
3,16500,1,16575
3,16650,1,16725
2,16800,1,16875
2,16950,1,17025
2,17100,1,17175
3,17100,0
1,17100,0
2,17250,1,17325
2,17400,1,17475
2,17550,1,17625
2,17700,1,17775
1,17700,0
0,17700,0
1,18000,1,18075
1,18150,1,18225
1,18300,1,18375
3,18300,0
0,18300,0
1,18450,1,18525
1,18600,1,18675
1,18750,1,18825
1,18900,1,18975
3,18900,0
2,18900,0
3,19200,1,19275
3,19350,1,19425
0,19500,0
2,19500,0
3,19500,1,19575
3,19650,1,19725
3,19800,1,19875
3,19950,1,20025
1,20100,0
0,20100,0
3,20100,1,20175
0,20400,1,20475
0,20550,1,20625
0,20700,1,20775
1,20700,0
2,20700,0
0,20850,1,20925
3,20925,0
0,21000,1,21075
3,21075,0
0,21150,1,21225
0,21300,1,21375
2,21300,0
3,21300,1,21525
0,21450,1,21525
1,21600,1,21675
3,21600,1,22125
2,21600,1,21750
0,21675,0
1,21750,1,21825
1,21900,1,21975
0,21900,0
2,21900,0
1,22050,1,22125
2,22125,0
1,22200,1,22275
3,22200,1,22350
0,22275,0
1,22350,1,22425
1,22500,1,22575
3,22500,0
2,22500,1,22650
0,22575,0
3,22650,1,22800
0,22725,0
2,22800,1,22875
1,22800,1,22950
3,22875,0
2,22950,1,23025
2,23100,1,23175
3,23100,0
0,23100,1,23250
2,23250,1,23325
0,23325,0
2,23400,1,23475
1,23400,1,23550
3,23475,0
2,23550,1,23625
1,23700,0
2,23700,1,23775
0,23700,1,23850
3,23775,0
1,23850,1,24000
3,23925,0
0,24000,1,24075
2,24000,1,24075
1,24075,0
0,24150,1,24225
2,24150,1,24300
0,24300,1,24375
1,24300,0
3,24300,1,24375
0,24450,1,24525
3,24450,1,24600
2,24525,0
0,24600,1,24675
1,24600,1,24675
3,24675,0
0,24750,1,24825
1,24750,1,24900
2,24900,0
0,24900,1,24975
3,24900,1,25050
1,24975,0
2,25050,1,25200
1,25125,0
3,25200,1,25275
0,25200,1,25275
2,25275,0
3,25350,1,25425
0,25350,1,25500
3,25500,1,25575
2,25500,0
1,25500,1,25575
3,25650,1,25725
1,25650,1,25800
0,25725,0
2,25725,0
3,25800,1,25875
0,25875,0
3,25950,1,26025
2,25950,1,26100
0,26100,0
3,26100,1,26175
1,26100,1,26250
2,26175,0
3,26250,1,26325
2,26400,1,26475
0,26400,1,26625
1,26400,1,26550
3,26475,0
2,26550,1,26625
1,26625,0
2,26700,1,26775
0,26700,1,26850
1,26775,0
2,26850,1,26925
3,26925,0
0,27000,1,27075
1,27000,1,27150
2,27075,0
0,27150,1,27225
2,27225,0
0,27300,1,27375
3,27300,1,27450
1,27375,0
2,27450,0
0,27525,0
1,27600,1,27675
2,27600,1,27825
3,27600,1,27750
0,27675,0
1,27750,1,27825
3,27825,0
1,27900,1,27975
2,27900,1,28050
3,27975,0
1,28050,1,28125
0,28125,0
2,28200,1,28275
3,28200,1,28350
1,28275,0
2,28350,1,28425
1,28425,0
2,28500,1,28575
0,28500,1,28650
3,28575,0
1,28650,0
2,28725,0
3,28800,1,28875
1,28800,1,29025
0,28800,1,28950
2,28875,0
3,28950,1,29025
0,29025,0
3,29100,1,29175
2,29100,1,29250
1,29100,1,29325
0,29175,0
3,29250,1,29325
1,29400,1,29475
0,29400,1,29550
2,29400,1,29625
1,29550,1,29625
1,29700,1,29775
2,29700,1,29850
3,29700,1,29925
0,30000,1,30075
0,30150,1,30225
0,30300,1,30375
0,30450,1,30525
3,30600,1,30675
3,30750,1,30825
2,30900,1,30975
2,31050,1,31125
1,31200,0
0,31200,0
3,31200,0
2,31350,0
1,31400,0
0,31450,0
2,31500,0
3,31500,0
0,31575,0
1,31650,0
2,31700,0
3,31750,0
1,31800,0
0,31800,0
3,31875,0
2,31950,0
1,32000,0
0,32050,0
2,32100,0
3,32100,0
0,32175,0
1,32250,0
2,32300,0
3,32350,0
1,32400,1,32550
0,32400,1,32475
2,32475,1,32625
0,32550,1,32700
1,32625,1,32775
3,32625,1,32700
2,32700,1,32775
3,32775,1,32925
0,32775,1,32850
2,32850,1,32925
1,32850,1,33000
0,32925,1,33075
2,33000,1,33150
3,33000,1,33075
1,33075,1,33225
3,33150,1,33300
2,33225,1,33375
0,33225,1,33300
1,33300,1,33375
0,33375,1,33525
3,33375,1,33450
1,33450,1,33525
2,33450,1,33600
3,33525,1,33600
1,33600,0
0,33600,0
3,33675,0
2,33750,0
1,33800,0
0,33850,0
2,33900,0
3,33900,0
0,33975,0
1,34050,0
2,34100,0
3,34150,0
1,34200,0
0,34200,0
3,34275,0
2,34350,0
1,34400,0
0,34450,0
2,34500,0
3,34500,0
0,34575,0
1,34650,0
2,34700,0
3,34750,0
1,34800,1,34950
0,34800,1,34875
2,34875,1,35025
0,34950,1,35100
1,35025,1,35175
3,35025,1,35100
2,35100,1,35175
3,35175,1,35325
0,35175,1,35250
2,35250,1,35325
1,35250,1,35400
0,35325,1,35475
2,35400,1,35550
3,35400,1,35475
1,35475,1,35625
3,35550,1,35700
2,35625,1,35700
0,35625,1,35775
1,35700,1,35775
3,35775,1,35850
2,35775,1,35925
0,35850,1,35925
1,35850,1,35925
3,35925,1,36000
0,36000,0
1,36000,0
2,36075,0
3,36150,0
1,36200,0
2,36250,0
3,36300,0
0,36300,0
1,36375,0
2,36450,0
1,36500,0
0,36550,0
2,36600,0
3,36600,0
1,36675,0
0,36750,0
2,36800,0
1,36850,0
0,36900,0
3,36900,0
2,36975,0
1,37050,0
2,37100,0
3,37150,0
1,37200,1,37350
0,37200,1,37275
2,37275,1,37425
0,37350,1,37500
1,37425,1,37575
2,37500,0
3,37500,1,37725
0,37575,1,37650
2,37650,1,37725
1,37650,1,37800
0,37725,1,37875
2,37800,1,37950
3,37800,1,37875
1,37875,1,38025
3,37950,1,38100
2,38025,1,38175
1,38100,0
0,38100,1,38325
3,38175,1,38250
1,38250,1,38325
2,38250,1,38400
3,38325,1,38400
1,38400,0
0,38400,1,38475
3,38475,0
0,38550,1,38625
2,38600,0
1,38650,0
0,38700,1,38775
3,38700,0
2,38775,0
0,38850,1,38925
1,38925,0
2,39000,0
3,39000,1,39075
0,39075,0
3,39150,1,39225
1,39200,0
2,39250,0
3,39300,1,39375
0,39300,0
1,39375,0
2,39450,0
1,39500,0
0,39550,0
2,39600,1,39750
3,39600,1,39675
1,39675,1,39900
3,39750,1,39825
2,39825,1,39900
0,39900,1,40125
3,39900,1,39975
1,39975,1,40125
3,40050,1,40200
2,40125,1,40200
1,40200,1,40350
0,40200,1,40275
2,40275,1,40425
0,40350,1,40425
3,40350,1,40425
2,40500,1,40575
0,40500,1,40575
0,40650,1,40725
1,40650,1,40725
1,40800,0
2,40800,0
3,40800,0
0,40850,0
3,40900,0
1,40950,0
2,41000,0
1,41050,0
0,41100,0
3,41100,0
3,41175,0
0,41250,0
2,41275,0
1,41325,0
2,41400,0
3,41400,0
0,41475,0
3,41550,0
1,41575,0
2,41625,0
0,41700,0
1,41700,0
3,41750,0
0,41800,0
2,41850,0
1,41900,0
0,41950,0
2,42000,1,42150
3,42000,1,42075
1,42075,1,42225
3,42150,1,42300
2,42225,1,42375
1,42300,0
0,42300,1,42525
3,42375,1,42450
1,42450,1,42525
2,42450,1,42600
3,42525,1,42675
1,42600,1,42750
0,42600,1,42675
2,42675,1,42825
0,42750,1,42900
1,42825,1,42975
2,42900,0
3,42900,1,43125
0,42975,1,43050
2,43050,1,43125
1,43050,1,43162
0,43125,1,43200
2,43200,0
3,43200,0
1,43250,0
3,43300,0
0,43350,0
2,43400,0
0,43450,0
3,43500,0
1,43500,0
3,43575,0
1,43650,0
2,43675,0
0,43725,0
3,43800,0
2,43800,0
1,43875,0
3,43950,0
1,43975,0
2,44025,0
3,44100,0
0,44100,0
0,44175,0
1,44250,0
2,44300,0
3,44350,0
0,44400,1,44475
1,44400,1,44550
2,44475,1,44625
0,44550,1,44700
1,44625,1,44775
3,44700,1,44925
2,44700,0
0,44775,1,44850
1,44850,1,45000
2,44850,1,44925
0,44925,1,45075
3,45000,1,45075
2,45000,1,45150
1,45075,1,45225
3,45150,1,45300
2,45225,1,45375
0,45300,1,45525
1,45300,0
3,45375,1,45450
1,45450,1,45525
2,45450,0
2,45525,0
1,45600,0
0,45600,0
3,45650,0
0,45700,0
2,45750,0
1,45800,0
2,45850,0
3,45900,0
0,45900,0
0,45975,0
3,46050,0
1,46075,0
2,46125,0
1,46200,0
0,46200,0
3,46275,0
0,46350,0
2,46375,0
1,46425,0
3,46500,0
2,46500,0
0,46550,0
3,46600,0
1,46650,0
2,46700,0
3,46750,0
0,46800,0
1,46800,0
1,46875,0
2,46950,0
2,47025,0
3,47100,1,47325
1,47100,0
0,47175,1,47250
2,47250,1,47325
1,47250,1,47400
0,47325,1,47475
2,47400,1,47550
3,47400,1,47475
1,47475,1,47625
3,47550,1,47700
2,47625,1,47775
1,47700,0
0,47700,1,47925
3,47775,1,47850
1,47850,1,47925
2,47850,1,48000
3,47925,1,48000
0,48000,1,48075
1,48000,1,48075
0,48150,1,48225
1,48150,1,48300
2,48225,1,48300
0,48300,1,48375
3,48300,1,48375
3,48450,1,48525
0,48450,1,48600
1,48525,1,48600
3,48600,1,48750
2,48600,1,48675
2,48750,1,48900
0,48750,1,48825
3,48825,1,48900
1,48900,1,48975
0,48900,1,48975
2,49050,0
1,49050,0
0,49125,0
3,49200,1,49275
2,49200,1,49350
1,49250,1,49500
0,49300,1,49725
3,49350,1,49425
3,49500,1,49575
3,49650,1,49725
0,49800,1,49875
2,49800,0
2,49875,0
0,49950,0
3,49950,1,50025
0,50025,0
1,50100,1,50175
3,50100,0
3,50175,0
2,50250,1,50325
1,50250,0
1,50325,0
3,50400,0
0,50400,0
2,50460,0
3,50520,0
0,50580,0
1,50640,0
2,50700,0
3,50700,0
0,50760,0
2,50820,0
1,50880,0
3,50940,0
2,51000,0
0,51000,0
1,51060,0
0,51120,0
2,51180,0
3,51240,0
1,51300,0
0,51300,0
2,51350,0
1,51400,0
0,51450,0
3,51500,0
0,51550,0
2,51600,0
1,51600,0
3,51660,0
2,51720,0
1,51780,0
0,51840,0
2,51900,0
3,51900,0
1,51950,0
3,52000,0
2,52050,0
0,52100,0
2,52150,0
3,52200,0
1,52200,0
0,52260,0
1,52320,0
3,52380,0
2,52440,0
0,52500,0
1,52500,0
3,52550,0
0,52600,0
1,52650,0
2,52700,0
1,52750,0
3,52800,0
0,52800,0
2,52850,0
1,52900,0
3,52950,0
0,53000,0
1,53050,0
2,53100,0
3,53100,0
0,53150,0
2,53200,0
3,53250,0
1,53300,0
3,53350,0
2,53400,0
0,53400,0
1,53450,0
3,53500,0
0,53550,0
2,53600,0
3,53650,0
1,53700,0
0,53700,0
2,53750,0
1,53800,0
0,53850,0
3,53900,0
0,53950,0
2,54000,0
1,54000,0
3,54050,0
0,54100,0
2,54150,0
1,54200,0
0,54250,0
2,54300,0
3,54300,0
1,54350,0
3,54400,0
2,54450,0
0,54500,0
2,54550,0
3,54600,1,54675
1,54600,0
0,54675,1,54750
2,54750,0
1,54750,1,54825
3,54825,1,54900
0,54900,0
2,54900,1,55050
1,54975,1,55050
3,55050,0
0,55050,1,55200
1,55125,1,55200
2,55200,1,55275
3,55200,1,55350
0,55275,1,55425
2,55350,1,55425
1,55425,1,55575
3,55425,1,55500
0,55500,1,55575
3,55575,1,55650
1,55650,1,55725
0,55650,1,55800
2,55725,1,55875
1,55800,1,55875
0,55875,1,55950
3,55875,1,56025
2,55950,1,56100
0,56025,1,56100
1,56100,1,56250
3,56100,1,56175
2,56175,1,56250
0,56250,1,56325
3,56250,1,56400
2,56325,1,56400
1,56400,1,56475
0,56400,1,56550
3,56475,1,56625
1,56550,1,56625
2,56625,1,56775
0,56625,1,56700
3,56700,1,56775
0,56775,1,56850
2,56850,1,56925
3,56850,1,57000
1,56925,1,57075
2,57000,1,57075
3,57075,1,57150
0,57075,1,57225
1,57150,1,57300
3,57225,1,57300
2,57300,1,57450
0,57300,1,57375
1,57375,1,57450
3,57450,1,57525
0,57450,1,57600
1,57525,1,57600
3,57600,1,57750
2,57600,1,57675
0,57675,1,57825
2,57750,1,57825
3,57825,1,57900
1,57825,1,57975
0,57900,1,57975
3,57975,1,58050
0,58050,1,58200
1,58050,1,58125
2,58125,1,58275
1,58200,1,58275
3,58275,1,58425
0,58275,1,58350
2,58350,1,58500
0,58425,1,58500
3,58500,1,58575
1,58500,1,58650
2,58575,1,58650
3,58650,1,58800
0,58650,1,58725
2,58725,1,58800
1,58800,0
0,58800,0
1,58875,0
2,58950,1,59100
3,58950,1,59025
3,59100,0
1,59100,0
3,59175,0
1,59250,1,59400
0,59250,1,59325
0,59400,0
3,59400,0
0,59475,0
2,59550,1,59625
3,59550,1,59700
1,59700,0
1,59775,0
2,59850,0
2,59925,0
0,60000,0
3,60000,0
1,60060,0
0,60120,0
3,60180,0
2,60240,0
1,60300,0
0,60300,0
3,60360,0
1,60420,0
2,60480,0
0,60540,0
1,60600,0
3,60600,0
2,60660,0
3,60720,0
1,60780,0
0,60840,0
2,60900,0
3,60900,0
1,60950,0
2,61000,0
3,61050,0
0,61100,0
3,61150,0
1,61200,0
2,61200,0
0,61260,0
1,61320,0
2,61380,0
3,61440,0
1,61500,0
0,61500,0
2,61550,0
0,61600,0
1,61650,0
3,61700,0
1,61750,0
0,61800,0
2,61800,0
3,61860,0
2,61920,0
0,61980,0
1,62040,0
3,62100,0
2,62100,0
0,62175,0
3,62250,0
1,62250,0
2,62325,0
0,62400,0
3,62400,0
1,62450,0
2,62500,0
0,62550,0
3,62600,0
2,62650,0
1,62700,0
0,62700,0
3,62750,0
1,62800,0
0,62850,0
2,62900,0
0,62950,0
1,63000,0
3,63000,0
2,63050,0
0,63100,0
3,63150,0
1,63200,0
0,63250,0
2,63300,0
3,63300,0
1,63350,0
2,63400,0
3,63450,0
0,63500,0
3,63550,0
1,63600,0
2,63600,0
0,63650,0
3,63700,0
1,63750,0
2,63800,0
3,63850,0
1,63900,0
0,63900,0
2,63950,0
0,64000,0
1,64050,0
3,64100,0
1,64150,0
2,64200,0
0,64237,0
3,64275,0
2,64312,0
1,64350,0
0,64350,0
3,64425,0
2,64500,0
1,64500,0
3,64575,0
1,64650,0
0,64650,0
1,64725,0
3,64800,0
0,64800,1,65025
2,64800,1,64950
1,64875,1,64950
3,64950,1,65100
1,65025,1,65100
0,65100,0
2,65100,0
1,65250,0
3,65250,1,65475
0,65250,1,65400
2,65325,1,65400
1,65400,1,65550
2,65475,1,65550
3,65550,0
0,65550,0
2,65700,0
3,65700,1,65850
1,65700,1,65925
0,65775,1,65925
2,65850,1,65925
3,65925,1,66000
1,66000,0
0,66000,1,66225
2,66000,1,66150
1,66150,1,66300
2,66225,1,66300
3,66300,0
0,66300,1,66375
1,66375,1,66450
2,66450,0
0,66450,1,66600
3,66450,1,66675
2,66600,1,66750
0,66675,1,66750
1,66750,0
3,66750,1,66825
2,66825,1,66900
0,66900,1,66975
3,66900,1,67050
1,66900,1,67050
2,67050,0
0,67050,1,67125
1,67125,0
2,67200,1,67350
3,67200,0
0,67200,1,67350
3,67350,1,67425
1,67350,0
2,67425,1,67500
1,67500,1,67650
0,67500,0
3,67500,1,67650
0,67650,1,67800
2,67650,0
1,67725,1,67800
3,67800,0
2,67800,0
3,67900,0
2,67900,0
3,68000,0
2,68000,0
3,68100,0
2,68100,0
3,68200,0
2,68200,0
3,68300,0
2,68300,0
0,68400,0
2,68525,0
1,68675,0
3,68750,0
0,68825,0
1,68875,0
3,68925,0
2,68975,0
1,69125,0
2,69150,0
3,69175,0
1,69300,0
2,69342,0
0,69385,0
3,69428,0
2,69471,0
1,69514,0
0,69557,0
3,69600,0
2,69600,0
1,69600,0
0,70200,0
3,70800,0
1,70800,0
2,71900,0
0,71950,0
3,72000,0
1,72600,0
2,72618,0
1,73200,0
0,73200,0
2,74400,0
0,74400,0
3,74418,0
2,75000,0
1,75018,0
3,75600,0
1,75600,0
3,76200,0
0,76200,0
2,76800,0
0,76800,0
3,77400,0
1,77400,0
2,77700,0
1,78000,1,78600
0,78000,1,79200
3,78600,1,79125
2,79200,0
1,79200,0
3,79200,1,79800
0,79300,0
1,79400,0
2,79500,0
1,79600,0
0,79700,0
2,79800,0
1,79800,1,80400
3,79900,0
2,80000,0
0,80100,0
2,80200,0
3,80300,0
0,80400,0
2,80400,1,81600
1,80500,0
0,80600,0
3,80700,0
0,80800,0
1,80900,0
0,81000,0
3,81000,0
1,81100,0
3,81200,0
0,81300,0
3,81400,0
1,81500,0
0,81600,1,82200
3,81600,0
3,81700,0
1,81800,0
2,81900,0
3,82000,0
2,82100,0
1,82200,0
3,82200,1,82800
1,82300,0
2,82400,0
0,82500,0
1,82600,0
0,82700,0
2,82800,0
1,82800,1,83700
2,82900,0
3,83000,0
2,83100,0
0,83200,0
3,83300,0
2,83400,0
0,83400,0
3,83500,0
0,83600,0
3,83700,0
3,83800,0
3,83900,0
1,84000,0
2,84000,1,84600
0,84100,0
1,84200,0
3,84300,0
1,84400,0
0,84500,0
3,84600,0
1,84600,1,85200
2,84700,0
3,84800,0
0,84900,0
3,85000,0
2,85100,0
0,85200,0
3,85200,1,85800
1,85300,0
0,85400,0
2,85500,0
0,85600,0
1,85700,0
2,85800,0
0,85800,1,86400
3,85900,0
2,86000,0
1,86100,0
2,86200,0
3,86300,0
2,86400,1,87000
1,86400,1,86500
0,86500,1,86600
1,86600,1,86700
3,86700,1,86800
1,86800,1,86900
0,86900,1,87000
3,87000,1,87300
1,87000,1,87100
0,87100,1,87200
2,87200,1,87300
0,87300,1,87600
3,87400,1,87500
1,87500,1,87600
3,87600,1,88125
2,87600,0
0,87675,0
2,87750,0
1,87825,0
0,87900,0
2,87975,0
0,88050,0
1,88125,0
3,88200,0
2,88256,0
1,88312,0
0,88368,0
3,88462,0
2,88556,0
0,88650,0
3,88675,0
1,88700,0
2,88750,0
0,88800,1,89175
3,88800,1,88875
1,88800,1,88875
1,89025,1,89100
3,89025,1,89100
0,89250,1,89625
1,89250,1,89325
3,89250,1,89325
1,89550,1,89625
3,89550,1,89625
0,89700,1,90000
1,89700,1,89775
3,89700,1,89775
2,90000,0
3,90000,0
0,90112,0
2,90150,0
3,90150,0
0,90262,0
2,90300,0
1,90300,0
3,90375,0
1,90412,0
0,90450,0
2,90525,0
1,90600,0
3,90600,0
0,90675,0
2,90750,0
1,90750,0
3,90825,0
0,90900,0
1,90900,0
2,90975,0
2,91050,0
1,91125,0
2,91200,1,91575
0,91200,1,91275
3,91200,1,91275
3,91425,1,91500
0,91425,1,91500
2,91650,1,92025
3,91650,1,91725
0,91650,1,91725
3,91950,1,92025
0,91950,1,92025
2,92100,1,92400
3,92100,1,92175
0,92100,1,92175
3,92400,0
1,92400,0
0,92475,0
2,92512,0
3,92550,0
1,92625,0
2,92700,0
3,92700,0
0,92775,0
2,92850,0
1,92850,0
3,92925,0
2,92962,0
0,93000,0
0,93075,0
3,93150,0
3,93225,0
0,93300,0
2,93337,0
1,93375,0
0,93412,0
3,93450,0
1,93487,0
2,93525,0
3,93562,0
1,93600,1,93975
0,93600,1,93675
0,93825,1,93900
2,93825,1,93900
1,94050,1,94425
0,94050,1,94125
2,94050,1,94125
0,94350,1,94425
2,94350,1,94425
1,94500,1,94800
0,94500,1,94575
2,94500,1,94575
0,94800,0
3,94800,0
2,94800,0
0,94950,0
2,95025,0
0,95100,0
3,95100,0
1,95100,0
2,95212,0
1,95250,0
0,95325,0
3,95400,0
2,95400,0
1,95475,0
3,95512,0
2,95550,0
0,95550,0
0,95700,0
3,95700,0
1,95730,0
2,95760,0
3,95790,0
0,95850,0
1,95850,0
3,96000,1,96375
2,96000,1,96075
1,96000,1,96075
2,96225,1,96300
1,96225,1,96300
3,96450,1,96825
2,96450,1,96525
1,96450,1,96525
2,96750,1,96825
1,96750,1,96825
2,96900,1,96975
1,96900,1,96975
3,96900,1,97200
0,97200,0
2,97200,0
1,97300,0
1,97400,0
3,97500,0
0,97500,0
3,97600,0
2,97600,0
3,97700,0
2,97700,0
0,97800,0
1,97800,0
3,97950,0
0,97950,0
2,98025,0
3,98100,0
1,98100,0
2,98175,0
1,98250,0
0,98400,0
3,98400,1,98700
2,98400,1,98550
0,98550,0
2,98700,0
1,98700,1,98850
0,98775,0
3,98850,0
2,98850,1,99000
1,99000,0
0,99000,0
3,99150,0
0,99150,1,99300
2,99300,0
3,99300,0
0,99375,0
1,99450,0
2,99450,1,99600
3,99600,0
1,99600,1,99750
3,99750,0
0,99900,0
2,99900,1,100050
3,99975,0
1,100050,0
0,100050,1,100200
2,100200,0
3,100200,0
1,100350,0
3,100350,1,100500
0,100500,0
1,100500,0
3,100575,0
2,100650,0
0,100650,1,100800
2,100800,1,101100
1,100800,0
3,100800,1,101025
1,100950,0
0,101100,1,101250
3,101100,1,101175
1,101175,0
3,101250,1,101400
2,101250,1,101400
1,101400,0
0,101400,0
1,101550,1,101700
2,101550,1,101625
2,101700,0
3,101700,0
1,101775,0
3,101850,1,102000
0,101850,1,101925
0,102000,1,102150
2,102000,1,102075
2,102150,0
1,102300,1,102375
3,102300,1,102525
2,102375,0
1,102450,1,102600
0,102450,1,102600
2,102600,0
3,102600,0
2,102750,1,102900
0,102750,1,102825
0,102900,0
1,102900,0
2,102975,0
1,103050,1,103200
3,103050,1,103125
0,103200,0
2,103200,1,103350
3,103200,1,103350
0,103350,0
3,103425,0
2,103425,0
2,103500,1,103650
1,103500,1,103650
0,103650,0
3,103650,0
2,103800,0
1,103800,1,103950
0,103800,1,103950
2,103950,0
1,104025,0
0,104025,0
1,104100,1,104250
3,104100,1,104250
2,104250,0
0,104250,0
2,104400,1,104550
1,104400,0
3,104400,1,104550
1,104550,0
2,104625,0
3,104625,0
0,104700,1,104850
3,104700,1,104850
2,104850,0
1,104850,0
3,105000,0
0,105000,1,105150
1,105000,1,105150
2,105150,0
0,105225,0
1,105225,0
0,105300,1,105450
2,105300,1,105450
1,105450,0
3,105450,0
2,105600,1,105675
3,105600,1,105750
0,105600,1,105675
0,105750,0
2,105750,0
0,105900,1,106050
1,105900,1,105975
3,105900,1,105975
1,106050,0
3,106050,0
0,106200,0
2,106200,1,106275
3,106200,1,106350
0,106275,0
2,106350,0
1,106425,0
3,106500,0
0,106500,1,106650
3,106575,0
1,106650,0
2,106725,0
1,107100,1,107250
2,107125,1,107325
3,107250,1,107325
3,107400,1,107550
1,107425,1,107625
0,107550,1,107625
2,107700,0
0,107700,1,107850
2,107775,0
1,107850,0
1,107925,0
0,108000,1,108225
2,108000,1,108150
3,108000,1,108300
1,108150,1,108225
2,108225,1,108300
1,108300,1,108525
0,108300,1,108375
0,108450,1,108600
3,108450,1,108600
1,108600,1,108750
2,108600,1,108675
0,108675,1,108750
2,108750,1,108900
3,108750,1,108975
0,108900,1,109050
1,108900,1,108975
3,109050,1,109125
1,109050,1,109350
0,109200,1,109500
3,109200,1,109425
2,109350,1,109425
1,109425,1,109500
2,109500,1,109725
3,109500,1,109575
3,109650,1,109800
0,109650,1,109800
2,109800,1,109950
1,109800,1,109875
3,109875,1,109950
1,109950,1,110100
0,109950,1,110175
3,110100,1,110250
2,110100,1,110175
2,110250,1,110550
0,110250,1,110325
3,110400,1,110550
0,110400,1,110625
1,110550,1,110700
2,110625,1,110700
3,110625,1,110700
0,110700,1,110775
0,110850,0
1,110900,0
2,110950,0
3,111000,0
0,111000,0
1,111050,0
2,111100,0
0,111150,0
3,111200,0
0,111250,0
1,111300,0
2,111300,0
3,111350,0
2,111400,0
1,111450,0
0,111500,0
1,111550,0
2,111600,0
3,111600,0
3,111675,0
1,111750,1,111825
0,111750,1,111825
1,111900,0
3,111900,1,111975
1,111975,0
2,112050,1,112125
3,112050,1,112125
2,112200,0
1,112200,1,112275
2,112275,0
1,112350,1,112425
0,112350,1,112425
0,112500,0
2,112500,1,112575
0,112575,0
2,112650,1,112725
1,112650,1,112725
0,112800,1,112950
1,112800,1,113100
3,112800,1,113025
2,112950,1,113025
0,113025,1,113100
2,113100,1,113325
3,113100,1,113175
3,113250,1,113400
1,113250,1,113400
2,113400,1,113550
0,113400,1,113475
3,113475,1,113550
0,113550,1,113700
1,113550,1,113775
3,113700,1,113850
2,113700,1,113775
1,113850,1,113925
2,113850,1,114150
3,114000,1,114300
1,114000,1,114225
0,114150,1,114225
2,114225,1,114300
0,114300,1,114525
1,114300,1,114375
1,114450,1,114600
3,114450,1,114600
0,114600,1,114750
2,114600,1,114675
1,114675,1,114750
2,114750,1,114900
3,114750,1,114975
1,114900,1,115050
0,114900,1,114975
0,115050,1,115350
3,115050,1,115125
1,115200,1,115350
3,115200,1,115425
2,115350,1,115500
0,115425,1,115500
1,115425,1,115500
3,115500,1,115575
3,115650,0
2,115700,0
1,115750,0
0,115800,0
3,115800,0
2,115850,0
1,115900,0
3,115950,0
0,116000,0
3,116050,0
2,116100,0
1,116100,0
0,116150,0
1,116200,0
2,116250,0
3,116300,0
2,116350,0
1,116400,0
0,116400,0
0,116475,0
2,116550,1,116625
3,116550,1,116625
2,116700,0
0,116700,1,116775
2,116775,0
1,116850,1,116925
0,116850,1,116925
2,117000,1,117075
1,117000,1,117150
2,117150,1,117300
3,117225,1,117300
1,117300,1,117375
0,117300,1,117450
3,117450,1,117525
1,117450,1,117600
2,117600,1,117750
3,117600,1,117900
0,117600,1,117825
1,117750,1,117825
2,117825,1,117900
1,117900,1,118125
0,117900,0
0,118050,1,118200
3,118050,1,118200
2,118200,1,118275
1,118275,1,118500
0,118275,1,118425
2,118350,1,118500
3,118350,1,118425
3,118500,0
0,118500,1,118725
1,118650,1,118800
3,118725,1,118800
2,118800,1,118950
0,118800,1,119025
1,118950,1,119025
2,119025,1,119250
3,119025,1,119175
0,119100,1,119250
1,119100,0
3,119250,1,119400
0,119325,1,119400
1,119400,1,119550
2,119400,1,119625
3,119550,1,119625
1,119625,1,119850
0,119625,1,119775
3,119700,1,119925
2,119700,0
0,119850,1,119925
2,119925,1,120000
1,120000,1,120150
0,120000,1,120300
3,120150,1,120225
1,120225,1,120300
3,120300,1,120525
2,120300,0
2,120450,1,120600
0,120450,1,120600
1,120600,1,120675
2,120675,1,120825
3,120675,1,120750
1,120750,1,120900
0,120750,1,120825
3,120825,1,120900
2,120900,1,121125
0,120900,0
3,121050,1,121200
0,121125,1,121200
1,121200,1,121350
2,121200,1,121425
3,121350,1,121425
1,121425,1,121650
0,121425,1,121575
2,121500,1,121650
3,121500,0
0,121650,1,121800
2,121725,1,121800
3,121800,1,121950
1,121800,1,122025
0,121950,1,122025
2,122025,1,122100
3,122025,1,122175
0,122100,1,122231
1,122100,0
2,122175,0
1,122231,0
3,122250,0
0,122287,0
1,122343,0
3,122400,1,122550
2,122400,1,122700
0,122550,1,122625
3,122625,1,122700
0,122700,1,122925
1,122700,0
1,122850,1,123000
2,122850,1,123000
3,123000,1,123075
1,123075,1,123225
0,123075,1,123300
3,123150,1,123300
2,123150,1,123225
1,123300,1,123375
2,123300,0
1,123450,1,123600
3,123450,1,123900
0,123600,1,123675
2,123600,1,123750
0,123750,1,123825
1,123900,1,124050
2,123900,1,123975
0,123900,0
3,124050,1,124200
2,124050,1,124275
0,124200,1,124275
1,124200,1,124425
3,124275,1,124425
0,124350,1,124500
2,124425,1,124500
1,124500,1,124650
3,124500,0
3,124650,1,124800
2,124650,1,124725
0,124800,1,124950
1,124800,1,125100
3,124950,1,125025
0,125025,1,125100
3,125100,1,125325
2,125100,0
2,125250,1,125400
1,125250,1,125400
0,125400,1,125475
3,125400,1,125550
2,125475,1,125625
0,125550,1,125700
1,125550,1,125625
1,125700,1,125850
3,125700,0
0,125775,1,125925
2,125850,1,126000
3,125850,1,126000
1,126000,0
0,126000,0
0,126075,0
2,126150,1,126225
3,126150,1,126225
2,126300,0
0,126300,1,126375
2,126375,0
1,126450,1,126525
0,126450,1,126525
1,126600,0
2,126600,1,126675
0,126675,0
2,126750,1,126825
3,126750,1,127125
1,126900,1,126975
2,126975,0
1,127050,1,127125
0,127200,0
3,127200,1,127500
0,127275,0
1,127350,0
2,127350,1,127500
0,127500,0
1,127500,1,127650
0,127650,1,127800
3,127650,1,127800
1,127725,1,127800
2,127800,0
1,127875,0
0,127950,1,128025
2,127950,1,128100
3,128100,1,128175
1,128100,1,128250
0,128100,1,128325
2,128250,1,128325
3,128250,1,128400
1,128325,1,128475
2,128400,1,128550
0,128400,1,128625
3,128475,1,128550
1,128550,1,128625
2,128625,1,128700
3,128625,1,128775
1,128700,1,128850
0,128700,0
2,128775,1,128850
3,128850,1,129000
0,128850,1,129000
2,128925,1,129000
1,129000,0
1,129075,0
3,129150,1,129225
2,129150,1,129300
0,129225,1,129375
3,129300,0
1,129300,1,129375
2,129375,1,129450
0,129450,1,129525
1,129450,1,129600
2,129525,1,129675
0,129600,1,129750
3,129600,1,129825
1,129675,1,129750
2,129750,1,129900
0,129825,1,129900
1,129825,1,129900
3,129900,1,129975
0,129975,0
3,130050,0
1,130100,0
2,130150,0
3,130200,0
0,130200,0
2,130250,0
1,130300,0
3,130350,0
0,130400,0
1,130450,0
3,130500,0
2,130500,0
0,130550,0
3,130600,0
1,130650,0
2,130700,0
1,130750,0
0,130800,0
3,130800,1,130875
0,130875,0
3,130950,1,131100
1,131025,0
0,131100,1,131250
2,131100,1,131175
1,131175,0
2,131250,0
2,131325,0
3,131400,1,131475
0,131400,1,131475
1,131475,0
3,131550,1,131700
1,131550,0
2,131625,0
1,131700,1,131850
0,131700,0
2,131775,0
0,131850,1,132000
3,131850,1,131925
3,132000,1,132150
2,132000,1,132150
1,132000,1,132225
0,132150,1,132225
2,132225,1,132300
3,132225,1,132375
0,132300,1,132450
1,132300,0
2,132375,1,132450
3,132450,1,132600
1,132450,1,132600
2,132525,1,132600
0,132600,0
0,132675,0
2,132750,1,132900
3,132750,1,132825
1,132825,1,132975
0,132900,1,132975
3,132900,0
2,132975,1,133050
1,133050,1,133125
0,133050,1,133200
2,133125,1,133275
1,133200,1,133350
3,133200,1,133425
0,133275,1,133350
2,133350,1,133425
1,133425,1,133500
0,133425,1,133575
2,133500,1,133650
3,133500,0
1,133575,1,133650
0,133650,1,133800
3,133650,1,133800
1,133725,1,133800
2,133800,0
2,133875,0
1,133950,1,134100
0,133950,1,134025
3,134025,1,134175
2,134100,1,134175
0,134100,0
1,134175,1,134250
3,134250,1,134325
2,134250,1,134400
1,134325,1,134475
3,134400,1,134550
0,134400,1,134625
2,134475,1,134550
1,134550,1,134700
3,134625,1,134700
2,134625,1,134700
0,134700,1,134775
3,134775,0
0,134850,0
2,134900,0
1,134950,0
0,135000,0
3,135000,0
1,135050,0
2,135100,0
0,135150,0
3,135200,0
2,135250,0
0,135300,0
1,135300,0
3,135350,0
0,135400,0
2,135450,0
1,135500,0
2,135550,0
3,135600,0
0,135600,1,135675
3,135675,0
0,135750,1,135900
2,135825,0
1,135900,1,135975
3,135900,1,136050
2,135975,0
1,136050,0
1,136125,0
0,136200,1,136275
3,136200,1,136275
2,136275,0
0,136350,1,136500
2,136350,0
1,136425,0
3,136500,1,136575
1,136575,0
2,136650,0
3,136725,0
0,136800,1,136950
1,136800,1,136950
2,136800,1,137025
3,136950,1,137025
1,137025,1,137100
0,137025,1,137175
3,137100,1,137250
2,137100,0
1,137175,1,137250
0,137250,1,137400
2,137250,1,137400
1,137325,1,137400
3,137400,0
3,137475,0
1,137550,1,137700
0,137550,1,137625
2,137625,1,137775
3,137700,1,137775
0,137700,0
1,137775,1,137850
2,137850,1,137925
3,137850,1,138000
1,137925,1,138075
2,138000,1,138150
0,138000,1,138225
3,138075,1,138150
1,138150,1,138225
2,138225,1,138300
3,138225,1,138375
1,138300,1,138450
0,138300,0
2,138375,1,138525
0,138450,1,138525
1,138525,1,138675
3,138525,1,138600
0,138600,1,138750
2,138600,1,138750
3,138675,1,138750
1,138750,0
1,138825,0
3,138900,1,139050
2,138900,0
0,138975,1,139050
2,139050,0
2,139125,0
3,139200,1,139350
0,139200,1,139425
1,139200,1,139275
1,139350,1,139425
2,139350,1,139500
3,139425,1,139575
1,139500,1,139650
0,139500,0
2,139575,1,139650
3,139650,1,139800
0,139650,1,139800
2,139725,1,139800
1,139800,0
1,139875,0
2,139950,1,140100
3,139950,1,140025
0,140025,1,140175
1,140100,1,140175
3,140100,0
2,140175,1,140250
0,140250,1,140325
1,140250,1,140325
2,140325,1,140475
0,140400,1,140625
3,140400,1,140550
1,140400,1,140550
2,140550,1,140625
1,140625,1,140700
2,140700,1,140925
0,140700,0
3,140775,1,140850
1,140850,1,140925
3,140925,1,141000
1,141000,0
2,141000,0
0,141000,0
3,141100,0
1,141200,0
3,141200,0
2,141200,0
0,141300,0
1,141400,0
3,141400,0
0,141400,0
2,141500,0
0,141600,1,141825
2,141600,1,141750
3,141600,1,141750
1,141750,1,141900
3,141825,1,141900
2,141900,0
0,141900,1,142050
1,141975,1,142050
2,142050,1,142200
3,142050,1,142200
0,142200,1,142275
1,142200,1,142350
3,142275,1,142425
0,142350,1,142500
2,142425,1,142500
3,142500,0
1,142500,1,142725
3,142650,1,142800
1,142800,1,143025
0,142800,1,142950
2,142800,1,143025
3,142950,1,143100
0,143025,1,143100
1,143100,0
2,143100,1,143250
3,143175,1,143325
1,143250,1,143400
0,143250,1,143400
2,143400,1,143475
3,143400,1,143625
0,143475,1,143625
2,143550,1,143700
1,143625,1,143700
3,143700,1,143925
0,143700,1,143775
0,143850,1,144000
1,143850,1,143925
1,144000,1,144225
2,144000,1,144150
3,144000,1,144225
0,144150,1,144300
2,144225,1,144300
1,144300,0
3,144300,1,144450
0,144375,1,144525
1,144450,1,144525
2,144525,0
3,144525,0
2,144600,0
1,144600,1,144675
0,144600,1,144750
2,144750,0
3,144750,0
1,144800,0
3,144850,0
0,144900,0
1,144933,0
2,144966,0
3,145000,0
0,145050,0
1,145050,0
2,145100,0
1,145200,1,145575
3,145200,1,145650
0,145250,1,145500
2,145300,1,145725
1,145800,1,146250
2,145800,1,146025
3,145850,1,145950
0,145900,1,146325
2,146100,1,146400
3,146100,1,146325
0,146400,0
3,146400,0
1,146400,0
2,146550,0
2,146625,0
3,146700,0
1,146700,0
0,146850,0
0,146925,0
3,147000,0
2,147000,0
1,147150,0
1,147225,0
3,147300,0
0,147300,0
2,147400,0
1,147450,0
2,147500,0
3,147550,0
1,147600,0
0,147600,0
2,147750,0
2,147825,0
3,147900,0
1,147900,0
0,148050,0
0,148125,0
3,148200,0
2,148200,0
1,148350,0
1,148425,0
3,148500,0
0,148500,0
1,148600,0
2,148633,0
3,148666,0
1,148700,0
0,148750,0
2,148800,0
3,148800,0
1,148950,0
1,149025,0
0,149100,0
2,149100,0
3,149250,0
3,149325,0
1,149400,0
0,149400,0
2,149550,0
2,149625,0
0,149700,0
3,149700,0
1,149800,0
2,149850,0
0,149887,0
1,149925,0
2,150000,1,150075
3,150000,1,150150
0,150150,0
0,150225,0
2,150300,1,150375
3,150300,1,150450
0,150450,0
0,150525,0
2,150600,1,150675
3,150600,1,150750
2,150750,1,150900
0,150750,1,150825
0,150900,1,151050
3,150900,1,150975
3,151050,1,151200
1,151050,1,151125
2,151125,0
1,151200,0
0,151200,0
2,151350,0
2,151425,0
3,151500,0
1,151500,0
0,151650,0
0,151725,0
3,151800,0
2,151800,0
1,151950,0
1,152025,0
3,152100,0
0,152100,0
2,152200,0
0,152250,0
3,152300,0
2,152350,0
1,152400,0
0,152400,0
2,152550,0
2,152625,0
3,152700,0
1,152700,0
0,152850,0
0,152925,0
3,153000,0
2,153000,0
1,153150,0
1,153225,0
3,153300,0
0,153300,0
2,153350,0
1,153400,0
0,153450,1,153600
1,153525,1,153600
3,153600,0
2,153600,1,153675
1,153750,0
2,153750,1,153825
0,153825,0
2,153900,1,153975
3,153900,0
1,154050,0
2,154050,1,154125
3,154125,0
1,154200,0
0,154200,1,154275
0,154350,1,154425
3,154350,0
2,154425,0
0,154500,1,154575
1,154500,0
3,154600,0
2,154625,0
3,154700,0
2,154725,0
1,154800,1,154875
0,154800,0
2,154950,0
1,154950,1,155025
3,155025,0
1,155100,1,155175
3,155175,0
1,155250,1,155325
2,155287,0
0,155325,0
2,155400,0
3,155400,1,155475
3,155550,1,155625
0,155550,1,155625
3,155700,1,155775
1,155700,1,155775
2,155850,1,155925
3,155850,1,155925
0,156000,0
1,156000,0
2,156000,0
3,156075,0
1,156150,0
1,156225,0
0,156300,0
2,156300,0
2,156450,0
3,156450,0
0,156600,0
0,156675,0
3,156750,0
1,156787,0
2,156825,0
3,156900,0
0,156900,0
1,157000,0
2,157050,0
1,157100,0
0,157150,0
2,157200,0
3,157200,0
1,157275,0
1,157350,0
2,157425,0
3,157500,0
0,157500,0
1,157650,0
0,157650,0
3,157800,0
3,157875,0
1,157950,0
0,158100,0
3,158100,0
2,158200,0
1,158233,0
0,158266,0
2,158300,0
3,158350,0
1,158400,0
0,158400,0
2,158475,0
2,158550,0
3,158700,0
1,158700,0
0,158775,0
2,158850,0
3,158850,0
1,159000,0
1,159075,0
2,159150,0
0,159300,0
3,159300,0
2,159400,0
1,159450,0
3,159487,0
2,159525,0
1,159600,1,159675
0,159600,1,159750
3,159675,0
2,159750,0
2,159825,0
1,159900,1,159975
0,159900,1,160050
2,159975,0
3,160050,1,160200
1,160200,1,160275
0,160200,1,160350
1,160350,1,160500
3,160350,1,160425
3,160500,1,160650
0,160500,1,160575
0,160650,0
2,160650,1,160725
0,160725,0
3,160800,0
2,160800,0
1,160800,0
0,160878,0
2,160957,0
2,161036,0
3,161115,0
1,161115,0
1,161273,0
0,161273,0
2,161352,0
3,161431,0
3,161510,0
0,161589,0
2,161628,0
1,161668,0
3,161747,0
0,161747,0
2,161852,0
1,161905,0
2,161957,0
1,162063,0
0,162063,0
3,162063,0
2,162146,0
2,162229,0
1,162313,0
3,162396,0
0,162396,0
2,162563,0
3,162563,0
1,162646,0
0,162729,0
0,162813,0
2,162924,0
2,163201,0
0,163396,0
1,163396,0
2,163396,0
3,163396,1,163484
0,163484,0
3,163572,1,163660
1,163572,0
1,163660,0
2,163748,0
0,163748,1,163837
0,163925,1,164013
3,163925,0
3,164013,0
0,164101,0
1,164101,0
3,164101,0
2,164101,1,164190
2,164278,1,164366
1,164278,0
1,164366,0
0,164366,0
2,164454,0
3,164454,1,164543
0,164631,0
3,164631,0
0,164719,0
1,164808,1,164898
2,164808,0
1,164989,1,165080
1,165171,1,165262
3,165171,0
1,165353,1,165444
1,165535,1,165626
0,165535,0
3,165595,0
2,165656,0
1,165717,0
3,165717,1,165808
0,165777,0
1,165838,0
3,165898,0
2,165898,1,165989
0,165959,0
1,166020,0
2,166080,0
0,166080,1,166171
3,166141,0
2,166201,0
3,166262,0
1,166262,1,166352
0,166262,1,166443
3,166352,1,166443
2,166443,1,166534
1,166504,0
0,166565,0
2,166625,0
1,166625,0
2,166716,0
3,166807,0
0,166807,1,166989
1,166852,0
3,166898,1,166989
1,166989,0
2,166989,1,167080
1,167080,0
0,167171,0
3,167231,0
2,167292,0
3,167352,0
0,167352,1,167534
1,167398,0
3,167443,1,167534
2,167534,1,167625
1,167595,0
0,167655,0
1,167716,0
3,167716,1,167898
2,167762,0
1,167807,1,167898
0,167898,1,167989
2,167958,0
3,168019,0
0,168080,0
2,168080,0
0,168171,0
1,168262,0
3,168262,1,168443
2,168307,0
1,168352,1,168443
2,168443,0
0,168443,1,168534
2,168534,0
3,168625,0
1,168686,0
0,168746,0
1,168807,0
3,168807,1,168989
2,168852,0
1,168898,1,168989
0,168989,1,169080
2,169049,0
3,169110,0
2,169171,0
1,169171,1,169352
0,169216,0
2,169262,1,169352
3,169352,1,169443
0,169413,0
1,169474,0
3,169534,0
0,169534,0
3,169625,0
2,169716,0
1,169716,1,169898
0,169762,0
2,169807,1,169898
0,169898,0
3,169898,1,169989
0,169989,0
1,170080,0
2,170140,0
3,170201,0
2,170262,0
1,170262,1,170443
0,170307,0
2,170352,1,170443
3,170443,1,170534
0,170504,0
1,170565,0
0,170625,0
2,170625,1,170807
3,170671,0
0,170716,1,170807
1,170807,1,170898
3,170868,0
2,170928,0
1,170989,0
3,170989,0
1,171080,0
0,171171,0
2,171171,1,171262
3,171216,0
0,171262,0
2,171352,0
3,171352,0
0,171393,0
1,171433,0
2,171474,0
3,171534,0
1,171534,0
0,171580,0
3,171625,0
1,171716,0
0,171716,0
2,171746,0
3,171777,0
0,171807,0
1,171898,0
2,171928,0
1,171989,0
3,172080,0
2,172080,0
0,172152,0
3,172225,0
1,172298,0
2,172371,0
0,172443,0
3,172443,0
1,172484,0
2,172524,0
3,172565,0
0,172625,0
1,172625,0
1,172807,0
2,172807,0
3,172807,0
0,172989,0
3,172989,0
0,173171,0
1,173171,0
2,173171,0
2,173262,0
3,173262,0
1,173352,0
0,173443,0
2,173443,0
0,173534,0
1,173534,0
3,173534,0
1,173716,0
2,173716,0
0,173898,0
1,173898,0
3,173898,0
1,173989,0
2,173989,0
3,174080,0
0,174171,0
1,174171,0
1,174262,0
2,174262,0
3,174262,0
0,174443,0
3,174443,0
0,174625,0
1,174625,0
2,174625,0
1,174716,0
3,174716,0
0,174807,0
3,174807,0
1,174989,0
3,174989,0
0,174989,0
2,175080,0
1,175110,0
0,175140,0
3,175171,0
1,175216,0
1,175352,0
2,175352,0
3,175393,0
0,175433,0
1,175474,0
2,175534,0
3,175534,0
2,175625,0
3,175625,0
0,175716,0
1,175716,0
0,175898,0
2,175898,0
1,176080,0
2,176080,0
3,176080,0
0,176171,0
3,176171,0
1,176262,0
2,176352,0
3,176352,0
0,176443,0
1,176443,0
3,176443,0
1,176625,0
2,176625,0
0,176807,0
2,176807,0
3,176807,0
0,176898,0
1,176898,0
2,176989,0
1,177080,0
3,177080,0
0,177171,0
2,177201,1,177322
3,177201,1,177322
3,177534,0
0,177565,1,177686
1,177565,1,177686
0,177898,0
2,177898,1,177989
3,177898,1,178080
1,177898,0
0,177989,1,178171
1,178080,1,178171
2,178140,0
3,178201,0
1,178262,0
2,178262,1,178352
1,178352,1,178443
0,178443,0
3,178443,1,178625
2,178489,0
0,178534,1,178716
2,178625,0
1,178625,1,178716
2,178716,1,178898
3,178807,1,178898
0,178868,0
1,178928,0
0,178989,0
3,178989,1,179171
2,179034,0
0,179080,1,179262
1,179171,1,179262
2,179231,0
3,179292,0
0,179352,1,179534
2,179352,0
1,179398,0
2,179443,1,179625
3,179534,1,179625
1,179595,0
0,179655,0
3,179716,0
1,179716,1,179807
3,179807,1,179898
2,179898,0
0,179898,1,180080
1,179943,0
2,179989,1,180171
1,180080,0
3,180080,1,180171
1,180171,1,180352
0,180262,1,180352
2,180322,0
3,180383,0
2,180443,0
0,180443,1,180625
1,180489,0
2,180534,1,180716
3,180625,1,180716
1,180686,0
0,180746,0
1,180807,0
2,180807,1,180989
3,180852,0
1,180898,1,181080
0,180989,1,181080
3,181049,0
2,181110,0
0,181171,0
3,181171,1,181262
0,181262,1,181352
1,181352,0
2,181352,1,181534
3,181398,0
1,181443,1,181625
3,181534,0
0,181534,1,181625
3,181625,1,181807
2,181716,1,181807
1,181777,0
0,181837,0
1,181898,0
2,181898,1,182080
3,181943,0
1,181989,1,182171
0,182080,1,182171
3,182140,0
2,182201,0
3,182262,0
1,182262,1,182443
0,182307,0
3,182352,1,182534
2,182443,1,182534
0,182504,0
1,182565,0
2,182625,1,182807
0,182625,0
3,182671,0
0,182716,1,182898
1,182807,1,182898
3,182868,0
2,182928,0
3,182989,0
1,182989,0
0,183049,0
1,183110,0
2,183171,0
1,183231,0
2,183292,0
3,183352,0
0,183352,0
1,183474,0
3,183504,0
2,183534,0
1,183595,0
3,183625,0
2,183655,0
0,183716,0
1,183716,0
3,183789,0
0,183862,0
2,183934,0
1,184007,0
0,184080,0
3,184080,0
2,184120,0
1,184160,0
0,184201,0
2,184262,0
3,184262,0
0,184443,0
1,184443,0
3,184443,0
1,184625,0
2,184625,0
0,184807,0
2,184807,0
3,184807,0
3,184989,0
1,184989,0
2,185049,0
0,185049,0
3,185110,0
1,185110,0
2,185171,0
1,185352,0
2,185352,0
0,185534,0
1,185534,0
3,185534,0
2,185716,0
0,185716,0
3,185777,0
1,185777,0
2,185837,0
0,185837,0
1,185898,0
1,186080,0
2,186080,0
0,186262,0
2,186262,0
3,186262,0
1,186352,0
3,186352,0
1,186443,0
2,186443,0
3,186625,0
2,186716,0
1,186746,0
0,186777,0
3,186807,0
1,186852,0
1,186989,0
2,186989,0
3,187029,0
0,187070,0
1,187110,0
2,187171,0
3,187171,0
2,187262,0
3,187262,0
0,187352,0
1,187398,0
2,187443,0
1,187534,0
3,187534,0
0,187580,0
2,187625,0
0,187716,0
3,187716,0
3,187898,0
1,187898,0
2,187958,0
0,187958,0
3,188019,0
1,188019,0
0,188080,1,188625
2,188625,0
3,188686,0
2,188746,0
0,188807,0
1,188807,0
1,188898,0
2,188989,1,189080
3,189080,0
0,189080,0
3,189171,0
1,189262,0
2,189352,0
0,189352,1,189443
2,189443,0
0,189534,0
1,189534,0
3,189534,0
2,189625,0
1,189655,0
0,189686,0
3,189716,0
2,189762,0
1,189807,0
0,189898,0
3,189898,0
1,189943,0
2,189989,0
3,190034,0
1,190080,0
0,190110,0
2,190262,0
3,190262,0
1,190352,0
0,190398,0
1,190443,0
2,190474,0
3,190504,0
2,190625,0
0,190716,0
1,190716,0
0,190807,0
1,190807,0
2,190837,0
3,190868,0
1,190989,0
3,190989,0
2,191080,0
1,191125,0
0,191171,0
2,191201,0
3,191231,0
1,191352,0
2,191443,0
3,191443,0
2,191534,0
3,191534,0
1,191565,0
0,191595,0
1,191716,0
2,191716,0
3,191807,0
2,191852,0
0,191898,0
1,191928,0
3,191958,0
2,192080,0
0,192171,0
1,192171,0
0,192262,0
1,192262,0
2,192292,0
3,192322,0
0,192443,0
3,192443,0
2,192534,0
1,192565,0
0,192595,0
3,192625,0
1,192671,0
0,192807,0
3,192807,0
1,192847,0
2,192888,0
3,192928,0
0,192989,0
1,192989,0
0,193080,0
1,193080,0
2,193171,0
3,193171,0
0,193262,0
1,193307,0
3,193352,0
2,193383,0
1,193413,0
0,193534,0
2,193625,0
3,193625,0
2,193716,0
3,193716,0
1,193746,0
0,193777,0
0,193898,0
2,193898,0
3,193958,0
2,194019,0
1,194080,0
2,194140,0
1,194201,0
0,194262,0
3,194262,0
2,194383,0
0,194413,0
1,194443,0
2,194504,0
0,194534,0
1,194565,0
3,194625,0
2,194625,0
0,194716,0
0,194807,0
0,194898,0
3,194989,0
2,195019,0
1,195049,0
3,195080,0
0,195171,0
1,195201,0
2,195231,0
0,195262,0
1,195352,0
2,195352,0
3,195352,0
2,195534,0
0,195716,0
3,195716,0
1,195762,0
2,195807,0
3,195852,0
2,195898,0
1,195928,0
0,196080,0
3,196080,0
2,196140,0
1,196171,0
0,196201,0
3,196231,0
2,196262,0
1,196292,0
0,196443,0
2,196443,0
3,196489,0
1,196534,0
0,196580,0
1,196625,0
2,196655,0
3,196686,0
0,196807,0
1,196807,0
3,196868,0
2,196898,0
1,196928,0
0,196958,0
3,196989,0
2,197019,0
0,197171,0
3,197171,0
2,197216,0
1,197262,0
3,197307,0
0,197352,0
1,197383,0
2,197413,0
3,197534,0
1,197534,1,197625
0,197580,0
0,197716,1,197807
1,197762,0
2,197898,0
1,197898,1,197989
0,197943,0
0,198080,1,198171
1,198125,0
2,198262,0
3,198262,0
1,198307,0
0,198352,0
2,198398,0
3,198443,0
1,198489,0
2,198534,0
0,198625,0
3,198625,0
2,198686,0
1,198716,0
0,198746,0
3,198777,0
2,198807,0
2,198898,0
0,198989,0
1,198989,0
3,199080,0
2,199171,0
1,199262,0
3,199262,0
2,199352,0
0,199443,0
1,199534,0
2,199534,0
0,199625,0
3,199716,0
2,199750,0
1,199783,0
0,199817,0
3,199850,0
2,199883,0
1,199983,0
3,200117,0
1,200117,1,200317
3,200250,0
3,200383,0
2,200517,1,200731
1,200517,1,200624
0,200731,0
1,200731,0
3,200945,1,201159
0,200945,1,201267
2,200945,1,201052
2,201159,0
1,201159,1,201267
2,201267,1,201374
3,201374,1,201588
1,201374,1,201695
0,201374,1,201802
3,202016,0
0,202231,0
3,202659,0
3,203088,0
0,203088,0
3,203731,0
0,203945,0
3,204374,0
3,204802,0
0,204802,0
1,205016,0
2,205124,0
1,205231,0
2,205338,0
3,205445,0
1,205445,0
0,205659,0
2,205766,0
1,205874,0
2,205981,0
3,206088,0
1,206088,0
1,206302,0
2,206409,0
0,206516,0
3,206516,0
2,206731,0
1,206838,0
2,206945,0
1,207052,0
0,207159,0
2,207159,0
3,207374,0
0,207374,0
1,207481,0
2,207588,0
3,207588,0
1,207695,0
0,207802,0
2,207802,0
2,208016,0
1,208016,0
3,208124,0
0,208231,0
1,208231,0
2,208445,0
1,208552,0
2,208659,0
3,208659,0
1,208766,0
0,208874,0
3,208874,0
0,209088,0
1,209088,0
2,209195,0
1,209302,0
2,209409,0
0,209516,0
3,209516,0
0,209731,0
1,209838,0
3,209945,0
2,209945,0
1,210159,0
2,210266,0
1,210374,0
0,210374,0
2,210481,0
3,210588,0
0,210588,0
3,210802,0
2,210802,0
1,210909,0
2,211016,0
1,211124,0
3,211231,0
0,211231,0
3,211445,0
2,211552,0
1,211659,0
0,211659,0
2,211874,0
1,211981,0
3,212088,0
2,212088,0
1,212195,0
3,212302,0
0,212302,0
1,212516,0
0,212516,0
2,212624,0
1,212731,0
2,212838,0
3,212945,0
0,212945,0
0,213159,0
1,213266,0
3,213374,0
2,213374,0
3,213481,0
0,213588,0
1,213695,0
1,213802,0
3,213909,0
2,214016,0
0,214016,0
2,214124,0
1,214124,0
0,214231,0
2,214338,0
1,214338,0
3,214445,0
1,214445,0
2,214552,0
3,214659,0
0,214659,0
3,214766,0
0,214766,0
3,214874,0
0,214874,0
1,214981,0
2,215088,0
3,215088,0
0,215131,0
1,215174,0
2,215216,0
0,215259,0
3,215302,0
2,215356,0
1,215409,1,215516
0,215409,1,215624
3,215516,0
3,215624,0
1,215731,1,215945
0,215731,1,215838
2,215838,0
3,215945,0
3,216052,1,216159
0,216052,1,216266
2,216159,0
2,216266,0
1,216374,0
0,216374,0
3,216416,0
2,216459,0
1,216502,0
0,216545,0
3,216588,0
2,216695,0
3,216803,0
0,216803,0
0,216906,0
3,217009,0
1,217113,0
2,217216,0
0,217216,0
2,217320,0
0,217423,0
3,217527,0
1,217630,0
2,217630,0
1,217734,0
2,217837,0
0,217940,0
3,218044,0
1,218044,0
3,218147,0
1,218251,0
2,218354,0
1,218458,0
0,218458,0
3,218498,0
2,218538,0
1,218578,0
3,218618,0
0,218658,0
1,218708,0
2,218758,1,218858
3,218758,1,218958
0,218858,0
0,218958,0
2,219058,1,219258
3,219058,1,219158
1,219158,0
0,219258,0
0,219358,1,219458
3,219358,1,219558
1,219458,0
1,219558,0
3,219658,1,219758
2,219658,1,219858
0,219758,0
0,219858,0
2,219958,0
0,220058,0
3,220058,0
3,220154,0
0,220251,0
2,220348,0
1,220445,0
3,220445,0
1,220541,0
3,220638,0
0,220735,0
2,220832,0
1,220832,0
2,220928,0
1,221025,0
3,221122,0
0,221219,0
2,221219,0
0,221316,0
3,221412,0
1,221509,0
2,221606,0
3,221606,0
0,221643,0
1,221681,0
2,221718,0
0,221756,0
3,221793,0
2,221840,0
1,221887,1,221981
0,221887,1,222074
3,221981,0
3,222074,0
1,222168,1,222356
0,222168,1,222262
2,222262,0
3,222356,0
3,222449,1,222543
0,222449,1,222637
2,222543,0
2,222637,0
1,222731,0
0,222731,0
3,222768,0
2,222806,0
1,222843,0
0,222881,0
3,222918,0
2,223012,0
3,223106,0
0,223106,0
0,223196,0
3,223287,0
1,223378,0
0,223469,0
2,223469,0
2,223560,0
0,223651,0
3,223742,0
2,223833,0
1,223833,0
1,223924,0
2,224015,0
0,224106,0
3,224196,0
1,224196,0
3,224287,0
1,224378,0
2,224469,0
1,224561,0
0,224561,0
3,224596,0
2,224631,0
1,224666,0
3,224702,0
0,224737,0
1,224781,0
2,224825,1,224913
3,224825,1,225002
0,224913,0
0,225002,0
2,225090,1,225266
3,225090,1,225178
1,225178,0
0,225266,0
3,225355,1,225531
0,225355,1,225443
1,225443,0
1,225531,0
2,225619,0
3,225619,0
0,225655,0
1,225690,0
2,225725,0
3,225761,0
0,225796,0
1,225884,0
0,225972,0
3,225972,0
3,226057,0
0,226143,0
2,226229,0
1,226314,0
3,226314,0
1,226400,0
3,226486,0
0,226572,0
1,226657,0
2,226657,0
2,226743,0
3,226743,0
1,226829,0
0,226829,0
1,226914,0
3,226914,0
0,227000,0
2,227000,0
1,227086,0
0,227086,0
2,227172,0
3,227172,0
1,227257,0
2,227257,0
0,227344,0
1,227344,1,227510
3,227385,0
2,227427,0
0,227469,0
3,227510,0
1,227594,0
2,227594,0
3,227677,0
0,227677,0
0,227760,0
1,227844,0
2,228010,0
0,228010,1,228177
1,228010,1,228260
2,228094,0
3,228177,0
1,228344,0
3,228344,1,228510
2,228385,0
0,228427,0
1,228469,0
2,228510,0
0,228594,0
3,228677,0
2,228677,1,228839
1,228717,0
0,228758,0
3,228798,0
1,228839,0
2,228920,0
0,228920,0
3,229001,0
1,229001,0
3,229082,0
2,229163,0
3,229325,0
0,229325,1,229406
1,229325,1,229406
2,229406,0
3,229487,0
0,229487,1,229568
1,229487,1,229568
1,229649,1,229812
2,229649,0
0,229690,0
3,229731,0
2,229771,0
0,229812,0
3,229893,0
1,229974,0
0,229974,1,230131
2,230026,0
3,230079,0
1,230131,0
3,230210,0
0,230210,0
2,230289,0
1,230289,0
1,230368,0
0,230447,0
3,230605,0
1,230605,1,230763
0,230605,1,230842
3,230684,0
2,230763,0
0,230921,0
2,230921,1,231079
1,230974,0
0,231026,0
3,231079,0
1,231158,0
2,231238,0
3,231238,1,231391
0,231289,0
1,231340,0
2,231391,0
3,231468,0
1,231468,0
2,231545,0
0,231545,0
2,231622,0
3,231699,0
1,231853,0
2,231853,1,232007
3,231853,1,232084
1,231930,0
0,232007,0
0,232161,1,232314
2,232161,1,232238
3,232161,0
2,232314,0
1,232314,0
2,232391,0
3,232391,0
1,232468,1,232618
0,232468,0
3,232518,0
2,232568,0
0,232618,0
2,232693,0
1,232768,0
3,232768,0
3,232843,0
2,232918,0
2,233068,1,233218
3,233068,0
1,233118,0
0,233168,0
3,233218,0
0,233293,0
1,233368,0
2,233368,0
1,233443,0
0,233518,0
0,233668,1,233814
1,233668,0
2,233716,0
3,233765,0
1,233814,0
3,233887,0
0,233960,0
2,233960,0
2,234033,0
3,234107,0
3,234253,1,234399
2,234253,0
0,234302,0
1,234350,0
2,234399,0
1,234472,0
0,234546,0
3,234546,0
0,234619,0
1,234692,0
0,234839,0
1,234839,0
2,234839,0
2,234910,0
3,234981,0
0,234981,0
1,235124,0
2,235124,0
1,235196,0
2,235267,0
0,235267,0
1,235410,0
3,235410,0
3,235481,0
1,235553,0
2,235553,0
0,235696,0
3,235696,0
0,235767,0
1,235839,0
3,235839,0
0,235982,0
2,235982,0
2,236051,0
0,236121,0
1,236121,0
3,236191,0
1,236261,0
2,236261,0
1,236330,0
2,236400,0
3,236400,0
0,236470,0
3,236540,0
1,236540,0
2,236609,0
0,236609,0
1,236679,0
2,236749,0
0,236819,0
3,236819,0
1,236888,0
2,236888,0
3,236958,0
1,237028,0
0,237098,0
2,237098,0
3,237098,0
2,237447,0
3,237447,0
2,237744,0
3,237744,0
2,238003,0
3,238003,0
1,238232,0
0,238232,0
0,238437,0
1,238437,0
1,238622,0
0,238622,0
1,238790,0
0,238790,0
2,238945,0
3,238945,0
3,239087,0
2,239087,0
0,239220,0
1,239220,0
1,239343,0
0,239343,0
2,239459,0
3,239459,0
3,239568,0
2,239568,0
1,239670,0
0,239670,0
1,239767,0
0,239767,0
2,239859,0
3,239859,0
1,239947,0
0,239947,0
2,240031,0
3,240031,0
1,240110,0
3,240187,0
0,240187,0
1,240260,0
2,240260,0
3,240330,0
0,240330,0
2,240398,0
1,240463,0
0,240463,0
3,240526,0
1,240586,0
2,240586,0
0,240645,0
2,240701,0
3,240701,0
0,240756,0
1,240809,0
3,240809,0
2,240861,0
1,240911,0
0,240911,0
3,240960,0
0,241007,0
2,241053,0
3,241098,0
1,241141,0
2,241184,0
0,241225,0
1,241265,0
3,241305,0
0,241344,0
2,241382,0
1,241419,0
3,241455,0
2,241490,0
0,241524,0
1,241558,0
3,241591,0
2,241624,0
0,241656,0
1,241697,0
3,241738,0
2,241778,0
0,241816,0
1,241853,0
2,241898,0
3,241898,0
0,241948,0
1,241998,0
3,242048,0
0,242098,0
2,242148,0
3,242198,0
1,242198,0
0,242248,0
2,242298,0
3,242348,0
0,242398,0
1,242448,0
3,242498,0
2,242498,0
0,242548,0
1,242598,0
3,242648,0
0,242698,0
2,242748,0
1,242798,0
3,242798,0
0,242858,0
1,242918,0
2,242978,0
3,243038,0
1,243098,0
0,243098,1,243173
2,243173,0
0,243248,1,243323
3,243248,0
2,243323,0
0,243398,1,243473
1,243398,0
3,243473,0
0,243548,1,243623
2,243548,0
1,243623,0
2,243698,0
3,243698,1,243773
0,243773,0
3,243848,1,243923
1,243848,0
0,243923,0
3,243998,1,244073
2,243998,0
1,244073,0
2,244148,0
1,244223,0
0,244298,1,244373
3,244298,0
3,244373,0
2,244448,1,244523
0,244448,0
0,244523,0
1,244598,1,244673
2,244598,0
2,244673,0
1,244748,0
3,244748,1,244823
1,244823,0
0,244898,1,244973
3,244898,0
3,244973,0
2,245048,1,245123
0,245048,0
0,245123,0
2,245198,0
1,245198,1,245273
2,245273,0
1,245348,0
0,245348,0
1,245423,0
0,245423,0
3,245498,1,245573
2,245498,1,245798
3,245648,1,246098
0,245798,1,245873
0,245948,1,246248
2,246098,1,246248
1,246248,1,246398
3,246398,1,246698
2,246398,1,246548
1,246473,0
0,246548,1,246698
2,246698,1,246848
1,246848,1,246998
0,246923,1,246998
3,246998,1,247148
0,247073,1,247148
1,247148,1,247298
2,247298,0
3,247373,1,247523
0,247448,1,247598
2,247523,0
1,247598,1,247748
2,247673,1,247748
0,247748,1,247898
1,247898,1,248048
2,248048,1,248198
3,248123,1,248198
0,248198,1,248423
3,248273,1,248348
2,248348,1,248498
1,248498,0
3,248498,1,248723
0,248573,1,248723
2,248648,1,248723
1,248723,0
0,248798,1,248873
2,248798,0
3,248798,0
2,248873,0
1,248948,0
3,248948,1,249023
1,249023,0
3,249098,1,249323
2,249098,1,249173
0,249098,1,249248
1,249173,1,249248
2,249248,1,249323
1,249323,1,249398
0,249323,1,249398
2,249398,0
3,249398,0
3,249473,0
0,249548,0
2,249585,0
1,249623,0
3,249698,0
0,249698,0
1,249773,0
2,249848,0
0,249885,0
3,249923,0
0,249998,0
1,249998,0
1,250073,0
3,250148,0
0,250185,0
2,250223,0
3,250298,0
1,250298,0
2,250373,0
0,250448,0
3,250485,0
1,250523,0
3,250598,0
2,250598,0
2,250673,0
1,250748,0
3,250785,0
0,250823,0
1,250898,0
2,250898,0
0,250973,0
3,251048,0
1,251085,0
2,251123,0
1,251198,0
0,251198,0
0,251273,0
2,251348,0
3,251348,0
1,251385,0
0,251423,0
2,251498,1,251648
1,251498,1,251573
3,251573,0
0,251648,1,251723
1,251648,1,251798
2,251723,1,251873
3,251798,1,251948
0,251798,0
1,251873,1,251948
0,251948,1,252098
2,251948,1,252023
3,252023,1,252098
2,252098,0
1,252173,1,252323
0,252173,1,252248
3,252248,1,252398
0,252323,0
2,252398,0
1,252398,0
2,252473,0
1,252548,1,252698
0,252548,1,252623
3,252623,1,252773
0,252698,1,252848
2,252698,1,252773
1,252773,0
3,252848,1,252923
2,252848,1,252998
0,252923,1,253073
1,252998,1,253148
3,252998,0
2,253073,1,253148
3,253148,1,253298
0,253148,1,253223
1,253223,1,253298
0,253298,0
2,253373,1,253523
3,253373,1,253448
0,253448,0
1,253448,0
3,253523,0
0,253598,1,253823
2,253598,0
1,253673,1,253748
2,253748,1,253823
3,253748,0
1,253823,1,253898
0,253898,1,253973
2,253898,1,254198
3,253898,1,253973
0,254048,1,254123
3,254048,1,254198
1,254198,0
0,254198,0
1,254348,1,254423
3,254348,1,254498
2,254348,1,254423
2,254498,1,254648
1,254498,1,254648
3,254573,0
0,254648,0
3,254798,1,254873
1,254798,1,254873
0,254798,1,254923
3,254948,1,255098
1,254948,1,255023
0,254998,0
2,255048,0
1,255098,0
3,255173,0
2,255248,1,255323
1,255248,1,255398
0,255248,1,255548
2,255398,1,255548
3,255398,1,255473
1,255473,0
3,255548,0
0,255698,0
1,255698,1,255773
2,255698,0
3,255748,0
2,255798,0
1,255848,0
0,255848,0
0,255923,0
2,255998,0
3,255998,0
1,256048,0
3,256098,0
0,256148,0
2,256148,0
1,256198,0
2,256248,0
0,256298,1,256448
3,256298,1,256373
1,256298,1,256523
2,256448,1,256523
3,256448,1,256598
0,256523,1,256673
1,256598,1,256748
2,256598,0
3,256673,1,256748
2,256748,1,256898
0,256748,1,256823
1,256823,1,256898
0,256898,0
3,256973,1,257123
2,256973,1,257048
1,257048,1,257198
2,257123,0
0,257198,0
3,257198,0
0,257273,0
3,257348,1,257498
2,257348,1,257423
1,257423,1,257573
2,257498,1,257648
0,257498,1,257573
3,257573,0
1,257648,1,257723
0,257648,1,257798
2,257723,1,257873
3,257798,1,257948
1,257798,0
0,257873,1,257948
1,257948,1,258098
2,257948,1,258023
3,258023,1,258098
2,258098,0
0,258173,1,258323
1,258173,1,258248
3,258248,1,258398
1,258323,0
2,258398,0
0,258398,0
2,258473,0
0,258548,1,258698
1,258548,1,258623
3,258623,1,258773
1,258698,1,258848
2,258698,1,258773
0,258773,0
3,258848,1,258923
2,258848,1,258998
1,258923,1,259073
0,258998,1,259148
3,258998,0
2,259073,1,259148
3,259148,1,259298
1,259148,1,259223
0,259223,1,259298
1,259298,0
2,259373,1,259523
3,259373,1,259448
0,259448,1,259598
3,259523,0
1,259598,0
2,259598,0
1,259673,0
2,259748,1,259898
3,259748,1,259823
0,259823,1,259973
1,259898,1,259973
3,259898,1,260123
2,259973,1,260048
1,260048,1,260198
0,260048,1,260123
2,260123,1,260198
3,260198,0
0,260198,1,260423
1,260273,1,260348
2,260348,1,260423
3,260348,1,260498
1,260423,1,260498
0,260498,1,260648
2,260498,1,260573
3,260573,1,260648
1,260648,1,260723
2,260648,1,260798
3,260723,0
0,260798,0
1,260798,0
0,260873,0
2,260948,1,261098
3,260948,1,261023
1,261023,1,261173
3,261098,1,261248
0,261098,1,261173
2,261173,0
1,261248,1,261323
0,261248,1,261398
3,261323,1,261473
2,261398,1,261548
1,261398,0
0,261473,1,261548
1,261548,1,261698
3,261548,1,261623
2,261623,1,261698
3,261698,0
0,261773,1,261923
1,261773,1,261848
2,261848,1,261998
1,261923,0
3,261998,0
0,261998,0
3,262073,0
0,262148,1,262298
1,262148,1,262223
2,262223,1,262298
1,262298,1,262448
3,262298,0
3,262448,0
1,262523,1,262598
0,262598,1,262748
2,262598,0
3,262673,1,262748
2,262748,1,262898
1,262748,1,262823
0,262823,1,262898
1,262898,0
3,262973,1,263123
2,262973,1,263048
0,263048,1,263198
2,263123,0
1,263198,0
3,263198,0
1,263273,0
3,263348,1,263498
2,263348,1,263423
0,263423,1,263573
1,263498,1,263573
2,263498,1,263648
3,263573,0
1,263648,0
3,263685,0
0,263723,0
2,263798,0
1,263798,0
0,263873,0
3,263948,0
1,263985,0
2,264023,0
1,264098,0
0,264098,0
0,264173,0
2,264248,0
3,264248,0
1,264285,0
0,264323,0
2,264398,0
1,264398,0
2,264473,0
1,264548,0
0,264548,0
3,264585,0
2,264623,0
0,264698,0
3,264698,1,264848
1,264773,0
2,264848,0
1,264923,0
0,264998,0
3,264998,1,265148
2,265073,0
1,265148,0
2,265223,0
0,265298,0
3,265298,1,265448
1,265373,0
0,265448,0
2,265523,0
3,265598,1,265823
1,265673,1,265823
2,265748,1,265823
0,265823,1,265898
1,265898,1,265973
2,265898,1,266048
3,265898,1,266123
1,266048,1,266198
0,266048,1,266123
2,266123,1,266273
0,266198,0
3,266198,1,266348
1,266273,1,266348
2,266348,1,266423
0,266348,1,266498
3,266423,1,266498
2,266498,0
0,266573,1,266648
1,266573,1,266723
3,266648,1,266798
0,266723,0
1,266798,0
2,266798,0
2,266873,0
0,266948,1,267023
1,266948,1,267098
3,267023,1,267173
2,267098,1,267173
0,267098,1,267248
1,267173,0
2,267248,1,267398
3,267248,1,267323
0,267323,1,267473
3,267398,0
1,267398,1,267548
2,267473,1,267548
0,267548,1,267623
3,267548,1,267698
1,267623,1,267698
0,267698,0
3,267773,1,267848
2,267773,1,267923
1,267848,1,267998
3,267923,0
2,267998,0
0,267998,0
0,268073,0
3,268148,1,268223
2,268148,1,268298
1,268223,1,268373
3,268298,1,268448
0,268298,1,268523
2,268373,1,268448
1,268448,1,268523
2,268523,1,268598
3,268523,1,268598
0,268598,0
1,268598,0
0,268673,0
3,268748,0
1,268785,0
2,268823,0
3,268898,0
0,268898,0
2,268973,0
1,269048,0
3,269085,0
0,269123,0
2,269198,0
3,269198,0
2,269273,0
0,269348,0
3,269385,0
1,269423,0
2,269498,0
0,269498,0
1,269573,0
3,269648,0
0,269685,0
2,269723,0
1,269798,0
0,269798,0
1,269873,0
2,269948,0
0,269985,0
3,270023,0
1,270098,0
2,270098,0
3,270173,0
0,270248,0
2,270285,0
1,270323,0
3,270398,0
2,270398,0
3,270473,0
0,270548,0
1,270548,0
2,270585,0
3,270623,0
2,270698,1,270773
1,270698,1,270848
0,270773,0
2,270848,1,270998
3,270848,1,270923
1,270923,1,271073
3,270998,0
0,270998,1,271148
2,271073,1,271148
1,271148,1,271223
3,271148,1,271298
0,271223,1,271298
1,271298,0
3,271373,1,271448
2,271373,1,271523
0,271448,1,271598
3,271523,0
2,271598,0
1,271598,0
1,271673,0
3,271748,1,271823
2,271748,1,271898
0,271823,1,271973
1,271898,1,271973
3,271898,1,272048
2,271973,0
1,272048,1,272198
0,272048,1,272123
3,272123,1,272273
0,272198,0
2,272198,1,272348
1,272273,1,272348
3,272348,1,272423
0,272348,1,272498
2,272423,1,272498
3,272498,0
0,272573,1,272648
1,272573,1,272723
2,272648,0
3,272648,0
0,272723,0
1,272798,0
3,272798,0
3,272873,0
0,272948,1,273023
1,272948,1,273060
2,273023,1,273098
0,273098,0
3,273098,0
1,273148,0
2,273198,0
0,273248,0
3,273298,0
2,273348,0
1,273398,0
0,273398,0
3,273398,1,273623
1,273473,1,273698
2,273548,1,273623
0,273623,1,273773
2,273698,1,273773
3,273698,1,273773
1,273773,0
2,273848,0
3,273848,0
0,273848,1,274073
3,273923,1,274148
1,273998,1,274073
2,274073,1,274223
1,274148,1,274223
0,274148,1,274223
3,274223,0
1,274298,0
0,274298,0
2,274298,1,274523
0,274373,1,274523
3,274448,1,274523
1,274523,0
2,274598,0
3,274598,0
0,274598,1,274823
2,274673,1,274823
1,274748,1,274823
3,274823,0
2,274898,0
0,274898,1,274973
1,274898,1,275123
3,274973,1,275198
0,275048,1,275423
2,275123,1,275273
1,275198,1,275348
3,275273,1,275423
2,275348,1,275423
1,275423,1,275498
0,275498,1,275573
3,275498,1,275648
2,275498,1,275723
0,275648,1,275798
1,275648,1,275723
3,275723,1,275873
1,275798,0
2,275798,1,275948
0,275873,1,275948
3,275948,1,276023
1,275948,1,276098
2,276023,1,276098
3,276098,0
1,276173,1,276248
0,276173,1,276323
2,276248,1,276398
1,276323,0
0,276398,0
3,276398,0
3,276473,0
1,276548,1,276623
0,276548,1,276698
2,276623,1,276773
3,276698,1,276773
1,276698,1,276848
0,276773,0
3,276848,1,276998
2,276848,1,276923
1,276923,1,277073
2,276998,0
0,276998,1,277148
3,277073,1,277148
1,277148,1,277223
2,277148,1,277298
0,277223,1,277298
1,277298,0
2,277373,1,277448
3,277373,1,277523
0,277448,1,277598
2,277523,0
3,277598,0
1,277598,0
1,277673,0
2,277748,0
3,277748,1,277823
0,277823,1,277973
1,277898,1,277973
2,277898,1,278048
3,277898,1,278123
1,278048,1,278198
0,278048,1,278123
2,278123,1,278273
0,278198,0
3,278198,1,278348
1,278273,1,278348
2,278348,1,278423
0,278348,1,278498
3,278423,1,278498
2,278498,0
0,278573,1,278648
1,278573,1,278723
3,278648,1,278798
0,278723,0
1,278798,0
2,278798,0
2,278873,0
0,278948,1,279023
1,278948,1,279023
3,279023,1,279173
0,279098,1,279248
2,279098,1,279173
1,279098,1,279323
2,279248,1,279398
3,279248,1,279323
0,279323,1,279473
3,279398,0
1,279398,1,279548
2,279473,1,279548
0,279548,1,279623
3,279548,1,279698
1,279623,1,279698
0,279698,1,279848
2,279698,0
3,279773,1,279998
1,279848,1,279923
2,279885,0
0,279923,1,279998
1,279998,1,280073
0,280073,1,280223
3,280148,1,280260
1,280185,0
2,280223,1,280298
1,280298,1,280423
0,280298,1,280373
3,280348,1,280523
2,280398,1,280473
0,280448,1,280523
1,280498,1,280573
2,280548,1,280623
3,280598,1,280673
0,280598,0
2,280748,1,280823
3,280748,1,280973
1,280798,1,280898
0,280848,1,281048
2,280898,1,281048
1,280973,0
3,281048,0
1,281198,1,281273
2,281198,1,281498
0,281248,1,281423
3,281298,1,281648
1,281348,1,281573
0,281498,1,281648
2,281573,1,281723
1,281648,1,281798
0,281723,1,281873
2,281798,1,281948
3,281798,1,281873
1,281873,1,282023
3,281948,1,282248
0,282023,1,282173
1,282098,1,282323
2,282173,1,282323
0,282248,1,282398
3,282323,1,282473
2,282398,1,282623
1,282398,1,282548
0,282473,1,282623
3,282548,1,282623
1,282623,1,282698
2,282698,1,282823
3,282698,1,282773
0,282748,1,282923
1,282798,1,282873
3,282848,1,282923
2,282898,1,282973
1,282948,1,283023
0,282998,1,283073
3,282998,0
1,283148,1,283223
0,283148,1,283373
2,283198,1,283298
3,283248,1,283373
1,283298,1,283448
2,283373,0
0,283448,0
2,283598,1,283673
1,283598,1,283823
3,283648,1,284198
0,283698,1,283898
2,283748,1,283973
1,283898,1,284048
0,283973,1,284498
2,284048,1,284123
2,284198,1,284348
3,284273,1,284423
1,284348,1,284423
1,284498,1,284813
3,284498,1,284734
0,284576,1,284734
2,284655,1,284774
0,284813,0
3,284813,0
2,284866,0
1,284919,0
3,284971,0
0,285024,0
1,285076,0
2,285130,0
0,285130,1,285380
3,285130,1,285296
1,285213,1,285296
2,285296,1,285463
1,285380,1,285463
0,285463,1,285630
3,285463,1,285546
2,285546,1,285630
3,285630,1,285713
1,285630,1,285713
0,285713,1,285797
1,285797,0
2,285797,0
3,285797,1,285973
1,285885,1,285973
2,285973,0
0,285973,1,286061
2,286061,1,286149
0,286149,0
3,286149,1,286238
0,286238,1,286326
3,286326,0
1,286326,1,286414
3,286414,1,286502
0,286502,0
1,286502,0
2,286502,0
2,286585,0
0,286613,0
3,286668,0
1,286724,0
2,286779,0
0,286835,0
3,286835,0
0,286918,0
3,286946,0
1,287002,0
2,287057,0
0,287113,0
3,287169,0
1,287169,0
3,287247,0
1,287274,0
2,287326,0
0,287379,0
1,287484,0
2,287484,0
1,287563,0
3,287563,0
2,287642,0
0,287642,0
2,287721,0
0,287801,1,288176
3,287801,1,287951
1,287801,1,287876
2,287876,1,288026
1,287951,1,288026
3,288026,1,288101
2,288101,0
1,288101,1,288251
3,288176,1,288251
2,288251,1,288326
0,288251,1,288401
1,288326,0
2,288401,1,288776
3,288401,1,288476
1,288476,1,288626
3,288551,1,288626
0,288626,1,288701
3,288701,1,288851
1,288701,0
0,288776,1,288851
1,288851,1,288926
2,288851,1,289001
3,288926,1,289001
1,289001,1,289376
0,289001,1,289076
3,289076,1,289226
0,289151,1,289226
2,289226,1,289301
0,289301,1,289451
3,289301,0
2,289376,1,289451
1,289451,0
3,289451,0
0,289526,0
3,289601,1,289751
2,289601,1,289676
0,289676,1,289826
1,289751,1,289901
2,289751,1,289826
3,289826,1,289901
0,289901,0
2,289901,1,289976
1,289976,1,290051
3,290051,0
0,290051,1,290126
1,290126,1,290201
3,290201,1,290576
2,290201,1,290276
0,290276,1,290426
2,290351,1,290426
1,290426,1,290501
0,290501,0
2,290501,1,290651
1,290576,1,290651
0,290651,1,290726
3,290651,1,290801
2,290726,0
0,290801,1,291176
1,290801,1,290876
2,290876,1,291026
1,290951,1,291026
3,291026,1,291101
1,291101,1,291251
2,291101,0
3,291176,1,291251
2,291251,1,291326
0,291251,1,291401
1,291326,1,291401
2,291401,1,291776
3,291401,1,291476
1,291476,1,291626
3,291551,1,291626
0,291626,1,291701
3,291701,1,291851
1,291701,0
0,291776,1,291926
2,291851,1,292001
1,291851,1,291926
3,291926,1,292001
1,292001,1,292151
0,292001,1,292076
3,292076,1,292226
2,292151,1,292301
0,292151,1,292226
1,292226,1,292301
3,292301,0
0,292301,1,292376
2,292376,1,292451
1,292451,0
3,292451,1,292526
2,292526,1,292601
1,292601,1,292976
0,292601,1,292676
3,292676,1,292826
0,292751,1,292826
2,292826,1,292901
3,292901,0
0,292901,1,293051
2,292976,1,293051
1,293051,1,293201
3,293051,1,293126
0,293126,1,293201
3,293201,1,293576
2,293201,1,293276
0,293276,1,293426
2,293351,1,293426
1,293426,1,293501
2,293501,1,293651
0,293501,0
1,293576,1,293651
0,293651,1,293726
3,293651,1,293801
2,293726,0
0,293801,1,294176
1,293801,1,293876
2,293876,1,294026
1,293951,1,294026
3,294026,1,294101
1,294101,1,294251
2,294101,0
3,294176,1,294326
0,294251,1,294401
2,294251,1,294326
1,294326,1,294401
2,294401,1,294776
3,294401,1,294476
1,294476,1,294626
3,294551,1,294626
0,294626,1,294701
3,294701,1,294851
1,294701,0
0,294776,1,294851
2,294851,1,295001
1,294851,1,294926
3,294926,0
1,295001,1,295376
0,295001,1,295076
3,295076,1,295226
0,295151,1,295226
2,295226,1,295301
0,295301,1,295451
3,295301,0
2,295376,1,295526
1,295451,1,295601
3,295451,1,295526
0,295526,1,295601
3,295601,1,295826
2,295601,1,295676
1,295676,1,295826
2,295751,1,295901
0,295826,1,295901
1,295901,1,296126
3,295901,0
0,295976,1,296126
3,296051,1,296201
2,296126,1,296201
0,296201,1,296576
1,296201,1,296276
2,296276,1,296426
1,296351,1,296426
3,296426,1,296501
1,296501,1,296651
2,296501,0
3,296576,1,296726
0,296651,1,296801
2,296651,1,296726
1,296726,1,296801
3,296801,1,296876
2,296801,1,296951
1,296876,1,297026
0,296951,1,297101
1,297101,1,297251
2,297176,1,297326
3,297251,1,297326
1,297326,0
3,297401,1,297701
0,297401,1,297551
2,297401,1,297476
1,297476,1,297551
2,297551,1,297626
0,297626,1,297701
1,297701,0
2,297701,1,297851
0,297776,1,297851
3,297851,1,298001
1,297851,0
2,297926,0
0,298001,1,298076
1,298001,1,298301
2,298076,1,298226
0,298151,1,298226
3,298226,1,298301
0,298301,1,298451
2,298301,0
3,298376,1,298451
1,298451,1,298601
2,298451,0
0,298526,1,298601
3,298601,1,298676
2,298601,1,298901
0,298676,1,298826
3,298751,1,298826
1,298826,1,298901
3,298901,1,299051
0,298901,0
1,298976,1,299051
2,299051,0
0,299051,0
3,299126,0
0,299201,1,299351
1,299201,1,299276
3,299276,1,299501
2,299351,1,299501
1,299351,1,299426
0,299426,1,299501
1,299501,1,299576
2,299576,1,299651
3,299651,1,299726
2,299726,1,299801
0,299801,1,300101
1,299801,1,299876
3,299801,1,300026
1,299951,1,300026
2,300026,1,300101
3,300101,0
1,300101,1,300326
2,300176,1,300326
3,300251,1,300326
0,300326,1,300401
3,300401,1,300701
2,300401,1,300476
1,300401,1,300626
2,300551,1,300626
0,300626,1,300701
2,300701,1,300926
1,300701,0
0,300776,1,300926
1,300851,1,300926
3,300926,1,301001
0,301001,1,301076
2,301001,1,301076
1,301001,1,301226
3,301076,1,301226
0,301151,1,301226
2,301151,1,301301
0,301301,1,301601
3,301301,1,301376
1,301301,1,301376
2,301376,1,301526
1,301451,1,301526
3,301451,1,301526
3,301601,0
1,301601,0
2,301601,0
0,301701,0
1,301801,0
0,301801,0
2,301801,0
3,301901,0
3,302001,0
0,302001,0
2,302001,0
1,302101,0
3,302201,1,302426
1,302201,1,302351
0,302201,1,302351
2,302351,1,302501
0,302426,1,302501
1,302501,0
3,302501,1,302651
2,302576,1,302651
1,302651,1,302801
0,302651,1,302726
2,302726,1,302801
3,302801,1,302876
0,302801,1,303026
3,302951,1,303101
1,303026,1,303101
0,303101,1,303251
2,303101,0
3,303176,1,303326
2,303251,1,303326
0,303326,1,303401
1,303401,1,303626
2,303401,1,303551
3,303401,1,303551
0,303551,1,303701
3,303626,1,303701
2,303701,0
1,303701,1,303851
0,303776,1,303926
3,303851,1,303926
2,303851,1,303963
1,303926,1,304001
0,304001,0
3,304001,1,304226
2,304051,0
1,304101,0
2,304151,1,304301
3,304301,0
0,304301,0
1,304351,0
0,304401,0
3,304451,1,304601
2,304451,0
2,304601,1,304826
1,304601,1,304751
0,304601,1,304826
3,304751,1,304901
1,304826,1,304901
2,304901,0
0,304901,1,305051
3,304976,1,305126
2,305051,1,305126
1,305126,0
0,305126,0
1,305201,0
2,305201,1,305276
3,305201,1,305351
1,305351,0
0,305351,0
2,305426,0
0,305463,0
3,305501,0
2,305534,0
1,305567,0
0,305601,0
3,305651,0
2,305651,0
1,305726,0
2,305801,1,306176
0,305801,1,306026
3,305851,1,306101
1,305901,1,306326
0,306101,1,306251
1,306401,1,306626
2,306401,1,306476
0,306451,1,306551
3,306501,1,306626
2,306551,1,306701
1,306701,1,306776
3,306701,1,306851
0,306701,1,306851
1,306851,0
2,306851,0
1,306926,0
3,306926,0
3,307001,1,307376
0,307001,1,307151
2,307001,1,307076
1,307076,1,307226
2,307151,1,307226
0,307226,1,307301
1,307301,0
2,307301,1,307451
0,307376,1,307451
1,307451,1,307526
3,307451,1,307601
2,307526,0
1,307601,1,307976
0,307601,1,307676
2,307676,1,307826
0,307751,1,307826
3,307826,1,307901
0,307901,1,308051
2,307901,0
3,307976,1,308051
2,308051,1,308126
1,308051,1,308201
0,308126,1,308201
2,308201,1,308576
3,308201,1,308276
0,308276,1,308426
3,308351,1,308426
1,308426,1,308501
3,308501,1,308651
0,308501,0
1,308576,1,308651
2,308651,0
0,308651,0
3,308726,0
0,308801,1,308951
1,308801,1,308876
2,308876,1,308951
1,308951,0
3,309026,1,309176
0,309026,1,309176
2,309101,1,309176
1,309176,0
0,309251,1,309326
2,309251,1,309401
3,309326,1,309401
0,309401,1,309776
1,309401,1,309476
3,309476,1,309626
1,309551,1,309626
2,309626,1,309701
3,309701,0
1,309701,1,309851
2,309776,1,309851
3,309851,1,309926
0,309851,1,310001
1,309926,0
3,310001,1,310376
2,310001,1,310076
1,310076,1,310226
2,310151,1,310226
0,310226,1,310301
2,310301,1,310451
1,310301,0
0,310376,1,310451
1,310451,1,310526
3,310451,1,310601
2,310526,1,310601
1,310601,1,310976
0,310601,1,310676
2,310676,1,310826
0,310751,1,310826
3,310826,1,310901
0,310901,1,311051
2,310901,0
3,310976,1,311126
1,311051,1,311201
2,311051,1,311126
0,311126,1,311201
2,311201,1,311351
3,311201,1,311426
0,311276,0
1,311351,1,311501
2,311426,0
0,311501,0
3,311501,1,311651
1,311576,0
2,311651,0
0,311651,1,311801
1,311726,0
2,311801,1,312176
3,311801,1,311876
0,311876,1,312026
3,311951,1,312026
1,312026,1,312101
0,312101,0
3,312101,1,312251
1,312176,1,312251
2,312251,1,312401
0,312251,1,312326
3,312326,1,312401
0,312401,1,312776
1,312401,1,312476
3,312476,1,312626
1,312551,1,312626
2,312626,1,312701
1,312701,1,312851
3,312701,0
2,312776,1,312851
3,312851,1,312926
0,312851,1,313001
1,312926,0
3,313001,1,313376
2,313001,1,313076
1,313076,1,313226
2,313151,1,313226
0,313226,1,313301
2,313301,1,313451
1,313301,0
0,313376,1,313451
3,313451,1,313601
1,313451,0
2,313526,0
1,313601,1,313976
0,313601,1,313676
2,313676,1,313826
0,313751,1,313826
3,313826,1,313901
0,313901,1,314051
2,313901,0
3,313976,1,314051
1,314051,1,314201
2,314051,1,314126
0,314126,0
2,314201,1,314576
3,314201,1,314276
0,314276,1,314426
3,314351,1,314426
1,314426,1,314501
3,314501,1,314651
0,314501,0
1,314576,1,314726
2,314651,1,314801
0,314651,1,314726
3,314726,1,314801
0,314801,1,315026
1,314801,1,314876
2,314876,1,315026
1,314951,1,315101
3,315026,1,315101
2,315101,1,315326
0,315101,0
3,315176,1,315326
0,315251,1,315401
1,315326,1,315401
3,315401,1,315776
2,315401,1,315476
1,315476,1,315626
2,315551,1,315626
0,315626,1,315701
2,315701,1,315851
1,315701,0
0,315776,1,315926
3,315851,1,316001
1,315851,1,315926
2,315926,1,316001
1,316001,0
0,316001,0
0,316076,0
3,316151,1,316301
1,316301,0
1,316376,0
3,316451,0
2,316526,0
0,316601,1,316901
1,316601,1,316676
3,316601,1,316751
2,316676,1,316826
1,316751,1,316826
3,316826,1,316901
2,316901,0
1,316901,0
2,317051,1,317201
0,317051,1,317126
3,317051,1,317201
1,317126,1,317201
0,317201,1,317426
2,317276,1,317351
3,317351,1,317501
1,317501,1,317651
0,317501,1,317576
2,317501,1,317726
0,317651,1,317801
3,317726,1,317801
2,317801,0
1,317801,1,317876
0,317876,0
1,317951,1,318101
2,317951,1,318176
3,317951,1,318026
0,318101,1,318251
3,318101,1,318251
1,318176,1,318326
2,318251,1,318401
3,318401,1,318626
0,318401,1,318476
1,318401,1,318551
2,318476,0
0,318551,1,318701
1,318701,1,318776
2,318701,1,318926
3,318701,1,318851
0,318776,0
1,318851,1,319001
3,319001,1,319301
2,319001,1,319076
0,319001,1,319151
1,319076,1,319226
2,319151,1,319226
0,319226,1,319301
1,319301,0
2,319301,0
1,319451,1,319601
3,319451,1,319526
0,319451,1,319601
2,319526,1,319601
3,319601,1,319826
1,319676,1,319751
0,319751,1,319901
2,319901,1,320051
3,319901,1,319976
1,319901,1,320126
3,320051,1,320201
0,320126,1,320201
1,320201,1,320426
2,320201,1,320351
3,320276,0
0,320351,1,320426
2,320426,1,320501
3,320426,1,320576
0,320501,1,320651
1,320501,1,320576
2,320576,0
1,320651,1,320801
0,320801,0
2,320801,1,320876
3,320801,1,320951
0,320876,0
2,320951,0
2,321026,0
3,321101,0
1,321101,1,321176
0,321101,1,321176
3,321176,0
1,321251,0
0,321251,0
1,321326,0
3,321401,0
2,321401,0
0,321401,1,321551
1,321476,1,321626
3,321551,0
2,321551,1,321701
0,321626,1,321701
3,321701,0
1,321701,1,321851
0,321776,1,321926
3,321851,0
2,321851,1,321926
1,321926,1,322001
0,322001,0
2,322001,1,322151
3,322076,1,322226
0,322151,0
1,322151,1,322301
2,322226,1,322301
0,322301,0
3,322301,1,322451
2,322376,1,322526
0,322451,0
1,322451,1,322526
3,322526,1,322601
2,322601,0
1,322601,1,322751
0,322676,1,322826
3,322751,1,322901
2,322751,0
1,322826,1,322901
0,322901,1,323051
2,322901,0
1,322976,1,323051
2,323051,0
3,323051,1,323126
0,323126,1,323201
1,323201,0
3,323201,1,323276
2,323276,1,323351
1,323351,0
0,323351,0
3,323401,0
2,323451,0
1,323501,0
3,323501,0
0,323551,0
1,323601,0
2,323651,0
0,323701,0
3,323726,0
1,323751,0
0,323801,0
2,323801,0
3,323901,0
2,323901,0
3,324001,0
1,324001,0
0,324101,0
2,324101,0
3,324101,0
0,324201,0
1,324201,0
1,324301,0
2,324301,0
1,324401,0
0,324401,0
3,324401,0
3,324501,0
2,324501,0
0,324601,0
2,324601,0
1,324701,0
3,324701,0
2,324701,0
1,324801,0
0,324801,0
0,324901,0
3,324901,0
0,325001,0
1,325001,0
2,325001,0
2,325076,0
1,325151,0
0,325151,0
3,325226,0
1,325301,0
2,325301,0
1,325376,0
2,325451,0
3,325451,0
0,325526,0
2,325601,0
1,325638,0
3,325676,0
1,325751,0
2,325788,0
0,325826,0
2,325901,0
3,325901,0
1,325976,0
3,326051,0
0,326088,0
1,326126,0
2,326163,0
3,326201,1,326501
0,326201,1,326351
1,326351,0
0,326501,0
3,326576,0
2,326651,0
1,326726,0
3,326801,0
1,326951,0
2,327026,0
0,327101,0
2,327176,0
1,327251,0
0,327401,0
1,327476,0
2,327551,0
3,327701,1,327776
1,327776,0
0,327851,0
2,327926,0
1,328001,0
2,328151,0
0,328226,0
3,328301,1,328376
0,328376,0
2,328451,0
3,328601,0
1,328601,0
2,328676,0
0,328751,0
1,328901,1,328976
2,328976,0
3,329051,0
0,329126,0
2,329201,0
0,329351,0
3,329426,0
1,329501,1,329576
3,329576,0
0,329651,0
1,329801,0
0,329876,0
3,329951,0
2,330101,1,330176
0,330176,0
1,330251,0
3,330326,0
0,330401,0
3,330551,0
1,330626,0
2,330701,1,330776
1,330776,0
3,330851,0
0,331001,1,331301
1,331001,0
3,331076,0
2,331151,0
3,331301,1,331376
1,331376,0
0,331451,0
2,331526,0
1,331601,0
2,331751,0
0,331826,0
3,331901,1,331976
0,331976,0
2,332051,0
3,332201,0
2,332276,0
0,332351,0
1,332501,1,332576
2,332576,0
3,332651,0
0,332726,0
2,332801,0
0,332951,0
3,333026,0
1,333101,1,333176
3,333176,0
0,333251,0
1,333401,0
2,333401,0
0,333476,0
3,333551,0
2,333701,1,333776
0,333776,0
1,333851,0
3,333926,0
0,334001,0
3,334151,0
1,334226,0
2,334301,1,334376
1,334376,0
3,334451,0
2,334601,0
0,334601,0
3,334676,0
1,334676,0
2,334751,0
1,334826,0
2,334901,0
0,334901,0
3,334976,0
1,334976,0
2,335051,0
1,335126,0
0,335201,1,335351
3,335201,1,335313
2,335201,1,335332
3,335426,1,335576
1,335426,1,335538
0,335426,1,335557
1,335651,1,335801
2,335651,1,335763
3,335651,1,335782
2,336101,1,336176
1,336101,1,336701
0,336101,1,337001
3,336176,1,337301
0,337301,0
2,337301,0
1,337376,0
0,337451,0
3,337451,0
2,337526,0
1,337601,0
3,337601,0
0,337676,0
2,337751,0
1,337751,0
3,337826,0
2,337901,0
0,337901,0
1,337976,0
0,338051,0
3,338051,0
2,338126,0
1,338201,0
0,338201,0
3,338201,0
1,338276,0
2,338351,0
2,338426,0
0,338501,0
3,338538,0
2,338576,0
1,338651,0
1,338726,0
2,338801,0
3,338801,0
0,338801,0
3,338876,0
1,338951,0
2,338988,0
3,339026,0
0,339101,0
1,339101,0
0,339176,0
1,339176,0
3,339251,0
2,339251,0
2,339326,0
0,339401,0
3,339401,0
1,339438,0
2,339476,0
1,339551,0
3,339551,0
1,339626,0
0,339701,0
3,339701,0
2,339738,0
1,339776,0
0,339851,0
2,339851,0
2,339926,0
0,340001,0
3,340001,0
1,340038,0
2,340076,0
0,340151,0
3,340188,0
2,340226,0
0,340301,0
3,340338,0
1,340376,0
2,340451,0
0,340488,0
1,340526,0
0,340601,1,340751
2,340601,1,340676
3,340601,1,340713
