3,1250,0
1,1312,0
3,1375,0
0,1450,0
3,1500,0
2,1550,0
0,1600,0
1,1678,0
0,1750,0
2,1800,0
1,1875,0
2,1937,0
3,2000,0
0,2000,1,2187
1,2125,1,2250
2,2250,1,2375
0,2375,1,2500
2,2500,1,2625
1,2625,1,2750
3,2750,1,2937
2,2875,1,3062
1,3000,1,3187
3,3125,1,3250
0,3250,1,3375
2,3375,1,3500
1,3500,1,3625
0,3625,1,3750
2,3750,1,3875
1,3875,1,4000
3,4000,1,4187
2,4125,1,4250
0,4250,1,4375
1,4375,1,4500
2,4500,1,4625
0,4625,1,4750
3,4750,1,4875
1,4875,1,5000
2,5000,1,5187
3,5125,1,5250
0,5250,1,5375
2,5375,1,5500
1,5500,1,5625
0,5625,1,5750
3,5750,1,5875
2,5875,1,6000
0,6000,1,6187
2,6125,1,6250
1,6250,1,6375
3,6375,1,6500
0,6500,1,6625
1,6625,1,6750
2,6750,1,6875
3,6875,1,7000
1,7000,1,7187
2,7125,1,7250
0,7250,1,7375
1,7375,1,7500
3,7500,1,7625
1,7625,1,7750
3,7750,1,7937
2,7875,1,8062
0,8000,1,8187
1,8125,1,8250
2,8250,1,8375
0,8375,1,8500
3,8500,1,8625
2,8625,1,8750
1,8750,1,8875
3,8875,1,8937
2,8937,1,9000
0,9000,1,9125
3,9062,1,9187
1,9125,1,9250
2,9250,1,9375
0,9375,1,9500
3,9500,1,9625
1,9625,1,9750
3,9750,1,9875
2,9875,1,10000
0,10000,1,10187
1,10125,1,10250
2,10250,1,10375
0,10375,1,10500
2,10500,1,10625
1,10625,1,10750
3,10750,1,10937
2,10875,1,11062
1,11000,1,11187
3,11125,1,11250
0,11250,1,11375
2,11375,1,11500
1,11500,1,11625
0,11625,1,11750
2,11750,1,11875
1,11875,1,12000
3,12000,1,12187
2,12125,1,12250
0,12250,1,12375
1,12375,1,12500
2,12500,1,12625
0,12625,1,12750
3,12750,1,12875
1,12875,1,13000
2,13000,1,13187
3,13125,1,13250
0,13250,1,13375
2,13375,1,13500
1,13500,1,13625
0,13625,1,13750
3,13750,1,13875
2,13875,1,14000
0,14000,1,14187
2,14125,1,14250
1,14250,1,14375
3,14375,1,14500
0,14500,1,14625
1,14625,1,14750
2,14750,1,14875
3,14875,1,15000
1,15000,1,15187
2,15125,1,15250
0,15250,1,15375
1,15375,1,15500
3,15500,1,15625
1,15625,1,15750
3,15750,1,15937
2,15875,1,16062
0,16000,1,16187
1,16125,1,16281
2,16250,1,16406
0,16375,1,16531
3,16500,1,16656
2,16625,1,16781
1,16750,1,16906
3,16875,1,16937
2,16937,1,17000
0,17000,1,17187
3,17062,1,17250
1,17125,1,17312
2,17250,1,17437
0,17375,1,17562
3,17500,1,17687
1,17625,1,17812
3,17750,1,17937
2,17875,1,18000
1,18000,0
0,18000,0
2,18062,0
3,18062,0
1,18125,0
0,18125,0
3,18187,0
2,18187,0
1,18250,0
0,18250,0
2,18375,0
3,18375,0
1,18375,0
0,18375,0
2,18625,0
3,18625,0
1,18687,0
0,18687,0
2,18750,0
3,18750,0
1,18812,0
0,18812,0
2,18875,0
3,18875,0
3,19000,0
2,19000,0
0,19000,0
1,19000,0
3,19437,1,19500
0,19500,1,19562
1,19562,1,19625
2,19625,1,19687
3,19687,1,19750
1,19750,1,19812
2,19833,1,19895
0,19916,1,19979
1,19953,0
3,20000,1,20175
2,20050,1,20125
0,20100,1,20225
1,20150,1,20325
2,20200,1,20275
3,20250,1,20425
0,20300,1,20375
2,20350,1,20525
1,20400,1,20475
0,20450,1,20575
3,20500,1,20575
1,20550,1,20625
2,20600,1,20675
3,20650,1,20775
0,20700,1,20775
2,20750,1,20825
1,20800,1,20875
0,20850,1,20975
2,20900,1,21125
1,20950,1,21050
3,21000,1,21200
0,21083,1,21208
1,21166,1,21291
2,21250,1,21361
3,21333,1,21458
2,21416,1,21541
1,21500,1,21611
0,21583,1,21708
1,21666,1,21791
2,21750,1,21875
3,21833,1,21944
0,21916,1,22000
2,22000,0
3,22000,0
0,22062,0
1,22062,0
3,22125,0
2,22125,0
0,22187,0
1,22187,0
2,22250,0
3,22250,0
2,22375,0
3,22375,0
1,22375,0
0,22375,0
1,22625,0
0,22625,0
2,22687,0
3,22687,0
0,22750,0
1,22750,0
2,22812,0
3,22812,0
0,22875,0
1,22875,0
2,23000,0
3,23000,0
1,23000,0
0,23000,0
1,23666,1,23750
3,23833,1,23875
1,23916,1,23958
2,24000,1,24062
0,24083,1,24145
2,24166,1,24229
1,24250,1,24333
3,24333,1,24416
2,24416,1,24500
0,24500,1,24604
2,24583,1,24687
0,24666,1,24770
1,24750,1,24854
2,24833,1,24958
1,24916,1,25125
3,25000,1,25208
0,25083,1,25291
2,25166,1,25375
1,25250,1,25458
3,25333,1,25541
0,25416,1,25666
2,25500,1,25791
1,25583,1,25729
3,25666,1,25854
0,25750,1,25895
1,25833,1,25937
2,25916,1,25979
0,26000,0
3,26000,0
1,26041,0
2,26083,0
0,26138,0
1,26194,0
2,26250,0
1,26312,0
0,26375,0
3,26437,0
2,26500,0
1,26562,0
0,26625,0
3,26750,0
0,26750,0
1,26812,0
2,26875,0
3,27000,0
0,27000,0
2,27041,0
1,27083,0
3,27138,0
2,27194,0
1,27250,0
2,27312,0
3,27375,0
0,27437,0
1,27500,0
2,27562,0
3,27625,0
0,27750,0
3,27750,0
1,27875,0
0,27875,0
0,28000,0
3,28000,0
1,28041,0
2,28083,0
0,28138,0
1,28194,0
2,28250,0
1,28312,0
0,28375,0
3,28437,0
2,28500,0
1,28562,0
0,28625,0
0,28750,0
3,28750,0
1,28812,0
2,28875,0
0,29000,0
3,29000,0
2,29041,0
1,29083,0
3,29138,0
2,29194,0
1,29250,0
2,29312,0
3,29375,0
0,29437,0
1,29500,0
2,29562,0
3,29625,0
0,29687,0
1,29750,0
2,29812,0
3,29875,0
0,29937,0
1,30000,0
2,30062,0
3,30125,0
0,30187,0
1,30250,0
2,30312,0
3,30375,0
0,30437,0
1,30500,0
2,30562,0
3,30625,0
0,30687,0
1,30750,0
2,30812,0
3,30875,0
1,31000,0
0,31000,0
2,31062,0
3,31062,0
1,31125,0
0,31125,0
2,31187,0
3,31187,0
1,31250,0
0,31250,0
2,31312,0
3,31312,0
1,31375,0
0,31375,0
2,31437,0
3,31437,0
1,31500,0
0,31500,0
2,31562,0
3,31562,0
1,31625,0
0,31625,0
2,31687,0
3,31687,0
1,31750,0
0,31750,0
2,31812,0
3,31812,0
1,31875,0
0,31875,0
2,31937,0
0,32000,1,32104
3,32000,1,32062
1,32041,1,32145
2,32083,1,32229
3,32124,1,32187
0,32166,1,32312
1,32208,1,32270
3,32249,1,32312
2,32291,1,32354
1,32333,1,32395
0,32374,1,32437
3,32416,1,32479
2,32458,1,32520
0,32499,1,32541
1,32541,1,32583
2,32583,1,32624
3,32624,1,32666
1,32666,1,32708
0,32708,1,32749
3,32749,0
2,32791,0
1,32833,0
0,32875,0
2,32916,0
3,32958,0
0,33000,0
1,33015,0
0,33125,0
3,33140,0
1,33250,0
1,33375,0
3,33500,0
2,33515,0
3,33625,0
0,33640,0
2,33750,0
2,33875,0
0,34000,0
1,34015,0
0,34125,0
3,34140,0
1,34250,0
1,34375,0
3,34500,0
2,34515,0
3,34625,0
0,34640,0
2,34750,0
2,34875,0
0,35000,0
1,35015,0
0,35125,0
3,35140,0
1,35250,0
1,35375,0
3,35500,0
2,35515,0
3,35625,0
0,35640,0
2,35750,0
2,35875,0
0,36000,0
1,36015,0
0,36125,0
3,36140,0
1,36250,0
1,36375,0
3,36500,0
2,36515,0
3,36625,0
0,36640,0
2,36750,0
2,36875,0
0,37000,0
3,37000,0
1,37000,0
0,37125,0
3,37125,0
3,37250,0
2,37250,0
1,37250,0
2,37375,0
0,37375,0
1,37500,0
0,37500,0
2,37500,0
1,37625,0
3,37625,0
1,37750,0
0,37750,0
3,37750,0
0,37875,0
2,37875,0
0,38000,0
3,38000,0
1,38000,0
0,38125,0
3,38125,0
3,38250,0
2,38250,0
1,38250,0
2,38375,0
0,38375,0
1,38500,0
0,38500,0
2,38500,0
1,38625,0
3,38625,0
0,38625,0
1,38750,0
0,38750,0
3,38750,0
0,38875,0
2,38875,0
3,38875,0
3,39000,0
0,39000,0
1,39062,0
3,39125,0
2,39125,0
0,39187,0
1,39187,0
2,39250,0
3,39250,0
1,39312,0
0,39312,0
2,39375,0
3,39375,0
1,39437,0
0,39437,0
2,39500,0
3,39500,0
1,39562,0
0,39562,0
3,39625,0
2,39625,0
1,39687,0
0,39687,0
2,39750,0
3,39750,0
1,39812,0
0,39812,0
2,39875,0
3,39875,0
0,39937,0
2,40000,1,40125
1,40020,1,40104
3,40020,1,40104
0,40125,1,40208
1,40166,1,40250
2,40208,1,40333
3,40250,1,40291
1,40291,1,40375
0,40333,1,40416
3,40375,1,40458
2,40416,1,40500
1,40458,1,40583
0,40500,1,40541
2,40541,1,40625
3,40583,1,40666
0,40625,1,40708
1,40666,1,40750
2,40708,1,40833
3,40750,1,40791
1,40791,1,40875
0,40833,1,40916
3,40875,1,40958
2,40916,1,41041
1,40958,1,41000
0,41000,0
3,41000,1,41083
1,41125,0
2,41150,0
0,41250,0
3,41250,0
2,41291,0
1,41400,0
2,41450,0
3,41500,0
0,41500,0
1,41550,0
3,41600,0
2,41650,0
1,41700,0
0,41750,0
3,41750,0
2,41812,0
1,41875,0
2,41937,0
0,42000,0
3,42000,0
1,42125,0
2,42187,0
0,42250,0
3,42250,0
1,42312,0
2,42375,0
1,42437,0
3,42500,0
0,42500,0
2,42541,0
1,42583,0
2,42638,0
3,42694,0
1,42750,0
0,42750,0
3,42812,0
1,42875,0
2,42937,0
3,43000,0
0,43000,0
1,43041,0
2,43083,0
3,43125,0
0,43150,0
2,43250,0
3,43250,0
0,43291,0
1,43333,0
2,43375,0
1,43437,0
3,43500,0
0,43500,0
2,43541,0
1,43583,0
0,43625,0
2,43666,0
3,43708,0
1,43750,0
0,43750,0
2,43875,0
1,43900,0
2,44000,0
3,44000,0
1,44125,0
2,44187,0
0,44250,0
3,44250,0
1,44312,0
2,44375,0
1,44437,0
0,44500,0
3,44500,0
2,44555,0
1,44607,0
2,44678,0
0,44750,0
3,44750,0
3,44875,0
2,44875,0
0,44875,0
1,45000,0
0,45000,0
2,45062,0
3,45062,0
2,45208,0
3,45208,0
1,45270,0
0,45270,0
3,45375,0
1,45400,0
2,45500,0
0,45500,0
3,45541,0
1,45583,0
2,45625,0
0,45666,0
1,45708,0
2,45750,0
3,45750,0
0,45812,0
2,45900,0
1,45950,0
3,46000,0
0,46000,0
2,46125,0
1,46150,0
3,46250,0
0,46250,0
1,46312,0
2,46375,0
0,46437,0
2,46500,0
3,46500,0
0,46550,0
1,46600,0
2,46650,0
3,46700,0
1,46750,0
0,46750,0
3,46800,0
2,46850,0
0,46900,0
3,46950,0
0,47125,1,47250
1,47125,1,47250
2,47125,1,47250
3,47125,1,47250
3,47375,1,47437
2,47375,1,47437
1,47375,1,47437
0,47375,1,47437
1,47500,0
3,47500,0
0,47541,0
2,47583,0
1,47625,0
3,47666,0
2,47708,0
1,47750,0
0,47750,0
1,47875,0
2,47900,0
0,48000,0
3,48000,0
2,48041,0
1,48083,0
0,48125,0
2,48187,0
0,48250,0
3,48250,0
2,48375,0
1,48400,0
3,48500,0
0,48500,0
1,48562,0
3,48625,0
2,48666,0
1,48708,0
3,48750,0
0,48750,0
2,48812,0
0,48875,0
1,48916,0
2,48958,0
0,49000,0
3,49000,0
2,49125,0
1,49150,0
0,49250,0
3,49250,0
1,49291,0
2,49400,0
1,49450,0
0,49500,0
3,49500,0
2,49550,0
0,49600,0
1,49650,0
2,49700,0
3,49750,0
0,49750,0
1,49812,0
2,49875,0
1,49937,0
3,50000,0
0,50000,0
2,50125,0
1,50187,0
0,50250,0
3,50250,0
2,50312,0
1,50375,0
2,50437,0
3,50500,0
0,50500,0
1,50541,0
2,50583,0
1,50638,0
0,50694,0
3,50750,0
2,50750,0
0,50812,0
2,50875,0
1,50937,0
0,51000,0
3,51125,0
2,51125,0
0,51187,0
1,51187,0
3,51250,0
2,51250,0
3,51375,0
0,51375,0
1,51375,0
3,51500,0
0,51500,0
2,51541,0
1,51583,0
0,51625,0
2,51666,0
3,51708,0
2,51875,0
3,51875,0
0,51916,0
1,51958,0
2,52000,0
3,52041,0
1,52125,0
0,52125,0
2,52250,0
3,52250,0
1,52333,0
2,52416,0
3,52500,0
0,52500,0
1,52550,0
2,52600,0
1,52687,0
0,52750,0
3,52750,0
2,52800,0
1,52850,0
2,52921,0
3,53000,0
1,53125,1,53250
0,53125,1,53250
2,53125,1,53250
1,53375,1,53437
2,53375,1,53437
3,53375,1,53437
0,53500,1,53625
1,53500,1,53812
3,53541,0
2,53625,1,53750
3,53750,1,53875
0,53750,1,54062
2,53791,0
1,53875,1,54000
2,54000,1,54125
3,54000,1,54312
1,54041,0
0,54125,1,54250
1,54250,1,54375
2,54250,1,54562
0,54291,0
3,54375,1,54500
1,54500,1,54687
3,54541,0
0,54562,1,54625
2,54625,1,54750
1,54750,0
0,54750,0
2,54812,0
3,54812,0
1,54937,0
0,54937,0
3,55000,1,55312
2,55000,0
1,55041,0
2,55125,1,55250
0,55250,1,55562
1,55250,1,55375
2,55291,0
3,55375,1,55500
1,55500,1,55812
2,55500,1,55625
3,55541,0
0,55625,1,55750
2,55750,1,55937
0,55791,0
3,55812,1,55875
1,55875,1,56000
0,56000,0
3,56000,1,56150
2,56050,1,56100
0,56100,1,56250
1,56150,1,56200
2,56200,1,56350
3,56250,1,56300
1,56300,1,56450
0,56350,1,56400
3,56400,1,56550
2,56450,1,56500
0,56500,1,56650
1,56550,1,56600
2,56600,1,56750
3,56650,1,56700
1,56700,1,56800
0,56750,1,56800
2,56812,1,56875
3,56812,1,56875
1,56875,1,56937
0,56875,1,56937
2,56937,1,57000
3,56937,1,57000
0,57000,1,57125
1,57000,1,57062
2,57062,0
1,57125,0
3,57187,0
0,57250,1,57375
2,57250,1,57312
3,57312,0
1,57375,0
2,57437,0
0,57500,1,57562
3,57500,1,57625
2,57562,0
1,57625,0
0,57687,0
2,57750,1,57812
3,57750,1,57875
0,57812,0
1,57875,0
2,57937,0
0,58000,1,58125
1,58000,1,58062
3,58062,0
2,58125,0
1,58187,0
3,58250,1,58375
2,58250,1,58312
0,58312,0
1,58375,0
2,58437,0
0,58500,1,58625
1,58500,1,58562
3,58562,0
2,58625,0
1,58687,0
3,58750,1,58812
0,58750,1,58875
1,58812,1,58875
2,58875,1,58937
1,58937,1,59000
0,58937,1,59000
3,59000,1,59125
2,59000,1,59062
1,59062,0
2,59125,0
0,59187,0
3,59250,1,59375
1,59250,1,59312
0,59312,0
2,59375,0
1,59437,0
3,59500,1,59562
0,59500,1,59625
1,59562,0
2,59625,0
3,59687,0
1,59750,1,59812
0,59750,1,59875
3,59812,0
2,59875,0
1,59937,0
3,60000,1,60125
2,60000,1,60062
0,60062,0
1,60125,0
2,60187,0
0,60250,1,60375
1,60250,1,60312
3,60312,0
2,60375,0
1,60437,0
3,60500,1,60625
2,60500,1,60562
0,60562,0
1,60625,0
2,60687,0
0,60750,1,60812
3,60750,1,60875
2,60812,1,60875
1,60875,1,60937
2,60937,1,61000
3,60937,1,61000
0,61000,1,61062
1,61000,1,61125
3,61062,0
0,61125,0
3,61187,0
1,61250,1,61312
2,61250,1,61375
0,61312,0
1,61375,0
0,61437,0
2,61500,1,61562
3,61500,1,61625
1,61562,0
2,61625,0
1,61687,0
0,61750,1,61875
3,61750,1,61812
2,61812,0
3,61875,0
2,61937,0
0,62000,1,62062
1,62000,1,62125
3,62062,0
2,62125,0
0,62187,0
1,62250,1,62312
2,62250,1,62375
0,62312,0
3,62375,0
1,62437,0
2,62500,1,62562
3,62500,1,62625
1,62562,0
0,62625,0
2,62687,0
0,62750,1,62875
3,62750,1,62812
1,62812,1,62875
2,62875,1,62937
1,62937,1,63000
3,63000,1,63062
2,63000,1,63125
0,63062,0
3,63125,0
0,63187,0
2,63250,1,63312
1,63250,1,63375
3,63312,0
2,63375,0
3,63437,0
1,63500,1,63562
0,63500,1,63625
2,63562,0
1,63625,0
2,63687,0
3,63750,1,63875
0,63750,1,63812
1,63812,0
0,63875,0
1,63937,0
3,64000,1,64062
2,64000,1,64125
0,64062,0
1,64125,0
3,64187,0
2,64250,1,64312
1,64250,1,64375
3,64312,0
0,64375,0
2,64437,0
1,64500,1,64562
0,64500,1,64625
2,64562,0
3,64625,0
1,64687,0
3,64750,1,64875
0,64750,1,64812
2,64812,1,64875
1,64875,1,64937
2,64937,1,65000
3,64937,1,65000
0,65000,1,65125
1,65000,1,65062
2,65062,0
1,65125,0
3,65187,0
0,65250,1,65375
2,65250,1,65312
1,65312,0
2,65375,0
0,65437,0
2,65500,1,65562
1,65500,1,65625
3,65562,0
2,65625,0
0,65687,0
1,65750,1,65875
3,65750,1,65812
2,65812,0
3,65875,0
1,65937,0
2,66000,1,66062
3,66000,1,66125
0,66062,0
2,66125,0
0,66187,0
1,66250,1,66312
2,66250,1,66375
3,66312,0
1,66375,0
3,66437,0
1,66500,0
0,66500,0
2,66562,0
3,66562,0
1,66625,0
0,66625,0
3,66750,1,66812
0,66750,1,66875
3,66875,1,66937
2,66875,1,67000
1,66937,1,67062
0,67000,1,67062
2,67125,0
3,67125,0
3,67250,1,67375
1,67250,1,67312
2,67312,0
1,67375,0
3,67437,0
1,67500,1,67562
2,67500,1,67625
0,67562,0
1,67625,0
3,67687,0
2,67750,1,67875
0,67750,1,67812
1,67812,0
0,67875,0
2,67937,0
1,68000,1,68062
0,68000,1,68125
3,68062,0
1,68125,0
3,68187,0
2,68250,1,68312
1,68250,1,68375
0,68312,0
2,68375,0
0,68437,0
3,68500,1,68562
2,68500,1,68625
1,68562,0
3,68625,0
1,68687,0
0,68750,1,68875
3,68750,1,68875
2,68812,1,68875
1,68812,1,68875
1,68937,1,69000
2,68937,1,69000
0,69000,1,69125
3,69000,1,69062
2,69062,0
1,69125,0
0,69187,0
2,69250,1,69375
3,69250,1,69312
0,69312,0
1,69375,0
2,69437,0
0,69500,1,69625
3,69500,1,69562
2,69562,0
1,69625,0
0,69687,0
1,69750,1,69875
2,69750,1,69812
3,69812,0
2,69875,0
1,69937,0
3,70000,1,70125
0,70000,1,70062
1,70062,0
2,70125,0
3,70187,0
0,70250,1,70312
1,70250,1,70375
3,70312,0
2,70375,0
1,70437,0
0,70500,1,70562
3,70500,1,70625
1,70562,0
2,70625,0
3,70687,0
1,70750,1,70812
2,70750,1,70875
0,70812,0
1,70875,0
2,70937,0
3,71000,1,71125
0,71000,1,71062
1,71062,0
2,71125,0
3,71187,0
1,71250,1,71375
0,71250,1,71312
3,71312,0
2,71375,0
1,71437,0
0,71500,1,71625
3,71500,1,71562
1,71562,0
2,71625,1,71687
3,71625,1,71687
1,71687,1,71750
0,71687,1,71750
2,71750,1,71812
3,71750,1,71875
1,71812,0
0,71875,0
2,71937,1,72000
3,71937,1,72000
1,72000,1,72062
0,72000,1,72062
2,72062,0
3,72125,0
1,72187,1,72250
2,72187,1,72250
0,72250,0
1,72312,0
3,72375,1,72437
2,72375,1,72437
1,72437,0
0,72500,0
3,72500,1,72625
2,72562,1,72687
1,72625,1,72750
0,72687,1,72812
3,72750,1,72812
2,72812,1,72875
1,72875,1,72937
0,72937,1,73000
2,73000,1,73062
3,73000,1,73062
1,73062,1,73125
0,73062,1,73125
2,73125,1,73187
3,73125,1,73187
0,73187,1,73250
1,73187,1,73250
3,73250,1,73375
2,73250,1,73312
0,73312,0
2,73375,0
1,73437,0
0,73500,1,73625
3,73500,1,73562
1,73562,0
2,73625,0
3,73687,0
0,73750,1,73875
1,73750,1,73812
3,73812,0
2,73875,0
1,73937,0
2,74000,1,74062
3,74000,1,74125
0,74062,0
1,74125,0
2,74187,0
1,74250,1,74312
0,74250,1,74375
3,74312,0
2,74375,0
1,74437,0
2,74500,1,74562
3,74500,1,74625
0,74562,0
1,74625,0
2,74687,0
3,74750,1,74875
0,74750,1,74812
2,74812,1,74875
1,74875,1,74937
3,74937,1,75000
2,74937,1,75000
1,75000,1,75062
0,75000,1,75125
2,75062,0
1,75125,0
3,75187,0
2,75250,1,75312
0,75250,1,75375
3,75312,0
1,75375,0
2,75437,0
3,75500,1,75625
0,75500,1,75562
2,75562,0
1,75625,0
0,75687,0
3,75750,1,75875
2,75750,1,75812
0,75812,0
1,75875,0
2,75937,0
1,76000,1,76062
0,76000,1,76125
3,76062,0
2,76125,0
1,76187,0
2,76250,1,76312
3,76250,1,76375
0,76312,0
1,76375,0
2,76437,0
1,76500,1,76562
0,76500,1,76625
3,76562,0
2,76625,0
1,76687,0
0,76750,1,76875
3,76750,1,76812
1,76812,1,76875
2,76875,1,76937
0,76937,1,77000
1,76937,1,77000
3,77000,1,77062
2,77000,1,77125
0,77062,0
3,77125,0
0,77187,0
2,77250,1,77312
1,77250,1,77375
3,77312,0
2,77375,0
3,77437,0
1,77500,1,77562
0,77500,1,77625
2,77562,0
1,77625,0
2,77687,0
3,77750,1,77875
0,77750,1,77812
1,77812,0
0,77875,0
1,77937,0
3,78000,1,78062
2,78000,1,78125
0,78062,0
1,78125,0
3,78187,0
2,78250,1,78312
1,78250,1,78375
3,78312,0
0,78375,0
2,78437,0
1,78500,1,78562
0,78500,1,78625
2,78562,0
3,78625,0
0,78750,1,78812
3,78750,1,78875
1,78750,1,78812
2,78812,1,79125
1,78875,1,79062
0,78937,1,79000
3,79000,1,79125
3,79250,1,79312
0,79250,1,79375
2,79250,1,79312
1,79312,1,79625
2,79375,1,79562
3,79437,1,79500
0,79500,1,79625
3,79750,1,79875
0,79750,1,79812
1,79750,1,79812
2,79812,1,79937
1,79875,1,80062
0,79937,1,80000
2,80000,1,80125
3,80000,1,80125
1,80125,0
0,80125,0
3,80250,0
0,80375,0
1,80375,0
2,80500,0
1,80500,0
3,80625,0
2,80625,0
0,80750,0
2,80875,0
3,80875,0
1,80937,0
0,80937,0
1,81000,1,81062
2,81000,1,81187
3,81000,1,81250
0,81000,1,81250
1,81125,1,81250
2,81250,0
1,81375,1,81625
0,81375,1,81625
2,81375,1,81625
3,81375,1,81500
3,81625,0
2,81750,1,81812
0,81750,1,82000
3,81750,1,82000
1,81750,1,81937
2,81875,1,82000
1,82000,0
2,82125,1,82375
1,82125,1,82375
3,82125,1,82375
0,82125,1,82250
0,82375,1,82500
3,82500,1,82687
1,82625,1,82812
2,82750,1,82937
3,82875,1,82937
2,83000,1,83062
3,83000,1,83250
0,83000,1,83250
1,83000,1,83187
2,83125,1,83250
1,83250,0
1,83375,1,83625
0,83375,1,83500
2,83375,1,83625
3,83375,1,83625
0,83625,0
1,83750,1,83812
0,83750,1,84000
3,83750,1,84000
2,83750,1,83937
1,83875,1,84000
2,84000,0
2,84125,1,84375
0,84125,1,84375
1,84125,1,84375
3,84125,1,84250
3,84375,1,84500
1,84500,1,84625
2,84625,1,84812
1,84750,1,84937
0,84875,1,84937
1,85000,1,85062
0,85000,1,85250
3,85000,1,85250
2,85000,1,85187
1,85125,1,85250
2,85250,0
2,85375,1,85625
1,85375,1,85625
0,85375,1,85625
3,85375,1,85500
3,85625,0
2,85750,1,85812
3,85750,1,86000
0,85750,1,86000
1,85750,1,85937
2,85875,1,86000
1,86000,0
0,86125,1,86187
1,86125,1,86250
2,86125,1,86375
3,86125,1,86375
0,86250,1,86312
1,86312,1,86375
0,86375,1,86458
0,86500,1,86666
2,86583,0
0,86708,1,86875
2,86791,0
3,86875,0
0,86916,1,86958
3,87000,1,87250
2,87000,1,87062
0,87000,1,87250
1,87000,1,87187
2,87125,1,87250
1,87250,0
1,87375,1,87625
0,87375,1,87500
2,87375,1,87625
3,87375,1,87625
0,87625,0
1,87750,1,87812
0,87750,1,88000
3,87750,1,88000
2,87750,1,87937
1,87875,1,88000
2,88000,0
2,88125,1,88375
1,88125,1,88375
0,88125,1,88375
3,88125,1,88250
3,88375,0
0,88500,1,88562
2,88531,0
3,88625,1,88687
1,88656,0
2,88750,1,88875
1,88812,1,88937
0,88875,1,88937
1,89000,1,89062
3,89000,1,89250
0,89000,1,89250
2,89000,1,89187
1,89125,1,89250
2,89250,0
2,89375,1,89625
1,89375,1,89625
0,89375,1,89625
3,89375,1,89500
3,89625,0
2,89750,1,89812
3,89750,1,90000
0,89750,1,90000
1,89750,1,89937
2,89875,1,90000
1,90000,0
3,90125,1,90375
2,90125,1,90375
1,90125,1,90375
0,90125,1,90250
0,90375,0
2,90500,1,90575
1,90550,1,90650
0,90600,1,90750
3,90650,1,90800
1,90700,1,90937
2,90750,1,90937
0,90812,1,90937
3,90875,1,90937
0,91000,1,91250
1,91000,1,91250
2,91000,1,91250
3,91000,1,91250
2,91375,0
3,91375,0
1,91437,0
0,91437,0
2,91500,1,91625
3,91500,1,91625
1,91500,1,91625
0,91500,1,91625
0,91687,1,91781
1,91687,1,91781
3,91687,1,91781
2,91687,1,91781
1,91875,1,91937
0,91875,1,91937
2,91875,1,91937
3,91875,1,91937
2,92000,1,92062
3,92000,0
1,92062,1,92125
0,92062,0
2,92125,1,92187
3,92125,0
1,92187,1,92250
0,92187,0
2,92250,1,92312
3,92250,0
1,92312,1,92375
0,92312,0
2,92375,1,92437
3,92375,0
1,92437,1,92500
0,92437,0
3,92500,1,92562
2,92515,0
0,92562,1,92625
1,92578,0
3,92625,1,92687
2,92640,0
0,92687,1,92750
1,92703,0
3,92750,1,92812
2,92781,0
0,92812,1,92875
1,92843,0
3,92875,1,92937
2,92906,0
0,92937,1,93000
1,92968,0
3,93000,0
0,93071,0
2,93125,0
1,93250,0
0,93375,0
3,93500,0
2,93625,0
1,93750,0
0,93875,0
0,94000,0
1,94125,0
2,94250,0
3,94375,0
0,94500,0
1,94625,0
2,94750,0
3,94875,0
3,95000,0
1,95071,0
2,95125,0
1,95250,0
0,95375,0
3,95500,0
2,95625,0
1,95750,0
0,95875,0
0,96000,0
1,96125,0
2,96250,0
3,96375,0
0,96500,0
1,96625,0
2,96750,0
3,96875,0
3,97000,0
0,97071,0
2,97125,0
1,97250,0
0,97375,0
3,97500,0
2,97625,0
1,97750,0
0,97875,0
0,98000,0
1,98125,0
2,98250,0
3,98375,0
0,98500,0
1,98625,0
2,98750,0
3,98875,0
3,99000,0
1,99071,0
2,99125,0
1,99250,0
0,99375,0
3,99500,0
2,99625,0
1,99750,0
0,99875,0
0,100000,0
1,100125,0
2,100250,0
3,100375,0
0,100500,0
1,100625,0
2,100750,0
3,100875,0
3,101000,0
0,101071,0
2,101125,0
1,101250,0
0,101375,0
3,101500,0
2,101625,0
1,101750,0
0,101875,0
0,102000,0
1,102125,0
2,102250,0
3,102375,0
0,102500,0
1,102625,0
2,102750,0
3,102875,0
3,103000,0
1,103071,0
2,103125,0
1,103250,0
0,103375,0
3,103500,0
2,103625,0
1,103750,0
0,103875,0
0,104000,0
1,104125,0
2,104250,0
3,104375,0
0,104500,0
1,104625,0
2,104750,0
3,104875,0
3,105000,0
0,105071,0
2,105125,0
1,105250,0
0,105375,0
3,105500,0
2,105625,0
1,105750,0
0,105875,0
0,106000,0
1,106125,0
2,106250,0
3,106375,0
0,106500,0
1,106625,0
2,106750,0
3,106875,0
3,107000,0
1,107071,0
2,107125,0
1,107250,0
0,107375,0
3,107500,1,107562
2,107625,1,107687
1,107750,1,107812
0,107875,1,107937
0,108000,1,108312
1,108125,1,108437
2,108250,1,108562
3,108375,1,108687
0,108500,1,108687
1,108625,1,108812
2,108750,1,108937
3,108875,1,108937
3,109000,0
0,109000,0
2,109041,0
1,109083,0
0,109125,0
3,109166,0
2,109208,0
1,109250,0
0,109291,0
3,109333,0
2,109375,0
1,109416,0
0,109458,0
3,109500,0
1,109550,0
2,109650,0
0,109700,0
2,109750,0
1,109791,0
0,109875,0
3,109875,0
1,109916,0
2,109958,0
3,110000,0
0,110041,0
1,110083,0
2,110125,0
3,110166,0
0,110208,0
1,110250,0
2,110291,0
3,110333,0
0,110375,0
2,110450,0
1,110525,0
3,110575,0
1,110625,0
2,110666,0
1,110750,0
3,110875,0
0,110875,0
2,110916,0
1,110958,0
0,111000,0
3,111041,0
2,111083,0
1,111125,0
0,111166,0
3,111208,0
2,111250,0
1,111291,0
0,111333,0
3,111375,0
2,111416,0
1,111458,0
0,111500,0
3,111541,0
2,111583,0
1,111625,0
0,111666,0
3,111708,0
2,111750,0
1,111791,0
0,111833,0
3,111875,0
2,111916,0
1,111958,0
0,112000,0
3,112125,0
3,112250,0
2,112281,0
0,112312,0
2,112437,0
0,112500,0
1,112531,0
3,112562,0
1,112687,0
3,112750,0
2,112781,0
0,112812,0
1,112875,0
2,112937,0
0,113000,0
3,113000,0
1,113041,0
2,113083,0
3,113125,0
0,113166,0
1,113208,0
2,113250,0
3,113291,0
0,113333,0
1,113375,0
2,113416,0
3,113458,0
0,113500,0
2,113550,0
1,113625,0
3,113675,0
2,113750,0
1,113812,0
3,113875,0
0,113875,0
2,113916,0
1,113958,0
0,114000,0
3,114041,0
2,114083,0
1,114125,0
0,114166,0
3,114208,0
2,114250,0
1,114291,0
0,114333,0
3,114375,0
1,114437,0
2,114500,0
0,114562,0
2,114625,0
1,114687,0
2,114750,0
0,114875,0
3,114875,0
1,114916,0
2,114958,0
3,115000,0
0,115041,0
1,115083,0
2,115125,0
3,115166,0
0,115208,0
1,115250,0
2,115291,0
3,115333,0
0,115375,0
1,115416,0
2,115458,0
3,115500,0
0,115541,0
1,115583,0
2,115625,0
3,115666,0
0,115708,0
1,115750,0
2,115791,0
3,115833,0
0,115875,0
1,115916,0
2,115958,0
3,116000,0
1,116125,0
1,116250,0
2,116312,0
0,116375,0
2,116437,0
1,116500,0
2,116535,0
3,116571,0
0,116625,0
2,116666,0
1,116708,0
0,116750,0
2,116875,0
1,116928,0
3,117000,0
0,117000,0
2,117041,0
1,117083,0
0,117125,0
3,117166,0
2,117208,0
1,117250,0
0,117291,0
3,117333,0
2,117375,0
0,117416,0
1,117458,0
3,117500,0
1,117550,0
2,117625,0
0,117675,0
1,117750,0
0,117875,0
3,117875,0
1,117916,0
2,117958,0
3,118000,0
0,118041,0
1,118083,0
2,118125,0
3,118166,0
0,118208,0
1,118250,0
2,118291,0
3,118333,0
0,118375,0
2,118437,0
1,118500,0
3,118562,0
2,118625,0
1,118687,0
2,118750,0
1,118812,0
3,118875,0
0,118875,0
2,118916,0
1,118958,0
0,119000,0
3,119041,0
2,119083,0
1,119125,0
0,119166,0
3,119208,0
2,119250,0
1,119291,0
0,119333,0
3,119375,0
2,119416,0
1,119458,0
0,119500,0
3,119541,0
2,119583,0
1,119625,0
0,119666,0
3,119708,0
2,119750,0
1,119791,0
0,119833,0
3,119875,0
2,119916,0
1,119958,0
0,120000,0
3,120375,0
1,120562,0
2,120750,0
0,120812,0
1,120875,0
2,120937,0
0,121000,0
3,121000,0
1,121041,0
2,121083,0
3,121125,0
0,121166,0
1,121208,0
2,121250,0
3,121291,0
0,121333,0
1,121375,0
2,121416,0
3,121458,0
0,121500,0
1,121535,0
3,121571,0
2,121642,0
1,121714,0
2,121785,0
3,121875,0
0,121875,0
2,121916,0
1,121958,0
0,122000,0
3,122041,0
2,122083,0
1,122125,0
0,122166,0
3,122208,0
2,122250,0
1,122291,0
0,122333,0
3,122375,0
2,122500,0
1,122562,0
2,122625,0
0,122656,0
3,122687,0
2,122734,0
1,122781,0
0,122875,0
3,122875,0
1,122916,0
2,122958,0
3,123000,0
0,123041,0
1,123083,0
2,123125,0
3,123166,0
0,123208,0
1,123250,0
2,123291,0
3,123333,0
0,123375,0
1,123416,0
2,123458,0
3,123500,0
0,123541,0
1,123583,0
2,123625,0
3,123666,0
0,123708,0
1,123750,0
2,123791,0
3,123833,0
0,123875,0
1,123916,0
2,123958,0
3,124000,0
0,124062,0
1,124125,0
2,124187,0
0,124250,0
3,124291,0
2,124333,0
1,124375,0
0,124437,0
2,124500,0
3,124562,0
0,124625,0
1,124666,0
2,124708,0
3,124750,0
1,124812,0
0,124875,0
3,124916,0
2,124958,0
1,125000,0
0,125062,0
2,125125,0
3,125166,0
0,125208,0
1,125250,0
3,125312,0
2,125375,0
0,125416,0
1,125500,0
2,125541,0
0,125625,0
3,125666,0
2,125708,0
1,125750,0
3,125812,0
0,125875,0
1,125916,0
3,125968,0
2,126000,0
1,126062,0
0,126093,0
2,126156,0
1,126187,0
3,126250,0
2,126281,0
0,126312,0
1,126375,0
2,126437,0
3,126500,0
3,126750,0
0,126850,0
1,126950,0
2,127020,0
0,127070,0
3,127120,0
1,127170,0
2,127220,0
0,127270,0
3,127270,0
1,127332,0
2,127395,0
3,127395,0
1,127457,0
3,127520,0
0,127520,0
2,127582,0
1,127645,0
0,127707,0
3,127770,0
2,127832,0
1,127895,0
0,127895,0
2,127957,0
3,128020,0
0,128082,0
1,128145,0
2,128207,0
3,128270,0
0,128270,0
1,128332,0
2,128395,0
3,128457,0
0,128520,0
1,128582,0
2,128645,0
3,128645,0
1,128707,0
0,128770,0
3,128832,0
2,128895,0
1,128957,0
0,129020,0
3,129020,0
2,129082,0
1,129145,0
0,129207,0
2,129270,0
3,129270,0
0,129332,0
1,129395,0
2,129457,0
0,129520,0
3,129520,0
1,129582,0
2,129645,0
3,129707,0
0,129770,0
1,129832,0
2,129895,0
3,129895,0
1,129957,0
0,130020,0
3,130082,0
2,130145,0
1,130207,0
0,130270,0
3,130270,0
2,130332,0
1,130395,0
0,130457,0
3,130520,0
2,130582,0
1,130645,0
0,130645,0
2,130707,0
3,130770,0
0,130832,0
1,130895,0
2,130957,0
3,131020,0
0,131020,0
1,131082,0
2,131145,0
3,131207,0
1,131270,0
0,131270,0
3,131332,0
2,131395,0
1,131457,0
0,131520,0
3,131520,0
2,131570,0
1,131620,0
3,131670,0
2,131720,0
0,131770,0
1,131820,0
2,131870,0
0,131920,0
1,131970,0
3,132020,0
2,132070,0
1,132120,0
0,132170,0
3,132220,0
2,132270,0
0,132320,0
1,132370,0
2,132420,0
3,132470,0
0,132520,0
1,132570,0
3,132620,0
2,132670,0
1,132720,0
0,132770,0
3,132811,0
2,132853,0
0,132895,0
1,132957,0
3,133020,0
2,133055,0
1,133091,0
3,133145,0
0,133207,0
2,133270,0
0,133332,0
3,133395,0
2,133430,0
1,133466,0
3,133520,0
0,133582,0
2,133645,0
0,133707,0
3,133770,0
2,133805,0
1,133841,0
3,133895,0
0,133957,0
2,134020,0
0,134082,0
3,134145,0
2,134180,0
1,134216,0
3,134270,0
0,134332,0
2,134395,0
0,134478,0
1,134536,0
2,134585,0
0,134624,0
3,134676,0
2,134728,0
1,134780,0
2,134846,0
3,134911,0
0,134976,0
2,135041,0
1,135106,0
0,135172,0
3,135237,0
1,135302,0
2,135367,0
3,135433,0
1,135498,0
0,135563,1,135750
2,135750,1,135813
1,135813,1,136000
3,136000,1,136063
2,136063,1,136188
0,136188,1,136313
1,136313,1,136438
2,136438,1,136750
3,136750,1,136813
1,136813,1,136938
2,136938,1,137063
0,137063,1,137188
3,137188,1,137313
1,137313,1,137438
0,137438,1,137563
2,137563,1,137750
1,137750,1,137813
3,137813,1,138000
1,138000,1,138063
2,138063,1,138188
3,138188,1,138313
0,138313,1,138438
2,138438,1,138688
1,138688,1,138813
0,138813,1,138938
2,138938,1,139063
1,139063,1,139313
3,139438,1,139563
0,139563,1,139750
2,139750,1,139813
1,139813,1,139938
2,139938,1,140063
3,140063,1,140188
0,140188,1,140313
2,140313,1,140438
1,140438,1,140813
3,140813,1,140875
2,140875,1,141188
1,141188,1,141313
0,141313,1,141563
3,141563,1,141688
0,141688,1,141750
2,141750,1,141938
0,141938,1,142063
3,142063,1,142188
1,142188,1,142313
2,142313,1,142438
0,142438,1,142813
3,142938,1,143281
1,143281,1,143563
2,143563,1,143750
0,143750,1,143813
3,143813,1,144000
1,144000,1,144063
2,144063,1,144188
0,144188,1,144313
1,144313,1,144438
3,144438,1,144688
1,144688,1,144813
2,144813,1,144938
1,144938,1,145063
3,145063,1,145188
0,145188,1,145313
1,145313,1,145438
2,145438,1,145563
0,145563,1,145688
1,145688,1,145750
3,145750,1,145813
2,145813,1,145938
3,145938,1,146000
0,146000,1,146063
1,146063,1,146188
2,146188,1,146313
3,146313,1,146438
1,146438,1,146688
2,146688,1,146750
3,146750,1,146813
0,146813,1,146938
3,146938,1,147063
2,147063,1,147313
0,147438,1,147563
2,147563,1,147750
1,147750,1,147813
3,147813,1,148000
0,148000,1,148063
2,148063,1,148188
1,148188,1,148313
0,148313,1,148438
3,148438,1,148813
1,148813,1,148938
2,148938,1,149188
3,149188,1,149313
0,149313,1,149438
2,149438,1,149563
1,149563,1,149688
3,149688,1,149750
0,149750,1,149813
2,149813,1,149938
0,149938,1,150000
1,150000,1,150063
3,150063,1,150188
2,150125,0
0,150188,1,150313
1,150250,0
3,150313,0
2,150363,0
0,150413,0
1,150463,0
3,150513,0
2,150563,0
0,150611,0
1,150660,0
3,150709,0
2,150758,0
0,150807,0
1,150848,0
3,150889,0
2,150930,0
0,150971,0
1,151011,0
3,151052,0
2,151093,0
0,151134,0
1,151175,0
3,151216,0
2,151256,0
0,151297,0
1,151338,0
3,151379,0
2,151420,0
0,151460,0
1,151501,0
2,151542,0
3,151542,0
3,151667,0
0,151667,0
0,151792,0
1,151792,0
1,151917,0
2,151917,0
2,152042,0
3,152042,0
0,152042,0
3,152167,0
1,152167,0
1,152292,0
0,152292,0
3,152417,0
0,152417,0
2,152542,0
3,152542,0
1,152542,0
2,152667,0
0,152667,0
1,152792,0
0,152792,0
3,152917,0
2,152917,0
3,153042,0
1,153042,0
0,153042,0
2,153167,0
1,153167,0
0,153292,0
3,153292,0
3,153417,0
1,153417,0
1,153542,0
2,153542,0
0,153542,0
0,153667,0
2,153667,0
3,153792,0
1,153792,0
2,153917,0
3,153917,0
2,154042,0
1,154042,0
0,154042,0
3,154167,0
0,154167,0
2,154292,0
3,154292,0
1,154417,0
0,154417,0
2,154542,0
3,154542,0
0,154542,0
2,154667,0
1,154667,0
3,154792,0
0,154792,0
2,154917,0
0,154917,0
1,155042,0
2,155042,0
3,155042,0
3,155167,0
0,155167,0
1,155292,0
0,155292,0
2,155417,0
3,155417,0
1,155542,0
0,155542,0
3,155542,1,156542
0,156385,0
2,156667,0
1,156792,0
2,157042,0
3,157042,0
1,157104,0
0,157104,0
2,157167,0
3,157167,0
1,157229,0
0,157229,0
2,157292,0
3,157292,0
1,157354,0
0,157354,0
2,157417,0
3,157417,0
1,157479,0
0,157479,0
2,157542,0
3,157542,0
1,157604,0
0,157604,0
2,157667,0
3,157667,0
1,157729,0
0,157729,0
2,157792,0
3,157792,0
1,157854,0
0,157854,0
2,157917,0
3,157917,0
1,157979,0
0,157979,0
2,158042,0
3,158042,0
1,158104,0
0,158104,0
2,158167,0
3,158167,0
1,158229,0
0,158229,0
2,158292,0
3,158292,0
1,158354,0
0,158354,0
2,158417,0
3,158417,0
1,158479,0
0,158479,0
2,158542,0
3,158542,1,159662
2,159101,0
1,159171,0
2,159241,0
0,159311,0
1,159381,0
2,159451,0
1,159521,0
0,159590,0
2,159660,1,159745
1,159787,1,159849
3,159849,1,159953
0,159912,1,160005
1,159974,1,160068
2,160037,1,160130
0,160099,1,160224
3,160162,1,160318
2,160287,1,160380
1,160349,1,160443
0,160412,1,160505
3,160474,1,160568
2,160537,1,160615
1,160662,1,160745
2,160787,1,160849
0,160849,1,160953
3,160912,1,161005
2,160974,1,161068
1,161037,1,161130
3,161099,1,161224
0,161162,1,161318
1,161287,1,161380
2,161349,1,161443
3,161412,1,161505
0,161474,1,161568
1,161537,1,161615
1,161662,0
0,161662,0
2,161724,0
3,161724,0
1,161787,0
0,161787,0
2,161849,0
3,161849,0
1,161912,0
0,161912,0
2,161974,0
3,161974,0
1,162037,0
0,162037,0
2,162099,0
3,162099,0
1,162162,0
0,162162,0
2,162224,0
3,162224,0
1,162287,0
0,162287,0
2,162349,0
3,162349,0
1,162412,0
0,162412,0
2,162474,0
3,162474,0
1,162537,0
0,162537,0
2,162599,0
3,162599,0
1,162662,0
0,162662,0
3,162912,0
2,162962,0
0,163012,0
1,163062,0
2,163112,0
3,163162,1,163224
0,163162,1,163224
2,163349,1,163412
1,163349,1,163412
0,163349,1,163412
2,163537,1,163599
1,163537,1,163599
3,163537,1,163599
0,163662,1,163787
1,163662,1,163724
3,163662,1,163724
2,163724,1,163787
1,163787,1,163849
3,163787,1,163849
2,163849,0
0,163912,1,163974
3,163912,1,164037
1,163974,1,164037
0,164037,1,164099
2,164037,1,164099
1,164099,0
2,164162,1,164224
3,164162,1,164287
0,164224,1,164349
1,164287,1,164349
2,164287,1,164349
3,164349,0
1,164412,1,164537
0,164412,1,164474
2,164474,1,164537
3,164537,1,164599
0,164537,1,164599
1,164599,0
2,164662,1,164724
3,164662,1,164724
0,164724,1,164787
2,164787,1,164849
3,164787,1,164849
0,164849,0
1,164912,1,164974
2,164912,1,165037
3,164974,1,165037
1,165037,1,165099
0,165037,1,165099
3,165099,0
2,165162,1,165224
0,165162,1,165287
1,165224,1,165349
3,165287,1,165349
2,165287,1,165349
0,165349,0
1,165412,1,165474
3,165412,1,165537
2,165474,1,165537
1,165537,1,165599
0,165537,1,165599
2,165599,0
3,165662,1,165787
0,165662,1,165724
1,165724,1,165787
2,165787,1,165849
0,165787,1,165849
1,165849,0
2,165912,1,165974
3,165912,1,165974
0,165974,1,166037
2,166037,1,166099
3,166037,1,166099
0,166099,0
1,166162,1,166224
3,166162,1,166287
2,166224,1,166349
1,166287,1,166349
0,166287,1,166349
3,166349,0
2,166412,1,166537
0,166412,1,166474
1,166474,1,166537
0,166537,1,166599
3,166537,1,166599
1,166599,0
2,166662,1,166724
3,166662,1,166724
0,166724,1,166787
2,166787,1,166849
3,166787,1,166849
0,166849,0
1,166912,1,167037
2,166912,1,166974
3,166974,1,167099
2,167037,1,167099
0,167037,1,167099
1,167099,0
3,167162,1,167287
0,167162,1,167224
2,167224,1,167349
1,167287,1,167349
0,167287,1,167349
3,167349,0
2,167412,1,167537
1,167412,1,167474
0,167474,1,167537
1,167537,1,167599
3,167537,1,167599
0,167599,0
2,167662,1,167724
3,167662,1,167724
1,167724,1,167787
2,167787,1,167849
3,167787,1,167849
1,167849,0
3,167912,0
0,167912,0
2,167974,0
1,168037,0
0,168037,0
2,168099,0
1,168162,1,168287
3,168162,1,168224
0,168224,1,168349
2,168287,1,168349
3,168287,1,168349
1,168349,0
0,168412,1,168537
3,168412,1,168474
2,168474,1,168599
1,168537,1,168599
3,168537,1,168599
0,168599,0
1,168662,1,168724
2,168662,1,168724
3,168724,1,168849
2,168787,1,168849
1,168787,1,168849
0,168849,0
2,168912,1,169037
3,168912,1,168974
1,168974,1,169037
0,169037,1,169099
3,169037,1,169099
1,169099,0
2,169162,1,169287
0,169162,1,169224
3,169224,1,169287
1,169287,1,169349
0,169287,1,169349
3,169349,0
2,169412,1,169474
0,169412,1,169537
1,169474,1,169599
2,169537,1,169599
3,169537,1,169599
0,169599,0
2,169662,1,169787
3,169662,1,169724
1,169724,1,169849
0,169787,1,169849
3,169787,1,169849
2,169849,0
1,169912,0
0,169912,0
3,169974,0
2,170037,0
1,170037,0
0,170099,0
2,170162,1,170224
3,170162,1,170224
0,170224,1,170349
2,170287,1,170349
3,170287,1,170349
1,170349,0
3,170412,1,170537
0,170412,1,170474
2,170474,1,170599
1,170537,1,170599
0,170537,1,170599
3,170599,0
1,170662,1,170787
0,170662,1,170724
2,170724,1,170849
3,170787,1,170849
0,170787,1,170849
1,170849,0
2,170912,1,170974
3,170912,1,171037
0,170974,1,171099
1,171037,1,171099
2,171037,1,171099
3,171099,0
1,171162,1,171224
0,171162,1,171224
3,171224,1,171349
1,171287,1,171349
0,171287,1,171349
2,171349,0
0,171412,1,171537
3,171412,1,171474
1,171474,1,171599
2,171537,1,171599
3,171537,1,171599
0,171599,0
2,171662,1,171724
3,171662,1,171787
1,171724,1,171787
2,171787,1,171849
0,171787,1,171849
1,171849,0
0,171912,1,172037
3,171912,1,171974
2,171974,1,172037
1,172037,1,172099
3,172037,1,172099
2,172099,0
1,172162,1,172224
0,172162,1,172287
3,172224,1,172349
2,172287,1,172349
1,172287,1,172349
0,172349,0
2,172412,1,172537
3,172412,1,172474
1,172474,1,172599
0,172537,1,172599
3,172537,1,172599
2,172599,0
1,172662,1,172724
0,172662,1,172724
3,172724,1,172787
1,172787,1,172849
0,172787,1,172849
3,172849,0
2,172912,1,172974
1,172912,1,173037
0,172974,1,173037
2,173037,1,173099
3,173037,1,173099
0,173099,0
3,173162,1,173287
1,173162,1,173224
2,173224,1,173349
1,173287,1,173349
0,173287,1,173349
3,173349,0
2,173412,1,173474
0,173412,1,173537
1,173474,1,173537
2,173537,1,173599
3,173537,1,173599
1,173599,0
0,173662,1,173787
3,173662,1,173724
2,173724,1,173787
1,173787,1,173849
3,173787,1,173849
2,173849,0
1,173912,1,173974
0,173912,1,173974
3,173974,1,174037
1,174037,1,174099
0,174037,1,174099
3,174099,0
2,174162,1,174224
0,174162,1,174287
1,174224,1,174349
2,174287,1,174349
3,174287,1,174349
0,174349,0
1,174412,1,174537
3,174412,1,174474
2,174474,1,174537
0,174537,1,174599
3,174537,1,174599
2,174599,0
1,174662,1,174724
0,174662,1,174724
3,174724,1,174787
1,174787,1,174849
0,174787,1,174849
3,174849,0
2,174912,1,175037
1,174912,1,174974
0,174974,1,175099
1,175037,1,175099
3,175037,1,175099
2,175099,0
3,175162,1,175224
0,175162,1,175287
1,175224,1,175349
2,175287,1,175349
3,175287,1,175349
0,175349,0
1,175412,1,175537
2,175412,1,175474
3,175474,1,175537
2,175537,1,175599
0,175537,1,175599
3,175599,0
1,175662,1,175724
0,175662,1,175724
2,175724,1,175787
1,175787,1,175849
0,175787,1,175849
2,175849,0
3,175912,0
0,175912,0
1,175974,0
2,176037,0
3,176037,0
1,176099,0
2,176162,1,176287
0,176162,1,176224
3,176224,1,176349
1,176287,1,176349
0,176287,1,176349
2,176349,0
3,176412,1,176537
0,176412,1,176474
1,176474,1,176599
2,176537,1,176599
0,176537,1,176599
3,176599,0
2,176662,1,176724
1,176662,1,176724
0,176724,1,176849
1,176787,1,176849
2,176787,1,176849
3,176849,0
1,176912,1,177037
0,176912,1,176974
2,176974,1,177037
0,177037,1,177099
3,177037,1,177099
2,177099,0
1,177162,1,177287
3,177162,1,177224
0,177224,1,177287
2,177287,1,177349
3,177287,1,177349
0,177349,0
1,177412,1,177474
3,177412,1,177537
2,177474,1,177537
1,177537,1,177599
0,177537,1,177599
2,177599,0
3,177662,1,177733
0,177662,1,177787
2,178037,0
3,178037,0
1,178099,0
0,178099,0
2,178162,1,178212
3,178162,1,178269
0,178537,0
1,178537,0
2,178599,0
3,178599,0
1,178662,1,178703
0,178662,1,178733
3,178712,0
2,178762,0
1,178812,0
3,178862,0
0,178912,0
2,178974,0
1,179037,0
0,179037,0
3,179099,0
2,179099,0
1,179162,0
0,179162,0
3,179224,0
1,179287,0
1,179349,0
2,179412,0
3,179412,0
0,179474,0
2,179537,0
2,179599,0
3,179662,0
0,179662,0
1,179712,0
2,179762,0
0,179812,0
3,179862,0
2,179912,0
1,179962,0
0,180012,0
3,180062,0
1,180112,0
2,180162,0
0,180224,0
2,180287,0
1,180349,0
0,180412,0
3,180474,0
1,180537,0
2,180599,0
3,180662,0
2,180724,0
0,180787,0
1,180849,0
2,180912,0
3,180974,0
0,181037,0
2,181099,0
1,181162,0
0,181224,0
3,181287,0
1,181349,0
2,181412,0
0,181474,0
3,181537,0
2,181599,0
1,181662,1,181724
1,181787,1,181849
2,181849,1,181912
0,181912,1,181974
3,182037,1,182099
1,182224,1,182287
2,182287,1,182349
0,182349,1,182412
3,182412,1,182474
2,182537,1,182599
3,182599,1,182662
0,182662,0
1,182703,0
2,182745,0
0,182849,0
3,182912,0
2,182953,0
1,182995,0
3,183037,0
0,183126,0
1,183162,0
2,183197,0
0,183287,0
3,183328,0
2,183356,0
1,183384,0
0,183516,0
1,183537,0
2,183557,0
0,183662,0
3,183662,0
1,183712,0
2,183762,0
0,183812,0
3,183862,0
2,183912,0
1,183962,0
3,184012,0
0,184062,0
2,184112,0
1,184162,0
3,184224,0
0,184287,0
1,184349,0
2,184412,0
0,184474,0
3,184537,0
2,184599,0
0,184662,0
1,184724,0
2,184787,0
0,184849,0
3,184912,0
1,184974,0
2,185037,0
0,185099,0
3,185162,0
2,185224,0
1,185287,0
0,185349,0
3,185412,0
1,185474,0
2,185537,0
0,185599,0
3,185662,0
3,185787,0
3,185912,1,185974
3,186037,1,186162
1,186162,0
0,186162,0
1,186287,0
0,186287,0
1,186412,1,186474
0,186412,1,186474
0,186537,1,186599
1,186537,1,186662
0,186662,0
2,186662,0
3,186662,0
3,186787,0
2,186787,0
0,186787,0
2,186912,1,186974
3,186912,1,186974
0,186912,1,186974
0,187037,1,187162
2,187037,1,187099
3,187037,1,187099
2,187162,1,187224
1,187162,1,187224
3,187162,1,187287
1,187287,1,187412
2,187287,1,187349
0,187287,1,187349
0,187412,1,187474
2,187412,1,187537
3,187412,1,187474
1,187537,1,187662
0,187537,1,187662
3,187537,1,187599
3,187662,0
2,187662,0
0,187724,0
1,187724,0
3,187787,0
2,187787,0
1,187849,0
0,187849,0
2,187912,1,187974
3,187912,1,188037
0,187974,1,188099
2,188037,1,188099
1,188037,1,188099
3,188099,0
2,188162,1,188287
0,188162,1,188224
1,188224,1,188349
0,188287,1,188349
3,188287,1,188349
2,188349,0
1,188412,1,188537
3,188412,1,188474
0,188474,1,188537
2,188537,1,188599
3,188537,1,188599
0,188599,0
1,188662,1,188787
2,188662,1,188724
3,188724,1,188849
2,188787,1,188849
0,188787,1,188849
1,188849,0
3,188912,1,189037
0,188912,1,188974
2,188974,1,189099
1,189037,1,189099
0,189037,1,189099
3,189099,0
2,189162,1,189224
0,189162,1,189287
1,189224,1,189349
2,189287,1,189349
3,189287,1,189349
0,189349,0
1,189412,1,189474
3,189412,1,189474
2,189474,1,189599
3,189537,1,189599
1,189537,1,189599
0,189599,0
2,189662,1,189724
3,189662,1,189787
0,189724,1,189849
2,189787,1,189849
1,189787,1,189849
3,189849,0
1,189912,1,189974
0,189912,1,190037
3,189974,1,190099
2,190037,1,190099
1,190037,1,190099
0,190099,0
1,190162,1,190287
3,190162,1,190224
2,190224,1,190349
3,190287,1,190349
0,190287,1,190349
1,190349,0
2,190412,1,190537
0,190412,1,190474
3,190474,1,190537
1,190537,1,190599
0,190537,1,190599
3,190599,0
2,190662,1,190787
1,190662,1,190724
0,190724,1,190849
1,190787,1,190849
3,190787,1,190849
2,190849,0
0,190912,1,191037
3,190912,1,190974
1,190974,1,191099
2,191037,1,191099
3,191037,1,191099
0,191099,0
1,191162,1,191224
3,191162,1,191287
2,191224,1,191349
1,191287,1,191349
0,191287,1,191349
3,191349,0
2,191412,1,191474
0,191412,1,191474
1,191474,1,191599
2,191537,1,191599
0,191537,1,191599
3,191599,0
1,191662,1,191724
0,191662,1,191787
3,191724,1,191849
2,191787,1,191849
1,191787,1,191849
0,191849,0
2,191912,1,191974
3,191912,1,192037
0,191974,1,192099
1,192037,1,192099
2,192037,1,192099
3,192099,0
1,192162,1,192287
0,192162,1,192224
2,192224,1,192349
3,192287,1,192349
0,192287,1,192349
1,192349,0
2,192412,0
3,192412,0
0,192474,0
1,192537,0
2,192537,0
0,192599,0
2,192662,1,192724
3,192662,1,192787
0,192724,1,192849
1,192787,1,192849
2,192787,1,192849
3,192849,0
1,192912,1,192974
0,192912,1,193037
3,192974,1,193099
2,193037,1,193099
1,193037,1,193099
0,193099,0
2,193162,1,193287
3,193162,1,193224
1,193224,1,193349
0,193287,1,193349
3,193287,1,193349
2,193349,0
1,193412,0
0,193412,0
3,193474,0
2,193537,0
1,193537,0
3,193599,0
1,193662,1,193724
0,193662,1,193787
3,193724,1,193849
2,193787,1,193849
1,193787,1,193849
0,193849,0
2,193912,1,193974
3,193912,1,194037
0,193974,1,194099
1,194037,1,194099
2,194037,1,194099
3,194099,0
1,194162,1,194287
0,194162,1,194224
2,194224,1,194349
3,194287,1,194349
0,194287,1,194349
1,194349,0
3,194412,0
2,194412,0
0,194474,0
2,194537,0
1,194537,0
0,194599,0
2,194662,1,194724
3,194662,1,194787
0,194724,1,194849
1,194787,1,194849
2,194787,1,194849
3,194849,0
1,194912,1,194974
0,194912,1,195037
3,194974,1,195099
2,195037,1,195099
1,195037,1,195099
0,195099,0
2,195162,1,195287
3,195162,1,195224
1,195224,1,195349
3,195287,1,195349
0,195287,1,195349
2,195349,0
1,195412,0
0,195412,0
3,195474,0
1,195537,0
0,195537,0
2,195599,0
1,195662,1,195724
3,195662,1,195724
0,195662,1,195849
1,195787,1,195849
3,195787,1,195849
2,195912,1,195974
3,195912,1,196099
0,195912,1,195974
2,196037,1,196099
0,196037,1,196099
1,196162,1,196224
0,196162,1,196349
3,196162,1,196224
1,196287,1,196349
3,196287,1,196349
2,196412,0
0,196412,0
3,196412,0
1,196537,0
3,196537,0
2,196662,1,196724
3,196662,1,196849
0,196662,1,196724
2,196787,1,196849
0,196787,1,196849
1,196912,1,196974
0,196912,1,197099
3,196912,1,196974
1,197037,1,197099
3,197037,1,197099
3,197162,1,197349
2,197162,1,197224
0,197162,1,197224
2,197287,1,197349
0,197287,1,197349
1,197412,1,197474
3,197412,1,197537
0,197412,1,197474
1,197537,1,197599
0,197537,1,197599
2,197599,1,197724
3,197599,1,197724
1,197662,1,197724
0,197662,1,197849
1,197787,1,197849
2,197787,1,197849
0,197912,1,197974
2,197912,1,198037
3,197912,1,198037
1,198037,1,198099
0,198037,1,198099
2,198099,0
3,198099,0
1,198162,1,198224
0,198162,1,198349
1,198287,1,198349
2,198287,1,198349
2,198412,1,198474
3,198412,1,198474
0,198412,1,198537
2,198537,1,198599
3,198537,1,198599
1,198599,0
0,198599,0
3,198662,0
2,198703,0
1,198745,0
0,198787,0
2,198828,0
3,198870,0
0,198912,0
1,198953,0
2,198995,0
3,199037,0
1,199078,0
0,199120,0
3,199162,0
2,199203,0
1,199245,0
0,199287,0
3,199328,0
2,199370,0
0,199412,0
1,199447,0
2,199483,0
3,199519,0
0,199554,0
1,199590,0
2,199626,0
3,199662,1,203912
0,203912,0
1,203962,0
1,204112,0
2,204245,0
2,204662,0
1,204912,0
1,205287,0
1,205662,0
3,205912,0
3,206287,0
3,206662,0
1,206912,0
1,207287,0
1,207662,0
0,207912,0
0,208287,0
0,208662,0
2,208912,0
2,209287,0
2,209662,0
3,209912,0
3,210287,0
3,210662,0
0,210912,0
0,211287,0
0,211662,0
3,211912,0
3,212287,0
3,212662,0
2,212912,0
2,213287,0
2,213662,0
0,213912,0
0,214287,0
0,214662,0
2,214912,0
2,215287,0
2,215662,0
3,215912,0
3,216287,0
3,216662,0
1,216912,0
1,217287,0
1,217662,0
0,217912,0
0,218287,0
0,218662,0
3,218912,0
3,219287,0
3,219662,0
1,219912,0
2,220287,0
0,220412,0
2,220662,0
0,220787,0
3,220912,0
1,221287,0
2,221412,0
0,221662,0
2,221912,0
1,222287,0
3,222412,0
1,222662,0
3,222787,0
0,222912,0
2,223287,0
1,223412,0
3,223662,0
0,223724,0
1,223787,0
2,223849,0
1,223912,0
2,224287,0
0,224412,0
2,224662,0
0,224787,0
3,224912,0
1,225287,0
2,225412,0
0,225662,0
2,225912,0
1,226287,0
3,226412,0
1,226662,0
3,226787,0
0,226912,0
2,227287,0
1,227412,0
3,227662,0
1,227912,0
2,228287,0
0,228412,0
2,228662,0
0,228787,0
3,228912,0
1,229287,0
2,229412,0
0,229662,0
2,229912,0
1,230287,0
3,230412,0
1,230662,0
3,230787,0
0,230912,0
2,231287,0
1,231412,0
3,231662,0
1,231912,0
2,232287,0
0,232412,0
2,232662,0
0,232787,0
3,232912,0
1,233287,0
2,233412,0
0,233662,0
2,233912,0
1,234287,0
3,234412,0
1,234662,0
3,234787,0
0,234912,0
2,235287,0
1,235412,0
3,235662,0
0,235912,0
2,236287,0
3,236412,0
0,236495,0
2,236578,0
1,236662,0
2,236724,0
3,236787,0
1,236849,0
0,236912,0
2,236974,0
1,237037,0
0,237099,0
3,237162,0
1,237212,0
2,237262,0
0,237312,0
1,237362,0
3,237412,0
2,237462,0
1,237512,0
0,237562,0
3,237612,0
1,237662,0
2,237703,0
0,237745,0
1,237787,0
3,237828,0
2,237870,0
1,237912,0
3,239099,0
0,239162,0
0,239287,0
3,239349,0
0,239537,0
1,239568,0
0,239662,0
1,239693,0
3,239787,0
2,239818,0
3,239912,0
2,239943,0
0,240037,0
1,240068,0
0,240162,0
1,240193,0
3,240287,0
2,240318,0
3,240412,0
2,240443,0
0,240537,0
1,240557,0
2,240578,0
0,240662,0
1,240682,0
3,240724,0
2,240745,0
0,240787,0
1,240807,0
3,240912,0
2,240939,0
3,241037,0
2,241057,0
3,241162,0
0,241162,0
1,241177,0
0,241287,0
3,241287,0
2,241287,0
2,241412,1,242287
0,241412,0
1,241412,0
1,241537,0
0,241537,0
3,241662,0
1,241662,0
1,241787,0
3,241787,0
0,241787,0
3,241912,0
0,241912,0
0,242037,0
1,242037,0
3,242162,0
1,242162,0
0,242287,1,242537
1,242287,0
3,242287,0
1,242412,0
2,242412,0
1,242537,1,243412
3,242537,0
0,242662,0
3,242662,0
2,242787,0
0,242787,0
3,242787,0
2,242912,0
0,242912,0
3,243037,0
2,243037,0
0,243162,0
3,243162,0
2,243287,0
3,243287,0
0,243287,0
3,243412,1,244287
2,243412,0
1,243537,0
0,243537,0
2,243662,0
0,243662,0
1,243787,0
2,243787,0
0,243787,0
1,243912,0
2,243912,0
0,244037,0
1,244037,0
0,244162,0
2,244162,0
2,244287,1,244537
1,244287,0
0,244287,0
1,244412,0
3,244412,0
1,244537,1,245287
0,244537,0
3,244662,0
2,244662,0
2,244787,0
3,244787,0
0,244787,0
0,244912,0
3,244912,0
2,245037,0
0,245037,0
3,245162,0
2,245162,0
0,245287,0
3,245287,0
2,245287,0
3,245412,1,245537
0,245412,1,245537
1,245474,1,245537
2,245537,1,245662
1,245599,1,245724
0,245662,1,245724
3,245662,1,245724
2,245787,1,245849
3,245787,1,245912
0,245787,1,245912
1,245912,1,245974
2,245912,1,245974
0,246037,1,246224
3,246037,1,246099
3,246162,1,246287
1,246162,1,246224
1,246287,1,246412
0,246287,1,246349
2,246287,1,246412
0,246412,1,246537
3,246412,1,246474
1,246537,1,246599
3,246537,1,246693
0,246662,1,246724
1,246662,1,246818
3,246787,1,246849
0,246787,1,246912
2,246787,1,246974
3,246912,1,246974
1,246912,1,247099
0,247037,1,247099
3,247037,1,247162
1,247162,1,247287
2,247162,1,247224
3,247287,1,247349
2,247287,1,247412
0,247287,1,247412
1,247412,1,247537
3,247412,1,247474
2,247474,1,247537
3,247537,1,247662
0,247537,1,247724
1,247662,1,247724
2,247662,1,247787
1,247787,1,247849
0,247787,1,247849
3,247787,1,247912
2,247849,1,247912
1,247912,1,248037
0,247912,1,247974
2,248037,1,248099
3,248037,1,248162
2,248162,1,248287
0,248162,1,248224
0,248287,1,248412
1,248287,1,248349
3,248287,1,248349
1,248412,0
3,248412,1,249287
0,248537,0
2,248537,0
2,248662,0
1,248662,0
1,248787,0
2,248787,0
0,248787,0
1,248912,0
0,248912,0
1,249037,0
0,249037,0
2,249037,0
2,249162,0
0,249162,0
1,249287,0
2,249287,0
0,249412,1,250037
1,249412,0
3,249412,0
2,249537,0
3,249537,0
1,249662,0
2,249662,0
2,249787,0
1,249787,0
3,249787,0
2,249912,0
3,249912,0
3,250037,1,250537
1,250037,0
0,250162,0
2,250162,0
1,250287,0
0,250287,0
2,250287,0
2,250412,0
1,250412,0
1,250537,1,251162
0,250537,0
2,250662,0
3,250662,0
2,250787,0
3,250787,0
0,250787,0
0,250912,0
2,250912,0
2,251037,0
3,251037,0
3,251162,1,251412
0,251162,0
1,251287,0
0,251287,0
2,251287,0
0,251412,1,251474
2,251412,0
1,251474,1,251537
2,251537,1,252037
3,251537,0
1,251662,0
0,251662,0
3,251787,0
0,251787,0
1,251787,0
3,251912,0
1,251912,0
1,252037,1,252537
0,252037,0
3,252162,0
2,252162,0
0,252287,0
3,252287,0
2,252287,0
3,252412,0
0,252412,0
3,252537,1,253412
2,252537,0
1,252662,0
0,252662,0
0,252787,0
1,252787,0
2,252787,0
0,252912,0
2,252912,0
1,253037,0
0,253037,0
2,253162,0
1,253162,0
0,253287,0
1,253287,0
2,253287,0
0,253412,1,253662
1,253412,1,253662
2,253662,0
3,253662,0
3,253787,1,253912
1,253787,1,253912
0,253787,1,253849
2,253912,0
0,253912,0
2,254037,1,254162
3,254037,1,254099
1,254162,0
3,254162,0
2,254287,1,254412
1,254287,1,254412
0,254287,1,254349
3,254412,0
0,254412,0
2,254537,1,254599
0,254537,1,254662
2,254662,0
3,254662,0
2,254787,1,254912
1,254787,1,254849
0,254787,1,254912
3,254912,0
1,254912,0
1,255037,1,255162
0,255037,1,255099
2,255099,1,255162
0,255162,1,255287
3,255162,1,255224
1,255224,1,255287
2,255287,1,255412
3,255287,1,255349
0,255349,1,255412
1,255412,1,255474
3,255412,1,255474
2,255474,1,255537
0,255537,1,257412
1,255537,0
1,255662,0
2,255662,0
1,255787,0
3,255787,0
2,255787,0
2,255912,0
3,255912,0
1,256037,0
3,256037,0
2,256162,0
1,256162,0
3,256287,0
2,256287,0
1,256287,0
3,256412,0
2,256412,0
1,256537,0
3,256537,0
2,256662,0
1,256662,0
3,256787,0
1,256787,0
2,256787,0
2,256912,0
3,256912,0
1,257037,0
3,257037,0
2,257037,0
2,257162,0
1,257162,0
3,257287,0
1,257287,0
2,257412,0
3,257412,0
2,257537,0
1,257537,0
0,257537,0
0,257662,0
3,257662,0
1,257724,0
2,257787,0
3,257787,0
0,257849,0
1,257912,0
2,257912,0
3,257974,0
0,258037,0
2,258037,0
1,258037,0
3,258099,0
0,258162,0
1,258162,0
2,258224,0
3,258287,0
0,258287,0
1,258349,0
3,258412,0
2,258412,0
0,258474,0
3,258537,0
2,258537,0
1,258537,0
0,258599,0
1,258662,0
2,258662,0
3,258724,0
0,258787,0
1,258787,0
3,258849,0
2,258912,0
0,258912,0
2,259037,0
1,259037,0
3,259037,0
0,259037,0
1,259162,0
2,259162,0
3,259162,0
0,259162,0
1,259287,0
0,259287,0
2,259287,0
3,259287,0
2,259412,0
3,259412,0
0,259412,0
