3,2414,1,3225
0,3225,0
2,4035,0
0,4846,0
3,5657,0
1,6468,0
2,7279,0
1,8089,0
3,8900,0
0,9711,0
2,10522,0
0,11333,0
2,12143,0
1,12954,0
3,13765,0
1,14576,0
0,15387,1,16197
3,16197,0
1,17008,0
3,17819,0
0,18630,0
2,19441,0
1,20252,0
2,21062,0
0,21873,0
3,22684,0
1,23495,0
3,24306,0
1,25116,0
2,25927,0
0,26738,0
2,27549,0
0,28360,0
3,29170,1,29981
2,29981,1,30792
1,30792,1,31603
0,31603,1,32414
3,32414,1,33225
0,33225,1,34035
2,34035,0
1,34846,0
3,35657,0
0,36468,0
2,37279,0
1,38089,0
3,38900,0
2,39711,0
2,40522,0
1,41333,0
0,42143,1,42954
1,42954,1,43765
2,43765,1,44576
3,44576,1,45387
0,45387,1,46197
3,46197,1,47008
1,47008,0
2,47819,0
0,48630,0
3,49441,0
1,50252,0
2,51062,0
0,55279,0
3,55279,1,61279
