3,5017,1,7897
0,7897,1,11737
6,11737,1,15577
2,15577,1,17497
4,17497,1,19417
1,19417,0
2,19777,0
3,20137,0
0,20497,0
3,20857,0
2,21097,0
5,21337,0
4,21697,0
3,22057,0
2,22417,0
1,22657,0
3,22777,0
2,22897,0
4,23017,0
3,23137,0
6,23257,0
5,23617,0
4,23977,0
3,24337,0
2,24697,0
4,24937,0
0,25177,0
1,25537,0
2,25897,0
3,26257,0
5,26497,0
3,26617,0
4,26737,0
2,26857,0
3,26977,0
0,27097,0
1,27457,0
2,27817,0
0,28177,0
3,28537,0
2,28777,0
5,29017,0
4,29377,0
3,29737,0
2,30097,0
1,30337,0
3,30457,0
2,30577,0
4,30697,0
3,30817,0
6,30937,0
5,31297,0
4,31657,0
3,32017,0
2,32377,0
4,32617,0
0,32857,0
1,33217,0
2,33577,0
3,33937,0
3,34177,0
1,34297,1,34657
2,34297,1,34657
4,34297,1,34657
5,34297,1,34657
0,34777,1,36457
2,34777,0
4,34777,0
6,34777,1,36457
5,36697,0
6,36697,0
3,36757,0
5,36817,0
6,36817,0
0,36937,0
1,36937,0
3,36997,0
0,37057,0
1,37057,0
2,37177,0
4,37177,0
5,37297,0
6,37297,0
3,37357,0
0,37417,0
1,37417,0
2,37537,0
4,37537,0
5,37657,0
6,37657,0
3,37717,0
0,37777,0
1,37777,0
3,37837,0
5,37897,0
6,37897,0
2,38017,0
4,38017,0
3,38077,0
1,38137,0
5,38137,0
2,38257,0
4,38257,0
3,38317,0
1,38377,0
5,38377,0
1,38497,0
5,38497,0
0,38617,1,40297
2,38617,0
4,38617,0
6,38617,1,40297
0,40537,0
1,40537,0
3,40597,0
0,40657,0
1,40657,0
5,40777,0
6,40777,0
3,40837,0
5,40897,0
6,40897,0
2,41017,0
4,41017,0
0,41137,0
1,41137,0
3,41197,0
5,41257,0
6,41257,0
2,41377,0
4,41377,0
0,41497,0
1,41497,0
3,41557,0
5,41617,0
6,41617,0
3,41677,0
0,41737,0
1,41737,0
2,41857,0
4,41857,0
3,41917,0
1,41977,0
5,41977,0
2,42097,0
4,42097,0
3,42157,0
1,42217,0
5,42217,0
1,42337,0
5,42337,0
0,42457,1,44137
2,42457,0
4,42457,0
6,42457,1,44137
4,44377,0
6,44377,0
1,44437,0
4,44497,0
6,44497,0
0,44617,0
2,44617,0
5,44677,0
0,44737,0
2,44737,0
1,44857,0
5,44857,0
4,44977,0
6,44977,0
3,45037,0
0,45097,0
2,45097,0
1,45217,0
5,45217,0
4,45337,0
6,45337,0
1,45397,0
4,45457,0
6,45457,0
3,45517,0
0,45577,0
2,45577,0
5,45697,0
6,45697,0
3,45757,0
0,45817,0
1,45817,0
0,45937,0
1,45937,0
3,45997,0
5,46057,0
6,46057,0
2,46177,0
4,46177,0
0,46297,1,47977
1,46297,0
5,46297,0
6,46297,1,47977
0,48217,0
2,48217,0
5,48277,0
0,48337,0
2,48337,0
4,48457,0
6,48457,0
1,48517,0
4,48577,0
6,48577,0
1,48697,0
5,48697,0
0,48817,0
2,48817,0
3,48877,0
4,48937,0
6,48937,0
1,49057,0
5,49057,0
0,49177,0
2,49177,0
5,49237,0
0,49297,0
2,49297,0
3,49357,0
4,49417,0
6,49417,0
0,49537,0
1,49537,0
3,49597,0
5,49657,0
6,49657,0
5,49777,0
6,49777,0
3,49837,0
0,49897,0
1,49897,0
2,50017,0
4,50017,0
0,50137,1,50377
3,50137,1,50377
5,50137,0
6,50137,1,50257
1,50377,0
3,50497,0
4,50497,1,50857
6,50497,1,50857
0,50617,1,50857
2,50617,1,50857
3,50857,0
0,51097,1,51217
1,51097,0
3,51097,1,51337
6,51097,1,51337
5,51337,0
0,51457,1,51817
2,51457,1,51817
3,51457,0
4,51577,1,51817
6,51577,1,51817
3,51817,0
1,52057,1,52297
3,52057,1,52297
5,52057,1,52177
6,52057,0
2,52297,0
3,52417,0
4,52417,1,52777
6,52417,1,52777
0,52537,1,52777
2,52537,1,52777
3,52777,0
0,53017,0
1,53017,1,53137
3,53017,1,53257
5,53017,1,53257
4,53257,0
0,53377,1,53737
2,53377,1,53737
3,53377,0
4,53497,1,53737
6,53497,1,53737
3,53737,0
0,53977,0
2,53977,0
5,53977,0
0,54157,0
2,54157,0
4,54337,0
6,54337,0
1,54457,0
3,54457,0
5,54457,0
1,54637,0
3,54637,0
0,54817,0
2,54817,0
1,54937,0
4,54937,0
6,54937,0
4,55117,0
6,55117,0
0,55297,0
2,55297,0
1,55417,0
3,55417,0
5,55417,0
3,55597,0
5,55597,0
4,55777,0
6,55777,0
0,55897,0
4,55897,0
6,55897,0
2,55957,0
1,56017,0
5,56017,0
3,56077,0
0,56137,0
6,56137,0
2,56197,0
4,56257,0
5,56257,0
3,56317,0
1,56377,0
6,56377,0
4,56437,0
0,56497,0
2,56497,0
3,56557,0
6,56557,0
1,56617,0
5,56617,0
4,56677,0
0,56737,0
2,56737,0
3,56797,0
1,56857,0
4,56857,1,57697
5,56857,0
6,56857,1,57697
0,57097,1,57697
2,57337,1,57697
1,57817,0
4,57817,0
6,57817,0
3,57937,0
0,58057,0
2,58057,0
5,58057,0
4,58177,0
0,58297,0
1,58297,0
6,58297,0
2,58357,0
3,58417,0
1,58477,0
0,58537,0
4,58537,0
5,58537,0
3,58597,0
2,58657,0
1,58717,0
0,58777,0
5,58777,0
6,58777,0
4,58837,0
3,58897,0
5,58957,0
0,59017,0
2,59017,0
6,59017,0
3,59077,0
4,59137,0
5,59197,0
0,59257,0
1,59257,0
6,59257,0
2,59317,0
3,59377,0
1,59437,0
0,59497,0
4,59497,0
5,59497,0
3,59557,0
2,59617,0
1,59677,0
0,59737,0
5,59737,0
6,59737,0
4,59797,0
3,59857,0
2,59917,0
1,59977,0
4,59977,0
5,59977,0
3,60097,0
0,60217,0
5,60217,0
6,60217,0
4,60277,0
3,60337,0
5,60397,0
1,60457,0
2,60457,0
6,60457,0
3,60517,0
4,60577,0
5,60637,0
0,60697,0
1,60697,0
6,60697,0
2,60757,0
3,60817,0
1,60877,0
0,60937,0
4,60937,0
6,60937,0
3,60997,0
2,61057,0
1,61117,0
0,61177,0
5,61177,0
6,61177,0
4,61237,0
3,61297,0
5,61357,0
0,61417,0
2,61417,0
6,61417,0
3,61477,0
0,61537,0
1,61537,0
4,61537,0
5,61597,0
0,61657,0
1,61657,0
2,61657,1,61777
6,61657,0
3,61717,1,61837
4,61777,1,61897
5,61837,1,61957
0,61897,0
6,61897,1,62017
1,61957,0
2,62017,0
3,62077,0
4,62137,1,62257
5,62137,0
6,62137,0
2,62197,1,62497
0,62257,1,62377
4,62377,0
0,62497,0
0,62617,0
1,62617,0
2,62617,1,62737
4,62677,1,62977
6,62737,1,62857
2,62857,0
6,62977,0
4,63097,1,63217
5,63097,0
6,63097,0
2,63157,1,63457
0,63217,1,63337
4,63337,0
0,63457,0
4,63577,1,63697
5,63577,0
6,63577,0
3,63637,1,63757
2,63697,1,63817
1,63757,1,63877
0,63817,1,63937
6,63817,0
5,63877,0
4,63937,0
3,63997,0
0,64057,0
1,64057,0
2,64057,1,64177
4,64117,1,64417
6,64177,1,64297
2,64297,0
6,64417,0
4,64537,1,64657
5,64537,0
6,64537,0
2,64597,1,64897
0,64657,1,64777
4,64777,0
0,64897,0
0,65017,0
1,65017,0
2,65017,1,65137
4,65077,1,65377
6,65137,1,65257
2,65257,0
6,65377,0
0,65497,0
2,65497,0
5,65497,0
3,65617,0
1,65737,0
4,65737,0
6,65737,0
3,65857,0
0,65977,0
1,65977,0
6,65977,0
3,66037,0
5,66097,0
2,66157,0
0,66217,0
4,66217,0
6,66217,0
3,66277,0
2,66337,0
1,66397,0
0,66457,0
5,66457,0
6,66457,0
3,66517,0
1,66577,0
4,66637,0
0,66697,0
2,66697,0
6,66697,0
3,66757,0
4,66817,0
5,66877,0
0,66937,0
1,66937,0
6,66937,0
3,66997,0
5,67057,0
2,67117,0
0,67177,0
4,67177,0
6,67177,0
3,67237,0
2,67297,0
1,67357,0
0,67417,0
5,67417,0
6,67417,0
3,67477,0
1,67537,0
4,67597,0
0,67657,0
2,67657,0
6,67657,0
3,67777,0
0,67897,0
5,67897,0
6,67897,0
3,67957,0
1,68017,0
4,68077,0
0,68137,0
2,68137,0
6,68137,0
3,68197,0
4,68257,0
5,68317,0
0,68377,0
1,68377,0
6,68377,0
3,68437,0
5,68497,0
2,68557,0
0,68617,0
4,68617,0
6,68617,0
3,68677,0
2,68737,0
1,68797,0
0,68857,0
4,68857,0
5,68857,0
3,68917,0
6,68977,0
4,69037,0
0,69097,0
1,69097,0
2,69097,0
3,69157,0
0,69217,0
1,69217,0
4,69217,0
5,69277,0
0,69337,0
1,69337,0
2,69337,1,69457
6,69337,0
3,69397,1,69517
4,69457,1,69577
5,69517,1,69637
0,69577,0
6,69577,1,69697
1,69637,0
2,69697,0
3,69757,0
4,69817,1,69937
5,69817,0
6,69817,0
2,69877,1,70177
0,69937,1,70057
4,70057,0
0,70177,0
0,70297,0
1,70297,0
2,70297,1,70417
4,70357,1,70657
6,70417,1,70537
2,70537,0
6,70657,0
0,70777,1,71017
1,70777,1,71017
3,70777,1,70897
5,70777,0
6,70777,0
3,71017,1,71077
0,71137,1,71197
1,71137,1,71197
2,71257,0
4,71257,0
6,71257,0
5,71377,1,71437
3,71497,0
5,71497,1,71557
5,71617,1,71677
0,71737,0
1,71737,0
2,71737,1,71857
4,71797,1,72097
6,71857,1,71977
2,71977,0
6,72097,0
2,72217,1,72337
5,72217,0
6,72217,0
1,72277,1,72397
0,72337,1,72457
4,72397,0
5,72397,0
2,72457,0
1,72517,0
0,72577,0
3,72577,0
4,72577,0
0,72697,0
1,72697,0
4,72697,1,72817
5,72757,1,72877
6,72817,1,72937
1,72877,0
2,72877,0
4,72937,0
5,72997,0
2,73057,0
3,73057,0
6,73057,0
0,73177,0
1,73177,0
5,73177,0
6,73177,0
4,73237,0
3,73297,0
2,73357,0
1,73417,0
6,73417,0
3,73477,0
4,73537,0
5,73597,0
0,73657,0
6,73657,0
1,73717,0
2,73777,0
3,73837,0
0,73897,0
6,73897,0
5,73957,0
1,74017,0
3,74017,0
4,74077,0
5,74137,0
6,74137,0
2,74197,0
3,74257,0
4,74317,0
0,74377,0
5,74377,0
3,74437,0
2,74497,0
1,74557,0
0,74617,0
6,74617,0
5,74677,0
4,74737,0
3,74797,0
0,74857,0
6,74857,0
1,74917,0
3,74977,0
5,74977,0
2,75037,0
0,75097,0
4,75097,0
5,75157,0
6,75217,0
3,75277,0
1,75337,0
2,75337,0
5,75397,0
4,75457,0
3,75517,0
0,75577,0
6,75577,0
4,75637,0
2,75697,0
1,75757,0
0,75817,0
6,75817,0
5,75877,0
1,75937,0
3,75937,0
4,75997,0
5,76057,0
6,76057,0
2,76117,0
3,76177,0
5,76237,0
0,76297,0
6,76297,0
4,76357,0
3,76417,0
1,76477,0
0,76537,0
6,76537,0
5,76597,0
4,76657,0
3,76717,0
0,76777,0
2,76777,0
6,76777,0
4,76837,0
1,76897,0
5,76897,0
3,76957,0
0,77017,0
4,77017,0
6,77017,0
2,77077,0
3,77137,0
4,77197,0
0,77257,0
5,77257,0
3,77317,0
2,77377,0
1,77437,0
0,77497,0
6,77497,0
5,77557,0
4,77617,0
3,77677,0
0,77737,0
6,77737,0
1,77797,0
3,77857,0
5,77857,0
2,77917,0
0,77977,0
1,77977,0
4,78037,0
3,78097,0
2,78157,0
1,78217,0
6,78217,0
3,78277,0
4,78337,0
5,78397,0
0,78457,0
6,78457,0
1,78517,0
2,78577,0
3,78637,0
0,78697,0
6,78697,0
5,78757,0
1,78817,0
3,78817,0
4,78877,0
2,78937,0
6,78937,0
1,78997,0
0,79057,0
3,79117,0
4,79177,0
5,79177,0
1,79237,0
2,79297,0
3,79357,0
0,79417,0
6,79417,0
2,79477,0
4,79537,0
5,79597,0
0,79657,0
6,79657,0
1,79717,0
3,79777,0
5,79777,0
2,79837,0
0,79897,0
1,79897,0
4,79957,0
3,80017,0
1,80077,0
0,80137,0
6,80137,0
2,80197,0
3,80257,0
5,80317,0
0,80377,0
6,80377,0
1,80437,0
2,80497,0
3,80557,0
0,80617,0
4,80617,0
6,80617,0
2,80677,0
1,80737,0
5,80737,0
3,80797,0
0,80857,0
2,80857,0
6,80857,0
5,80917,0
4,80977,0
3,81037,0
1,81097,0
6,81097,0
2,81157,0
4,81217,0
5,81277,0
0,81337,0
6,81337,0
1,81397,0
2,81457,0
3,81517,0
0,81577,0
6,81577,0
4,81637,0
2,81697,0
5,81697,0
3,81757,0
1,81817,0
6,81817,0
4,81877,0
2,81937,0
1,81997,0
0,82057,0
5,82057,0
4,82117,0
2,82177,0
3,82237,0
4,82297,0
6,82297,0
2,82357,0
1,82417,0
0,82477,0
3,82537,0
5,82537,0
1,82597,0
4,82657,0
6,82657,0
2,82717,0
0,82777,0
5,82777,0
1,82837,0
2,82897,0
3,82957,0
5,83017,0
6,83017,0
4,83077,0
2,83137,0
1,83197,0
0,83257,0
6,83257,0
5,83317,0
4,83377,0
3,83437,0
0,83497,0
6,83497,0
2,83557,0
1,83617,0
4,83617,0
3,83677,0
0,83737,0
5,83737,0
2,83797,0
4,83857,0
5,83917,0
1,83977,0
6,83977,0
2,84037,0
4,84097,0
3,84157,0
0,84217,0
2,84217,0
4,84277,0
5,84337,0
6,84397,0
0,84457,0
2,84457,0
4,84457,0
3,84517,0
1,84577,0
5,84577,0
4,84637,0
0,84697,0
2,84697,0
6,84697,0
5,84757,0
4,84817,0
3,84877,0
0,84937,0
6,84937,0
1,84997,0
3,85057,0
4,85117,0
2,85177,0
6,85177,0
5,85237,0
3,85297,0
2,85357,0
0,85417,0
4,85417,0
1,85477,0
3,85537,0
5,85537,0
2,85597,0
0,85657,0
6,85657,0
5,85717,0
4,85777,0
3,85837,0
0,85897,0
1,85897,0
2,85957,0
4,86017,0
5,86077,0
3,86137,0
6,86137,0
2,86197,0
1,86257,0
0,86317,0
4,86377,0
6,86377,0
3,86437,0
1,86497,0
5,86497,0
4,86557,0
0,86617,0
6,86617,0
1,86677,0
2,86737,0
3,86797,0
1,86857,0
6,86857,0
5,86917,0
3,86977,0
2,87037,0
0,87097,0
5,87097,0
1,87157,0
3,87217,0
4,87277,0
2,87337,0
6,87337,0
5,87397,0
1,87457,0
3,87457,0
4,87517,0
0,87577,0
2,87577,0
6,87577,0
0,87757,0
2,87757,0
6,87757,0
1,87937,0
5,87937,0
0,88057,0
4,88057,0
6,88057,0
0,88237,0
4,88237,0
6,88237,0
1,88417,0
5,88417,0
0,88537,0
2,88537,0
3,88537,1,94777
6,88537,0
0,92497,1,95257
6,93457,1,93697
6,93937,1,94177
4,94177,0
6,94297,0
4,94417,0
5,94537,0
6,94777,0
4,95017,0
3,95137,0
2,95257,0
4,95377,0
2,95497,0
1,95617,0
0,95737,0
6,95737,0
0,95977,0
2,95977,0
4,95977,0
6,95977,0
0,96217,0
1,96217,0
2,96217,1,96577
4,96217,0
6,96337,1,96457
1,96457,1,96577
3,96457,0
4,96457,1,96577
6,96577,1,96697
0,96697,0
1,96697,1,96817
2,96697,1,97057
4,96697,0
6,96817,1,96937
1,96937,1,97057
3,96937,0
4,96937,1,97057
6,97057,1,97177
0,97177,0
1,97177,0
2,97177,1,97297
4,97237,1,97357
6,97297,1,97417
3,97417,1,97537
1,97537,1,97657
0,97657,0
4,97657,0
6,97657,0
4,97777,1,97837
6,97777,1,97837
0,97897,1,97957
1,97927,1,97987
2,97957,1,98017
3,97987,1,98047
2,98137,0
4,98137,1,98497
5,98137,0
6,98137,0
0,98257,1,98377
2,98377,1,98497
3,98377,0
5,98377,1,98497
0,98497,1,98617
2,98617,0
4,98617,1,98977
5,98617,1,98737
6,98617,0
0,98737,1,98857
2,98857,1,98977
3,98857,0
5,98857,1,98977
0,98977,1,99097
2,99097,1,99217
5,99097,0
6,99097,0
1,99157,1,99277
0,99217,1,99337
4,99217,0
5,99277,0
3,99337,1,99457
6,99337,0
5,99457,1,99577
0,99577,0
2,99577,0
6,99577,0
4,99697,0
3,99737,0
2,99777,0
1,99817,0
6,99817,1,99897
5,99857,1,99937
4,99897,1,99977
0,99937,0
1,99977,0
2,100017,0
3,100057,0
5,100057,0
6,100057,1,100417
1,100177,1,100297
3,100297,1,100417
5,100297,1,100417
1,100417,1,100537
0,100537,0
3,100537,0
5,100537,1,100657
6,100537,1,100897
1,100657,1,100777
3,100777,1,100897
5,100777,1,100897
1,100897,1,101017
2,101017,1,101137
4,101017,0
6,101017,0
5,101137,0
4,101177,0
3,101217,0
1,101257,1,101377
2,101257,0
4,101377,1,101497
0,101497,0
2,101497,1,101737
6,101497,0
5,101617,1,101857
1,101737,1,101857
4,101857,1,101977
0,101977,1,102337
1,101977,0
3,101977,0
6,101977,0
5,102097,1,102217
1,102217,1,102337
3,102217,1,102337
5,102337,1,102457
0,102457,1,102817
1,102457,0
3,102457,0
6,102457,0
5,102577,1,102697
1,102697,1,102817
3,102697,1,102817
5,102817,1,102937
2,102937,1,103177
4,102937,1,103057
6,102937,0
1,103057,1,103177
3,103177,1,103417
5,103177,1,103297
2,103297,1,103417
0,103417,0
4,103417,1,103657
6,103417,1,103537
1,103537,1,103657
0,103657,1,103897
3,103657,1,103777
5,103777,1,103897
1,103897,0
3,103897,0
4,103897,1,104257
6,103897,0
2,104017,1,104137
0,104137,1,104257
6,104137,1,104257
2,104257,1,104377
1,104377,0
3,104377,0
4,104377,1,104737
6,104377,1,104497
2,104497,1,104617
0,104617,1,104737
6,104617,1,104737
2,104737,1,104857
0,104857,0
1,104857,0
4,104857,1,104977
5,104917,1,105037
6,104977,1,105097
3,105097,1,105217
5,105217,1,105337
0,105337,0
2,105337,0
6,105337,0
0,105457,1,105517
2,105457,1,105517
6,105577,1,105637
5,105607,1,105667
4,105637,1,105697
3,105667,1,105727
0,105817,0
2,105817,1,106177
3,105817,0
5,105817,0
6,105937,1,106057
1,106057,1,106177
4,106057,1,106177
6,106177,1,106297
1,106297,1,106417
2,106297,1,106657
3,106297,0
5,106297,0
6,106417,1,106537
1,106537,1,106657
4,106537,1,106657
6,106657,1,106777
0,106777,0
1,106777,0
4,106777,1,106897
5,106837,1,106957
2,106897,0
6,106897,1,107017
1,106957,0
0,107017,0
3,107017,1,107137
1,107137,1,107257
0,107257,0
3,107257,0
6,107257,0
2,107377,0
1,107417,0
0,107457,0
3,107497,1,107577
4,107537,1,107617
5,107577,1,107657
1,107617,0
2,107657,0
3,107697,0
0,107737,0
4,107737,0
5,107737,0
6,107737,1,108097
2,107857,1,107977
0,107977,1,108097
5,107977,1,108097
2,108097,1,108217
0,108217,0
3,108217,0
5,108217,1,108337
6,108217,1,108577
2,108337,1,108457
0,108457,1,108577
5,108457,1,108577
2,108577,1,108697
0,108697,0
4,108697,1,108817
6,108697,0
1,108817,0
2,108857,0
3,108897,0
4,108937,0
5,108937,1,109057
2,109057,1,109177
0,109177,0
4,109177,1,109417
6,109177,0
1,109297,1,109537
5,109417,1,109537
3,109537,1,109657
0,109657,1,110017
1,109657,0
4,109657,0
5,109657,0
3,109777,0
6,109777,1,109897
1,109897,1,110017
4,109897,1,110017
6,110017,1,110137
0,110137,1,110497
1,110137,1,110257
2,110137,0
4,110137,0
5,110137,0
3,110257,1,110377
1,110377,1,110497
5,110377,1,110497
3,110497,1,110617
2,110617,0
4,110617,0
5,110617,0
6,110617,1,110977
0,110737,1,110857
3,110737,0
2,110857,1,110977
5,110857,1,110977
0,110977,1,111097
4,110977,0
1,111097,0
2,111097,0
5,111097,1,111217
6,111097,1,111457
3,111217,1,111337
1,111337,1,111457
5,111337,1,111457
3,111457,1,111577
0,111577,0
2,111577,0
4,111577,0
6,111577,0
1,111937,0
3,112297,0
0,112657,0
3,113017,0
2,113257,0
5,113497,0
4,113857,0
3,114217,0
2,114577,0
1,114817,0
3,114937,0
2,115057,0
4,115177,0
3,115297,0
6,115417,0
5,115777,0
4,116137,0
3,116497,0
2,116857,0
4,117097,0
0,117337,0
1,117697,0
2,118057,0
3,118417,0
5,118657,0
3,118777,0
4,118897,0
2,119017,0
3,119137,0
0,119257,0
1,119617,0
2,119977,0
0,120337,0
3,120697,0
2,120937,0
5,121177,0
4,121537,0
3,121897,0
2,122257,0
1,122497,0
3,122617,0
2,122737,0
4,122857,0
3,122977,0
6,123097,0
5,123457,0
4,123817,0
3,124177,0
2,124537,0
4,124777,0
0,125017,0
1,125377,0
2,125737,0
3,126097,0
3,126337,0
0,126457,1,126817
2,126457,1,126817
4,126457,1,126817
6,126457,1,126817
0,126937,1,128617
2,126937,0
4,126937,0
6,126937,1,128617
0,128857,0
1,128857,0
3,128917,0
0,128977,0
1,128977,0
5,129097,0
6,129097,0
3,129157,0
5,129217,0
6,129217,0
2,129337,0
4,129337,0
0,129457,0
1,129457,0
3,129517,0
5,129577,0
6,129577,0
2,129697,0
4,129697,0
0,129817,0
1,129817,0
3,129877,0
5,129937,0
6,129937,0
3,129997,0
0,130057,0
1,130057,0
4,130177,0
6,130177,0
3,130237,0
0,130297,0
2,130297,0
0,130417,0
2,130417,0
3,130477,0
4,130537,0
6,130537,0
3,130657,0
5,130657,0
0,130777,1,132457
2,130777,0
4,130777,0
6,130777,1,132457
5,132697,0
6,132697,0
3,132757,0
5,132817,0
6,132817,0
0,132937,0
1,132937,0
3,132997,0
0,133057,0
1,133057,0
2,133177,0
4,133177,0
5,133297,0
6,133297,0
3,133357,0
0,133417,0
1,133417,0
2,133537,0
4,133537,0
5,133657,0
6,133657,0
3,133717,0
0,133777,0
1,133777,0
3,133837,0
5,133897,0
6,133897,0
0,134017,0
2,134017,0
3,134077,0
4,134137,0
6,134137,0
4,134257,0
6,134257,0
3,134317,0
0,134377,0
2,134377,0
1,134497,0
3,134497,0
0,134617,1,136297
2,134617,0
4,134617,0
6,134617,1,136297
4,136537,0
6,136537,0
1,136597,0
4,136657,0
6,136657,0
0,136777,0
2,136777,0
5,136837,0
0,136897,0
2,136897,0
1,137017,0
5,137017,0
4,137137,0
6,137137,0
3,137197,0
0,137257,0
2,137257,0
1,137377,0
5,137377,0
4,137497,0
6,137497,0
1,137557,0
4,137617,0
6,137617,0
3,137677,0
0,137737,0
2,137737,0
5,137857,0
6,137857,0
3,137917,0
0,137977,0
1,137977,0
0,138097,0
1,138097,0
3,138157,0
5,138217,0
6,138217,0
2,138337,0
4,138337,0
0,138457,1,140137
1,138457,0
5,138457,0
6,138457,1,140137
0,140377,0
2,140377,0
5,140437,0
0,140497,0
2,140497,0
4,140617,0
6,140617,0
1,140677,0
4,140737,0
6,140737,0
1,140857,0
5,140857,0
0,140977,0
2,140977,0
3,141037,0
4,141097,0
6,141097,0
1,141217,0
5,141217,0
0,141337,0
2,141337,0
5,141397,0
0,141457,0
2,141457,0
3,141517,0
4,141577,0
6,141577,0
0,141697,0
1,141697,0
3,141757,0
5,141817,0
6,141817,0
5,141937,0
6,141937,0
3,141997,0
0,142057,0
1,142057,0
2,142177,0
4,142177,0
0,142297,1,142417
1,142297,0
3,142297,1,142537
6,142297,1,142537
5,142537,0
0,142657,1,143017
2,142657,1,143017
3,142657,0
4,142777,1,143017
6,142777,1,143017
3,143017,0
0,143257,1,143497
3,143257,1,143497
5,143257,0
6,143257,1,143377
1,143497,0
3,143617,0
4,143617,1,143977
6,143617,1,143977
0,143737,1,143977
2,143737,1,143977
3,143977,0
0,144217,0
1,144217,1,144337
3,144217,1,144457
5,144217,1,144457
4,144457,0
0,144577,1,144937
2,144577,1,144937
3,144577,0
4,144697,1,144937
6,144697,1,144937
3,144937,0
1,145177,1,145417
3,145177,1,145417
5,145177,1,145297
6,145177,0
2,145417,0
3,145537,0
4,145537,1,145897
6,145537,1,145897
0,145657,1,145897
2,145657,1,145897
3,145897,0
1,146137,0
4,146137,0
6,146137,0
4,146317,0
6,146317,0
0,146497,0
2,146497,0
1,146617,0
3,146617,0
5,146617,0
3,146797,0
5,146797,0
4,146977,0
6,146977,0
0,147097,0
2,147097,0
5,147097,0
0,147277,0
2,147277,0
4,147457,0
6,147457,0
1,147577,0
3,147577,0
5,147577,0
1,147757,0
3,147757,0
0,147937,0
2,147937,0
0,148057,0
2,148057,0
6,148057,0
4,148117,0
1,148177,0
5,148177,0
3,148237,0
0,148297,0
6,148297,0
4,148357,0
1,148417,0
2,148417,0
3,148477,0
0,148537,0
5,148537,0
2,148597,0
4,148657,0
6,148657,0
0,148717,0
3,148717,0
1,148777,0
5,148777,0
2,148837,0
4,148897,0
6,148897,0
3,148957,0
0,149017,1,149737
1,149017,0
2,149017,1,149497
5,149017,0
6,149497,1,149857
4,149617,1,149857
2,149737,1,149857
0,149857,0
0,149977,0
3,149977,0
4,149977,0
6,149977,0
1,150037,0
2,150097,0
3,150157,0
1,150217,0
5,150217,0
6,150217,0
4,150277,0
3,150337,0
2,150397,0
0,150457,0
5,150457,0
6,150457,0
3,150517,0
4,150577,0
5,150637,0
0,150697,0
3,150697,0
6,150697,0
1,150757,0
2,150817,0
4,150817,0
3,150877,0
1,150937,0
6,150937,0
5,150997,0
0,151057,0
2,151057,0
3,151117,0
4,151177,0
6,151177,0
2,151237,0
1,151297,0
5,151297,0
3,151357,0
0,151417,0
2,151417,0
4,151477,0
1,151537,0
6,151537,0
3,151597,0
2,151657,0
4,151657,0
5,151717,0
0,151777,0
3,151777,0
1,151837,0
2,151897,0
5,151897,0
6,151897,0
4,151957,0
0,152017,0
3,152017,0
2,152077,0
1,152137,0
5,152137,0
6,152137,0
3,152197,0
4,152257,0
5,152317,0
0,152377,0
2,152377,0
6,152377,0
3,152437,0
4,152497,0
5,152557,0
0,152617,0
1,152617,0
6,152617,0
2,152677,0
4,152737,0
5,152737,0
3,152797,0
1,152857,0
6,152857,0
2,152917,0
0,152977,0
4,152977,0
3,153037,0
2,153097,0
6,153097,0
5,153157,0
1,153217,0
3,153217,0
4,153277,0
0,153337,0
5,153337,0
6,153337,0
1,153397,0
3,153457,0
4,153517,0
0,153577,0
1,153577,0
6,153577,0
5,153637,0
3,153697,0
2,153757,0
0,153817,0
4,153817,0
5,153817,0
1,153877,0
2,153937,0
3,153997,0
0,154057,0
5,154057,0
6,154057,0
4,154117,0
3,154177,0
2,154237,0
1,154297,0
5,154297,0
6,154297,0
3,154357,0
4,154417,0
5,154477,0
0,154537,0
3,154537,0
6,154537,0
4,154597,0
1,154657,0
2,154657,0
3,154717,0
0,154777,0
5,154777,0
1,154837,0
4,154897,0
6,154897,0
3,154957,0
0,155017,0
2,155017,0
4,155077,0
1,155137,0
5,155137,0
3,155197,0
4,155257,0
6,155257,0
2,155317,0
0,155377,0
5,155377,0
3,155437,0
2,155497,0
4,155497,0
1,155557,0
3,155617,0
6,155617,0
5,155677,0
0,155737,0
1,155737,0
4,155737,0
2,155797,0
3,155857,0
6,155857,0
4,155917,0
0,155977,0
1,155977,0
5,155977,0
3,156037,0
2,156097,0
1,156157,0
0,156217,0
5,156217,0
6,156217,0
2,156277,0
4,156337,0
5,156397,0
0,156457,0
3,156457,0
6,156457,0
4,156517,0
1,156577,0
2,156577,0
3,156637,0
0,156697,0
5,156697,0
4,156757,0
2,156817,0
6,156817,0
3,156877,0
0,156937,0
4,156937,0
1,156997,0
3,157057,0
5,157057,0
2,157117,0
0,157177,0
1,157177,0
6,157177,0
5,157237,0
2,157297,0
4,157297,0
3,157357,0
0,157417,0
5,157417,0
6,157417,0
1,157477,0
2,157537,0
4,157537,0
3,157597,0
0,157657,0
1,157657,0
6,157657,0
5,157717,0
4,157777,0
3,157837,0
0,157897,0
1,157897,0
5,157897,0
2,157957,0
3,158017,0
4,158077,0
0,158137,0
1,158137,0
6,158137,0
3,158197,0
2,158257,0
1,158317,0
0,158377,0
3,158377,0
6,158377,0
4,158437,0
1,158497,0
5,158497,0
3,158557,0
0,158617,0
4,158617,0
2,158677,0
1,158737,0
5,158737,0
4,158797,0
2,158857,0
6,158857,0
3,158917,0
1,158977,0
5,158977,0
2,159037,0
0,159097,0
4,159097,0
1,159157,0
3,159217,0
5,159217,0
4,159277,0
2,159337,0
6,159337,0
5,159397,0
1,159457,0
3,159457,0
2,159517,0
0,159577,0
4,159577,0
6,159577,0
3,159637,0
2,159697,0
5,159697,0
1,159757,0
0,159817,0
3,159817,0
6,159817,0
4,159877,0
5,159937,0
6,159997,0
0,160057,0
1,160057,0
4,160057,0
3,160117,0
2,160177,0
1,160237,0
0,160297,0
5,160297,0
6,160297,0
4,160357,0
2,160417,0
3,160417,0
5,160477,0
0,160537,0
6,160537,0
3,160597,0
1,160657,0
5,160657,0
4,160717,0
0,160777,0
2,160777,0
3,160837,0
4,160897,0
6,160897,0
2,160957,0
0,161017,0
5,161017,0
6,161017,0
4,161077,0
3,161137,0
1,161197,0
0,161257,0
5,161257,0
6,161257,0
2,161317,0
3,161377,0
4,161437,0
0,161497,0
2,161497,0
6,161497,0
5,161557,0
4,161617,0
3,161677,0
0,161737,0
1,161737,0
5,161737,0
2,161797,0
3,161857,0
4,161917,0
0,161977,0
1,161977,0
6,161977,0
3,162037,0
2,162097,0
1,162157,0
0,162217,0
4,162217,0
6,162217,0
3,162277,0
1,162337,0
5,162337,0
0,162397,0
2,162457,0
6,162457,0
4,162517,0
1,162577,0
5,162577,0
2,162637,0
0,162697,0
4,162697,0
3,162757,0
1,162817,0
5,162817,0
4,162877,0
2,162937,0
6,162937,0
5,162997,0
1,163057,0
3,163057,0
2,163117,0
0,163177,0
4,163177,0
1,163237,0
3,163297,0
5,163297,0
4,163357,0
0,163417,0
2,163417,0
6,163417,0
3,163477,0
1,163537,0
4,163537,0
5,163597,0
0,163657,0
2,163657,0
6,163657,0
4,163717,0
3,163777,0
2,163837,0
1,163897,0
5,163897,0
6,163897,0
3,163957,0
4,164017,0
5,164077,0
0,164137,0
1,164137,0
6,164137,0
2,164197,0
4,164257,0
5,164257,0
3,164317,0
0,164377,0
2,164377,0
6,164377,0
0,164557,0
2,164557,0
6,164557,0
1,164737,0
5,164737,0
0,164857,0
3,164857,0
6,164857,0
0,165037,0
3,165037,0
6,165037,0
1,165217,0
5,165217,0
0,165337,1,165457
2,165337,1,165457
4,165337,1,165697
6,165337,1,165457
1,165457,1,165577
0,165577,1,165697
2,165577,1,165697
5,165577,1,165697
6,165577,1,165697
3,165697,1,165817
0,165817,1,165937
1,165817,1,165937
4,165817,1,165937
5,165817,1,166177
2,165937,1,166057
0,166057,1,166177
3,166057,1,166177
4,166057,1,166177
6,166057,1,166177
1,166177,1,166297
0,166297,1,166417
4,166297,1,166537
6,166297,1,166417
2,166417,1,166657
5,166417,1,166537
1,166537,1,166657
6,166537,1,166657
0,166657,1,166777
4,166657,1,166777
2,166777,1,167017
3,166777,1,166897
6,166777,1,166897
1,166897,1,167137
5,166897,1,167017
0,167017,1,167257
4,167017,1,167137
3,167137,1,167257
1,167257,1,167377
2,167257,1,167377
4,167257,1,167617
6,167257,1,167377
3,167377,1,167497
0,167497,1,167617
1,167497,1,167617
5,167497,1,167617
6,167497,1,167617
2,167617,1,167737
0,167737,1,167857
1,167737,1,168097
4,167737,1,167857
6,167737,1,167857
3,167857,1,167977
0,167977,1,168097
2,167977,1,168097
5,167977,1,168097
6,167977,1,168097
4,168097,1,168217
0,168217,1,168337
1,168217,1,168457
6,168217,1,168337
3,168337,1,168457
5,168337,1,168577
0,168457,1,168697
2,168457,1,168577
6,168457,1,168577
4,168577,1,168697
1,168697,1,168817
3,168697,1,168817
6,168697,1,168817
4,168817,1,168997
1,168937,1,168997
3,168937,1,168997
5,168937,1,168997
1,169057,1,169117
3,169057,1,169117
5,169057,1,169117
0,169177,1,169297
2,169177,1,169537
4,169177,1,169297
6,169177,1,169297
5,169297,1,169417
0,169417,1,169537
1,169417,1,169537
4,169417,1,169537
6,169417,1,169537
3,169537,1,169657
0,169657,1,169777
2,169657,1,169777
5,169657,1,170017
6,169657,1,169777
4,169777,1,169897
0,169897,1,170017
1,169897,1,170017
2,169897,1,170017
6,169897,1,170017
3,170017,1,170137
0,170137,1,170257
2,170137,1,170377
6,170137,1,170257
1,170257,1,170377
4,170257,1,170497
0,170377,1,170497
5,170377,1,170497
2,170497,1,170617
6,170497,1,170617
0,170617,1,170737
3,170617,1,170737
4,170617,1,170857
1,170737,1,170857
5,170737,1,170977
2,170857,1,170977
6,170857,1,171097
3,170977,1,171097
0,171097,1,171217
2,171097,1,171457
4,171097,1,171217
5,171097,1,171217
3,171217,1,171337
0,171337,1,171457
1,171337,1,171457
5,171337,1,171457
6,171337,1,171457
4,171457,1,171577
0,171577,1,171697
2,171577,1,171697
5,171577,1,171937
6,171577,1,171697
3,171697,1,171817
0,171817,1,171937
1,171817,1,171937
4,171817,1,171937
6,171817,1,171937
2,171937,1,172057
0,172057,1,172177
5,172057,1,172297
6,172057,1,172177
1,172177,1,172417
3,172177,1,172297
0,172297,1,172417
4,172297,1,172417
6,172297,1,172537
2,172417,1,172537
0,172537,1,172657
3,172537,1,172657
5,172537,1,172657
2,172657,1,172837
1,172777,1,172837
4,172777,1,172837
6,172777,1,172837
1,172897,1,172957
4,172897,1,172957
6,172897,1,172957
0,173017,1,173137
2,173017,1,173377
3,173017,1,173137
5,173017,1,173137
4,173137,1,173377
0,173257,1,173377
1,173257,1,173377
3,173257,1,173377
6,173257,1,173377
5,173377,1,173497
0,173497,1,173617
2,173497,1,173617
4,173497,1,173857
6,173497,1,173617
3,173617,1,173857
0,173737,1,173857
1,173737,1,173857
5,173737,1,173857
6,173737,1,173857
2,173857,1,173977
0,173977,1,174097
4,173977,1,174097
6,173977,1,174217
1,174097,1,174337
3,174097,1,174217
2,174217,1,174337
5,174217,1,174457
0,174337,1,174577
4,174337,1,174457
1,174457,1,174577
2,174457,1,174577
6,174457,1,174697
3,174577,1,174817
4,174577,1,174697
0,174697,1,174817
5,174697,1,174937
2,174817,1,174937
0,174937,1,175057
1,174937,1,175057
4,174937,1,175297
6,174937,1,175057
3,175057,1,175297
0,175177,1,175297
1,175177,1,175297
5,175177,1,175297
6,175177,1,175297
2,175297,1,175417
0,175417,1,175537
1,175417,1,175777
4,175417,1,175537
6,175417,1,175537
2,175537,1,175777
0,175657,1,175777
3,175657,1,175777
5,175657,1,175777
6,175657,1,175777
4,175777,1,175897
0,175897,1,176017
2,175897,1,176017
3,175897,1,176137
5,176017,1,176257
6,176017,1,176137
0,176137,1,176377
2,176137,1,176257
4,176137,1,176257
3,176257,1,176497
1,176377,1,176497
4,176377,1,176497
6,176377,1,176617
2,176497,1,176677
0,176617,1,176677
3,176617,1,176677
5,176617,1,176677
0,176737,1,176797
3,176737,1,176797
5,176737,1,176797
1,176857,1,176977
2,176857,1,176977
4,176857,1,176977
6,176857,1,177217
3,176977,1,177217
0,177097,1,177217
1,177097,1,177217
2,177097,1,177217
5,177097,1,177217
4,177217,1,177337
0,177337,1,177697
1,177337,1,177457
3,177337,1,177457
6,177337,1,177457
4,177457,1,177697
1,177577,1,177697
2,177577,1,177697
5,177577,1,177697
6,177577,1,177697
3,177697,1,177817
0,177817,1,177937
2,177817,1,178057
6,177817,1,177937
3,177937,1,178057
5,177937,1,178177
1,178057,1,178297
4,178057,1,178177
2,178177,1,178297
6,178177,1,178417
0,178297,1,178417
4,178297,1,178417
5,178297,1,178537
2,178417,1,178537
3,178417,1,178657
1,178537,1,178777
6,178537,1,178657
4,178657,1,178897
0,178777,1,178897
2,178777,1,179017
5,178777,1,178897
6,178777,1,178897
3,178897,1,179137
0,179017,1,179137
1,179017,1,179137
4,179017,1,179257
6,179017,1,179137
5,179137,1,179377
0,179257,1,179677
2,179257,1,179377
3,179257,1,179557
6,179257,1,179377
1,179377,1,179677
2,179497,1,179677
4,179497,1,179557
5,179497,1,179557
6,179497,1,179557
4,179617,1,179677
5,179617,1,179677
6,179617,1,179677
0,179737,0
1,179737,0
2,179737,0
0,179917,0
3,179917,0
6,179917,0
2,180097,0
4,180097,0
0,180217,0
3,180217,0
6,180217,0
4,180397,0
5,180397,0
6,180397,0
1,180577,0
5,180577,0
0,180697,0
2,180697,0
4,180697,0
6,180697,0
3,180937,0
4,181177,0
5,181417,0
3,181537,0
6,181777,0
3,181897,0
5,182017,0
2,182137,0
4,182257,0
1,182377,0
3,182497,0
0,182617,0
2,182857,0
0,182977,0
3,183097,0
2,183337,0
4,183457,0
3,183697,0
4,183817,0
6,183937,0
2,184057,0
4,184297,0
6,184537,0
5,184777,0
4,185017,0
3,185257,0
5,185377,0
0,185617,0
3,185737,0
1,185857,0
4,185977,0
2,186097,0
5,186217,0
3,186337,0
6,186457,0
4,186697,0
3,186937,0
4,187177,0
2,187297,0
3,187537,0
2,187657,0
0,187777,0
3,187897,0
1,188017,0
3,188137,0
5,188257,0
0,188377,0
1,188617,0
2,188857,0
4,189097,0
2,189217,0
1,189457,0
3,189577,0
2,189697,0
4,189817,0
3,189937,0
6,190057,0
4,190177,0
5,190297,0
4,190537,0
3,190777,0
2,191017,0
4,191137,0
3,191377,0
1,191497,0
3,191617,0
0,191737,0
1,191977,0
6,192217,0
5,192457,0
4,192697,0
2,192937,0
4,193057,0
5,193297,0
3,193417,0
4,193537,0
2,193657,0
3,193777,0
0,193897,0
2,194017,0
1,194137,0
2,194377,0
3,194617,0
4,194857,0
2,194977,0
6,195097,0
5,195277,0
1,195457,0
4,195577,0
3,195757,0
0,195937,0
