1,2331,1,2913
3,2349,0
0,2913,1,3059
1,3059,1,3204
2,3204,1,3350
3,3350,1,3496
2,3496,1,3932
0,3514,0
1,3932,1,4369
0,4369,1,4661
2,4661,1,5097
3,4679,0
3,5097,1,5826
0,5826,0
1,5844,0
3,6408,1,6554
2,6554,1,6699
1,6699,1,6845
0,6845,1,6991
2,6991,1,7573
3,7009,0
0,7573,1,7719
1,7719,1,7864
2,7864,1,8010
3,8010,1,8156
1,8156,1,8593
2,8174,0
0,8593,1,9030
1,9030,1,9321
2,9321,1,9612
3,9339,0
3,9612,1,9685
3,9758,1,10486
1,10486,0
0,10504,0
0,11068,1,11214
1,11214,1,11360
2,11360,1,11505
3,11505,1,11651
1,11651,0
0,11651,0
2,11651,1,11942
0,11797,1,11942
0,12088,1,12233
1,12233,1,12379
0,12379,1,12525
2,12379,1,12525
3,12525,1,12670
1,12670,1,12816
2,12816,1,13107
0,12962,1,13107
0,13253,1,13398
1,13253,1,13544
0,13544,1,13690
3,13690,1,13981
0,13835,1,13981
1,13981,0
2,13981,1,14272
1,14199,0
0,14272,0
1,14418,0
0,14564,0
1,14636,0
0,14855,0
2,14855,1,15000
1,15000,0
3,15000,1,15146
0,15146,0
1,15364,0
0,15437,0
1,15583,0
0,15729,0
2,15729,1,15874
1,15801,0
0,16020,0
1,16020,0
1,16165,0
2,16165,0
3,16311,0
2,16311,0
0,16311,0
1,16384,0
2,16457,0
3,16457,0
1,16530,0
0,16530,0
2,16602,0
3,16602,0
1,16675,0
0,16675,0
2,16748,0
3,16748,0
1,16821,0
0,16821,0
2,16894,0
3,16894,0
1,16966,0
0,16966,0
2,17039,0
3,17039,0
1,17112,0
0,17112,0
3,17185,0
2,17221,0
1,17258,0
0,17294,0
3,17330,0
0,17476,0
1,17476,0
3,17476,0
2,17549,0
0,17622,0
1,17622,0
2,17695,0
3,17695,0
0,17767,0
1,17804,0
3,17840,0
0,17913,0
2,17949,0
3,17986,0
0,18059,0
1,18059,0
2,18131,0
3,18131,0
1,18204,0
0,18204,0
2,18277,0
3,18277,0
0,18350,0
1,18386,0
3,18423,0
2,18459,0
1,18496,0
0,18641,0
2,18641,0
3,18641,0
1,18714,0
2,18787,0
3,18787,0
1,18860,0
0,18860,0
2,18932,0
3,18932,0
1,19005,0
0,19005,0
2,19078,0
3,19078,0
1,19151,0
0,19224,0
2,19224,0
3,19224,0
1,19297,0
3,19369,0
2,19406,0
0,19442,0
1,19479,0
3,19515,0
2,19515,0
0,19588,0
3,19661,0
2,19697,0
0,19733,0
1,19770,0
2,19806,0
3,19806,1,19843
0,19843,1,19879
1,19879,1,19952
2,19952,1,20025
0,20025,1,20097
3,20097,0
1,20170,1,20243
2,20243,1,20316
3,20316,1,20389
0,20389,1,20437
1,20437,1,20486
2,20486,1,20534
0,20534,1,20583
1,20583,1,20631
3,20631,1,20680
0,20680,1,20729
2,20729,1,20777
3,20777,1,20826
1,20826,1,20874
2,20874,1,20923
3,20923,1,20971
1,20971,0
0,20971,0
2,21117,0
1,21190,0
2,21263,0
3,21263,0
0,21408,0
2,21481,0
1,21554,0
0,21554,0
3,21699,0
0,21772,0
2,21845,0
3,21845,0
1,21991,0
3,22064,0
1,22136,0
0,22136,0
2,22282,0
1,22355,0
2,22428,0
3,22428,0
0,22573,0
2,22646,0
1,22719,0
0,22719,0
3,22864,0
1,22937,0
2,23010,0
3,23010,0
0,23156,0
3,23229,0
0,23301,0
1,23301,1,23374
2,23374,1,23447
3,23447,1,23520
1,23520,1,23593
2,23593,1,23665
0,23593,0
3,23665,1,23738
0,23738,1,23811
1,23811,1,23884
2,23884,0
3,23884,1,23957
0,23957,1,24030
2,24030,1,24102
3,24102,1,24175
0,24175,1,24248
1,24175,0
2,24248,1,24321
1,24321,1,24394
3,24394,1,24466
1,24466,0
0,24466,0
2,24612,0
0,24685,0
2,24758,0
3,24758,0
1,24903,0
2,24976,0
1,25049,0
0,25049,0
3,25195,0
1,25267,0
2,25340,0
3,25340,0
0,25486,0
3,25559,0
1,25631,0
0,25631,0
2,25777,0
1,25850,0
2,25923,0
0,25923,0
3,26068,0
2,26141,0
1,26214,0
3,26214,0
0,26360,0
1,26432,0
2,26505,0
0,26505,0
1,26651,0
2,26724,0
1,26797,0
3,26797,0
0,26942,0
2,27015,0
1,27088,0
0,27088,0
2,27233,0
1,27306,0
0,27379,0
2,27379,0
3,27525,0
1,27597,0
2,27670,0
3,27670,0
1,27816,0
2,27889,0
3,27962,1,28107
0,27962,1,28034
1,28034,1,28107
2,28107,1,28253
0,28107,1,28180
0,28253,1,28398
3,28253,1,28326
1,28398,1,28544
3,28398,1,28471
2,28471,1,28544
3,28544,1,28690
0,28544,0
0,28690,1,28763
2,28690,1,28835
1,28763,1,28835
3,28835,1,28908
0,28835,1,28981
2,28908,1,28981
1,28981,1,29054
3,28981,1,29127
0,29054,1,29127
2,29127,0
1,29127,0
2,29272,0
3,29345,0
1,29418,0
2,29491,0
0,29564,0
1,29636,0
2,29709,0
3,29709,0
1,29855,0
0,29855,0
3,30000,1,30219
2,30073,1,30219
1,30146,1,30219
1,30292,0
0,30292,0
3,30292,0
2,30437,0
1,30510,0
2,30583,0
3,30583,0
0,30729,0
2,30801,0
1,30874,0
0,30874,0
3,31020,0
0,31093,0
2,31165,0
3,31165,0
1,31311,0
3,31384,0
1,31457,0
0,31457,0
2,31602,0
1,31675,0
2,31748,0
3,31748,0
0,31894,0
2,31966,0
1,32039,0
0,32039,0
3,32185,0
1,32258,0
2,32330,0
3,32330,0
0,32476,0
3,32549,0
0,32622,0
1,32622,1,32695
2,32695,1,32767
3,32767,1,32840
1,32840,1,32913
2,32913,1,32986
0,32913,0
3,32986,1,33059
0,33059,1,33131
1,33131,1,33204
2,33204,0
3,33204,1,33277
0,33277,1,33350
2,33350,1,33423
3,33423,1,33496
0,33496,1,33568
1,33496,0
2,33568,1,33641
1,33641,1,33714
3,33714,1,33787
1,33787,0
0,33787,0
2,33932,0
0,34005,0
2,34078,0
3,34078,0
1,34224,0
2,34297,0
1,34369,0
0,34369,0
3,34515,0
1,34588,0
2,34661,0
3,34661,0
0,34806,0
3,34879,0
1,34952,0
0,34952,0
2,35097,0
1,35170,0
2,35243,0
0,35243,0
3,35389,0
2,35462,0
1,35534,0
3,35534,0
0,35680,0
1,35753,0
2,35826,0
0,35826,0
1,35971,0
2,36044,0
1,36117,0
3,36117,0
0,36263,0
2,36335,0
1,36408,0
0,36408,0
2,36554,0
1,36627,0
0,36699,0
2,36699,0
3,36845,0
1,36918,0
2,36991,0
3,36991,0
1,37136,0
2,37209,0
1,37282,0
0,37282,0
3,37282,0
2,37428,0
3,37573,0
2,37719,0
0,37864,0
1,37937,0
0,38010,0
1,38083,0
3,38156,0
2,38192,0
0,38229,0
1,38265,0
2,38301,0
1,38447,0
0,38447,0
3,38447,0
2,38593,0
0,38593,0
2,38738,0
3,38811,0
1,38884,0
2,38957,0
0,39030,0
3,39030,0
1,39175,0
2,39175,0
0,39321,1,39539
1,39394,1,39539
2,39466,1,39539
3,39612,1,39685
1,39758,1,39830
0,39903,0
3,39903,0
2,39903,1,39976
1,39976,0
2,40049,0
1,40122,0
0,40195,1,40267
3,40195,0
2,40267,0
0,40340,1,40413
2,40413,0
1,40486,1,40559
3,40486,0
0,40559,0
2,40631,0
1,40704,0
3,40777,1,40850
0,40777,0
1,40850,0
3,40923,1,40996
1,40996,0
2,41068,1,41141
0,41068,0
3,41141,0
1,41214,1,41287
2,41287,0
0,41360,1,41432
3,41360,0
2,41432,0
0,41505,1,41578
2,41578,0
1,41651,1,41724
3,41651,0
0,41724,0
2,41797,0
1,41869,0
3,41942,1,42088
0,41942,1,42015
2,42015,1,42088
1,42088,1,42233
0,42161,1,42233
2,42233,1,42379
3,42233,1,42306
1,42306,1,42379
0,42379,1,42525
3,42452,1,42525
2,42525,1,42670
1,42525,1,42597
3,42597,1,42670
0,42670,1,42816
1,42743,1,42816
2,42816,1,42962
3,42816,1,42889
1,42889,1,42962
0,42962,1,43107
3,43034,1,43107
2,43107,1,43253
1,43107,1,43180
3,43180,1,43253
0,43253,1,43398
1,43326,1,43398
3,43398,1,43544
2,43398,1,43471
0,43471,1,43544
1,43544,1,43690
2,43617,1,43690
0,43690,1,43835
3,43690,1,43763
1,43763,1,43835
2,43835,1,43981
3,43908,1,43981
0,43981,1,44127
1,43981,1,44054
3,44054,1,44127
2,44127,1,44272
1,44199,1,44272
3,44272,0
0,44272,1,44345
2,44345,0
0,44418,1,44491
2,44491,0
0,44564,0
3,44564,1,44636
1,44636,0
3,44709,1,44782
1,44782,0
3,44855,0
0,44855,1,44928
2,44928,1,45000
1,45000,0
3,45073,1,45146
1,45146,1,45219
0,45146,1,45219
2,45219,0
3,45292,0
0,45364,0
2,45437,0
1,45437,1,45510
3,45510,0
1,45583,1,45656
3,45656,0
1,45729,0
2,45729,1,45801
0,45801,0
2,45874,1,45947
0,45947,0
2,46020,0
1,46020,1,46093
3,46093,1,46165
0,46165,0
2,46238,1,46311
1,46311,1,46384
0,46311,1,46384
3,46384,0
2,46457,0
1,46530,0
3,46602,1,46748
0,46602,1,46675
2,46675,1,46748
1,46748,1,46894
0,46821,1,46894
2,46894,1,47039
3,46894,1,46966
1,46966,1,47039
0,47039,1,47185
3,47112,1,47185
2,47185,1,47330
1,47185,1,47258
3,47258,1,47330
0,47330,1,47476
1,47403,1,47476
2,47476,1,47622
3,47476,1,47549
1,47549,1,47622
0,47622,1,47767
3,47695,1,47767
2,47767,1,47913
1,47767,1,47840
0,47913,1,48059
1,47913,1,47986
2,48059,1,48131
3,48059,1,48204
2,48204,1,48277
1,48204,1,48350
3,48350,1,48423
0,48423,1,48496
3,48496,1,48568
0,48568,1,48641
2,48641,1,48860
3,48641,1,48860
1,48787,1,48860
0,48787,1,48860
3,48932,0
0,48932,1,49005
1,48932,0
2,49005,0
0,49078,1,49151
2,49151,0
3,49224,0
1,49224,1,49297
0,49297,0
2,49369,0
1,49442,0
0,49515,0
3,49515,1,49588
1,49588,0
3,49661,1,49733
1,49733,0
0,49806,0
2,49806,1,49879
3,49879,0
1,49952,0
2,50025,0
3,50097,0
0,50097,1,50170
2,50170,0
0,50243,1,50316
2,50316,0
3,50389,0
1,50389,1,50462
0,50462,0
2,50534,1,50607
1,50607,0
0,50680,0
3,50680,1,50753
1,50753,0
3,50826,1,50898
1,50898,0
0,50971,0
2,50971,1,51044
3,51044,0
1,51117,0
2,51190,0
1,51263,0
3,51263,1,51408
0,51263,1,51335
2,51335,1,51408
1,51408,1,51554
0,51481,1,51554
2,51554,1,51699
3,51554,1,51627
1,51627,1,51699
0,51699,1,51845
3,51772,1,51845
2,51845,1,51991
1,51845,1,51918
3,51918,1,51991
0,51991,1,52136
1,52064,1,52136
2,52136,1,52282
3,52136,1,52209
1,52209,1,52282
0,52282,1,52428
3,52355,1,52428
2,52428,1,52573
1,52428,1,52500
3,52500,1,52573
0,52573,1,52719
1,52646,1,52719
3,52719,1,52864
2,52719,1,52792
0,52792,1,52864
1,52864,1,53010
2,52937,1,53010
0,53010,1,53156
3,53010,1,53083
1,53083,1,53156
2,53156,1,53301
3,53229,1,53301
0,53301,1,53447
1,53301,1,53374
3,53374,1,53447
2,53447,1,53520
1,53520,1,53593
0,53593,0
2,53593,0
3,53593,0
1,53665,0
2,53738,0
3,53738,0
1,53811,0
0,53884,0
3,53884,0
2,53957,0
1,54030,0
0,54030,0
2,54102,0
3,54175,0
0,54175,0
1,54248,0
2,54321,0
3,54321,0
1,54394,0
0,54466,0
3,54466,0
2,54539,0
1,54612,0
0,54612,0
2,54685,0
3,54758,0
1,54758,0
0,54758,0
2,54830,0
3,54903,0
0,54903,0
1,54976,0
2,55049,0
3,55049,0
0,55122,0
2,55195,0
3,55195,0
1,55267,0
0,55340,0
3,55340,0
2,55413,0
1,55486,0
0,55486,0
3,55559,0
1,55631,0
0,55631,0
2,55704,0
3,55777,0
0,55777,0
1,55850,0
2,55923,0
3,55923,0
0,55996,0
1,55996,0
2,56068,0
3,56068,0
1,56141,0
0,56141,0
2,56214,0
3,56214,0
1,56287,0
0,56287,0
2,56360,0
3,56360,0
1,56432,0
0,56505,0
2,56505,0
3,56505,0
1,56651,0
0,56687,0
2,56724,0
3,56760,0
1,56797,0
0,56797,0
2,56942,0
3,56979,0
1,57015,0
2,57088,0
3,57088,0
0,57088,0
1,57161,0
2,57233,0
1,57306,0
0,57306,0
3,57306,0
2,57379,0
1,57452,0
0,57525,0
2,57525,0
3,57525,0
1,57597,0
2,57670,0
1,57743,0
0,57743,0
3,57743,0
2,57816,0
1,57889,0
0,57962,0
2,57962,0
3,57962,0
1,58034,0
0,58107,0
3,58107,0
2,58180,0
0,58253,0
3,58253,1,58326
1,58253,0
2,58326,1,58398
0,58398,1,58471
1,58471,1,58544
2,58544,0
3,58544,1,58690
0,58617,0
2,58690,1,58763
1,58763,1,58835
0,58835,0
3,58835,0
2,58908,1,58981
1,58981,1,59054
0,59054,0
3,59127,1,59272
2,59127,0
0,59199,0
1,59272,1,59345
2,59345,1,59418
3,59418,0
0,59418,1,59491
1,59491,1,59564
3,59564,1,59636
2,59636,1,59709
1,59709,0
0,59709,1,59855
3,59782,0
1,59855,1,59928
2,59928,1,60000
3,60000,0
0,60000,0
1,60073,1,60146
2,60146,1,60219
3,60219,0
0,60292,1,60437
1,60292,0
3,60364,0
2,60437,1,60510
1,60510,1,60583
3,60583,1,60656
0,60583,0
2,60656,1,60729
1,60729,1,60801
0,60801,1,60874
3,60874,1,61020
2,60874,0
1,60947,0
2,61020,1,61093
0,61093,1,61165
3,61165,0
1,61165,0
2,61238,1,61311
0,61311,1,61384
1,61384,0
2,61457,0
3,61457,1,61602
1,61530,0
0,61602,1,61675
2,61675,1,61748
1,61748,1,61821
3,61748,0
0,61821,1,61894
2,61894,1,61966
3,61966,1,62039
0,62039,1,62185
1,62039,0
2,62112,0
1,62185,1,62258
3,62258,1,62330
0,62330,0
2,62330,0
1,62403,1,62476
3,62476,1,62549
2,62549,0
1,62622,0
0,62622,1,62767
2,62695,0
3,62767,1,62840
1,62840,1,62913
0,62913,0
2,62913,1,62986
3,62986,1,63059
0,63059,1,63131
1,63131,1,63204
3,63204,0
2,63204,1,63350
0,63277,0
3,63350,1,63423
1,63423,1,63496
0,63496,0
2,63496,0
3,63568,1,63641
1,63641,1,63714
0,63714,0
2,63787,1,63932
3,63787,0
0,63860,0
1,63932,1,64005
3,64005,1,64078
2,64078,0
0,64078,1,64151
1,64151,1,64224
2,64224,1,64297
3,64297,1,64369
1,64369,0
0,64369,1,64515
2,64442,0
1,64515,1,64588
3,64588,1,64661
2,64661,0
0,64661,0
1,64733,1,64806
3,64806,1,64879
2,64879,0
0,64952,1,65097
1,64952,0
2,65025,0
3,65097,1,65170
1,65170,1,65243
2,65243,1,65316
0,65243,0
3,65316,1,65389
1,65389,1,65462
0,65462,1,65534
2,65534,1,65680
3,65534,0
1,65607,0
3,65680,1,65753
0,65753,1,65826
2,65826,0
1,65826,0
3,65898,1,65971
0,65971,1,66044
1,66044,0
3,66117,0
2,66117,1,66263
1,66190,0
0,66263,1,66335
3,66335,1,66408
1,66408,1,66481
2,66408,0
0,66481,1,66554
3,66554,1,66627
2,66627,1,66699
0,66699,1,66845
1,66699,0
3,66772,0
1,66845,1,66918
2,66918,1,66991
0,66991,0
3,66991,0
1,67064,1,67136
2,67136,1,67209
0,67209,0
1,67282,0
3,67282,1,67428
2,67355,0
1,67428,1,67500
0,67428,0
2,67500,1,67573
3,67500,0
1,67573,0
0,67573,1,67646
3,67646,1,67719
1,67719,1,67792
2,67792,1,67864
3,67864,0
0,67864,1,68010
1,67937,0
2,68010,1,68083
3,68083,1,68156
0,68156,0
1,68156,0
2,68229,1,68301
3,68301,1,68374
1,68374,0
2,68447,1,68593
0,68447,0
3,68520,0
1,68593,1,68665
0,68665,1,68738
2,68738,0
3,68738,1,68811
1,68811,1,68884
2,68884,1,68957
0,68957,1,69030
1,69030,0
3,69030,1,69175
2,69102,0
0,69175,1,69248
1,69248,1,69321
3,69321,0
2,69321,0
0,69394,1,69466
1,69466,1,69539
2,69539,0
0,69612,1,69758
3,69612,0
1,69685,0
2,69758,1,69830
3,69830,1,69903
1,69903,1,69976
0,69903,0
2,69976,1,70049
0,70049,1,70122
3,70122,1,70195
1,70195,1,70340
2,70195,0
0,70267,0
3,70340,1,70413
2,70413,1,70486
1,70486,0
0,70486,0
3,70559,1,70631
2,70631,1,70704
0,70704,0
1,70777,0
3,70777,1,70923
2,70850,0
0,70923,1,70996
1,70996,1,71068
2,71068,0
3,71068,1,71141
0,71141,1,71214
2,71214,1,71287
1,71287,1,71360
0,71360,0
3,71360,1,71505
2,71432,0
1,71505,1,71578
0,71578,1,71651
3,71651,0
2,71651,0
1,71724,1,71797
0,71797,1,71869
2,71869,0
1,71942,1,72088
3,71942,0
0,72015,0
2,72088,1,72161
3,72161,1,72233
1,72233,0
0,72233,1,72306
2,72306,1,72379
1,72379,1,72452
3,72452,1,72525
2,72525,0
0,72525,1,72670
1,72597,0
3,72670,1,72743
2,72743,1,72816
0,72816,0
1,72816,0
3,72889,1,72962
2,72962,1,73034
1,73034,0
3,73107,1,73253
0,73107,0
2,73180,0
1,73253,1,73326
0,73326,1,73398
3,73398,0
2,73398,1,73471
1,73471,1,73544
3,73544,1,73617
0,73617,1,73690
1,73690,0
2,73690,1,73835
3,73763,0
0,73835,1,73908
1,73908,1,73981
2,73981,0
3,73981,0
0,74054,1,74127
1,74127,1,74199
3,74199,0
0,74272,1,74418
2,74272,0
1,74345,0
3,74418,1,74491
2,74491,1,74564
1,74564,1,74636
0,74564,0
3,74636,1,74709
0,74709,1,74782
2,74782,1,74855
1,74855,1,75000
3,74855,0
0,74928,0
2,75000,1,75073
3,75073,1,75146
1,75146,0
0,75146,0
2,75219,1,75292
3,75292,1,75364
0,75364,0
1,75437,0
2,75437,1,75583
3,75510,0
0,75583,1,75656
1,75656,1,75729
2,75729,1,75947
3,75729,0
1,75801,1,75947
0,75874,1,75947
3,75947,1,76020
0,76020,0
2,76093,0
0,76165,0
2,76238,0
0,76311,0
1,76311,1,76457
2,76384,1,76530
0,76457,1,76602
3,76457,1,76530
1,76530,1,76602
2,76602,1,76651
3,76651,1,76699
1,76699,1,76748
2,76748,1,76797
0,76797,1,76845
1,76845,1,76894
0,76894,0
2,76894,1,76966
3,76894,1,77039
1,76966,1,77039
2,77039,1,77112
0,77112,1,77185
1,77185,0
3,77185,1,77330
2,77258,0
0,77330,1,77403
1,77403,1,77476
3,77476,0
2,77476,0
0,77549,1,77622
1,77622,1,77695
2,77695,0
0,77767,1,77913
3,77767,0
1,77840,0
2,77913,1,77986
3,77986,1,78059
0,78059,0
1,78059,1,78131
2,78131,1,78204
0,78204,1,78277
3,78277,1,78350
2,78350,0
1,78350,1,78496
0,78423,0
3,78496,1,78568
2,78568,1,78641
1,78641,0
0,78641,0
3,78714,1,78787
2,78787,1,78860
0,78860,0
3,78932,1,79078
1,78932,0
2,79005,0
0,79078,1,79151
1,79151,1,79224
3,79224,1,79297
2,79224,1,79369
0,79297,1,79369
3,79369,1,79442
1,79442,1,79515
2,79515,1,79661
0,79515,0
3,79588,0
1,79661,1,79733
0,79733,1,79806
2,79806,0
3,79806,0
1,79879,1,79952
0,79952,1,80025
3,80025,0
2,80097,0
1,80097,1,80243
0,80170,0
3,80243,1,80316
2,80316,1,80389
0,80389,0
1,80389,1,80462
3,80462,1,80534
0,80534,1,80607
2,80607,1,80680
3,80680,0
1,80680,1,80826
0,80753,0
2,80826,1,80898
3,80898,1,80971
0,80971,1,81044
1,80971,1,81117
2,81044,1,81117
3,81117,1,81190
0,81190,0
2,81263,1,81408
1,81263,0
3,81335,0
0,81408,1,81481
1,81481,1,81554
2,81554,1,81627
3,81554,1,81699
0,81627,1,81699
2,81699,1,81772
1,81772,1,81845
0,81845,0
3,81845,1,81991
2,81918,0
1,81991,1,82064
0,82064,1,82136
3,82136,0
2,82136,0
1,82209,1,82282
3,82282,0
2,82355,1,82428
0,82428,1,82500
1,82428,0
3,82500,1,82573
2,82573,1,82646
1,82646,1,82719
3,82719,0
0,82719,1,82792
2,82792,1,82864
1,82864,1,82937
3,82937,1,83010
2,83010,0
0,83010,1,83156
1,83083,0
2,83156,1,83229
3,83229,1,83301
0,83301,1,83374
1,83301,1,83447
2,83374,1,83447
0,83447,0
1,83520,1,83593
3,83593,1,83665
2,83593,0
0,83665,1,83738
1,83738,1,83811
2,83811,1,83884
0,83884,1,83957
3,83884,1,84030
1,83957,1,84030
2,84030,1,84102
0,84102,1,84175
3,84175,1,84321
1,84175,0
2,84248,0
0,84321,1,84394
1,84394,1,84466
2,84466,0
3,84466,0
0,84539,1,84612
2,84612,1,84685
1,84685,1,84758
3,84758,1,84830
0,84758,0
2,84830,1,84903
1,84903,1,84976
0,84976,1,85049
3,85049,1,85122
2,85049,1,85267
1,85122,1,85267
0,85195,1,85267
3,85267,0
0,85340,0
1,85340,1,85559
2,85413,1,85559
3,85486,1,85559
0,85559,1,85631
3,85631,1,85704
2,85631,0
1,85704,1,85777
0,85704,0
3,85777,1,85850
2,85777,0
0,85850,1,85923
1,85850,0
2,85923,1,85996
3,85923,0
0,85996,1,86068
3,86068,0
2,86105,0
1,86141,0
2,86214,0
3,86214,0
0,86214,0
1,86287,0
2,86360,0
3,86432,0
0,86505,0
1,86505,0
2,86505,0
3,86578,0
1,86651,0
0,86724,0
3,86797,0
2,86797,0
1,86797,0
0,86869,0
2,86942,0
1,87015,0
3,87088,0
2,87088,0
0,87088,0
1,87161,0
3,87233,0
2,87306,0
3,87379,0
0,87379,0
1,87379,0
2,87452,0
1,87525,0
0,87597,0
3,87670,0
2,87670,0
1,87670,0
0,87743,0
2,87816,0
3,87889,0
0,87962,0
1,87962,0
2,87962,0
3,88034,0
1,88107,0
2,88180,0
3,88253,0
0,88253,0
1,88253,0
2,88326,0
0,88398,0
1,88471,0
3,88544,0
2,88544,0
0,88544,0
1,88617,0
2,88690,0
3,88763,0
2,88835,0
0,88835,0
1,88835,0
3,88908,0
1,88981,0
2,89054,0
3,89127,0
0,89127,0
1,89127,0
2,89199,0
0,89272,0
1,89345,0
3,89418,0
2,89418,0
0,89418,0
1,89491,0
2,89564,0
3,89636,0
0,89709,0
1,89709,0
2,89709,0
3,89782,0
1,89855,0
0,89928,0
3,90000,0
2,90000,0
1,90000,0
0,90073,0
2,90146,0
1,90219,0
3,90292,0
2,90292,0
0,90292,0
1,90364,0
3,90437,0
2,90510,0
0,90583,0
1,90583,0
3,90583,0
2,90656,0
1,90729,0
0,90801,0
3,90874,0
2,90874,0
1,90874,0
0,90947,0
2,91020,0
3,91020,0
0,91093,0
1,91093,0
3,91165,0
2,91165,0
0,91238,0
1,91238,0
2,91311,0
3,91311,0
0,91384,0
1,91384,0
3,91457,0
2,91457,0
0,91530,0
1,91530,0
3,91602,0
2,91602,0
0,91675,0
1,91675,0
3,91748,0
2,91748,0
0,91821,0
1,91894,0
3,91966,0
2,92039,0
0,92039,0
1,92039,0
3,92112,0
0,92185,0
1,92185,0
3,92258,0
2,92258,0
0,92330,0
1,92330,0
3,92403,0
2,92403,0
0,92476,0
1,92476,0
3,92549,0
2,92549,0
0,92622,0
1,92622,0
3,92695,0
2,92695,0
0,92767,0
1,92767,0
3,92840,0
2,92840,0
0,92913,0
1,92913,0
3,92986,0
2,93059,0
1,93131,0
3,93204,0
2,93204,0
0,93204,0
1,93277,0
2,93350,0
3,93350,0
0,93423,0
1,93423,0
2,93496,0
3,93496,0
0,93568,0
1,93568,0
3,93641,0
2,93641,0
1,93714,0
3,93787,0
2,93787,0
0,93787,0
1,93932,0
0,93969,0
2,94005,0
3,94042,0
0,94078,0
1,94078,0
2,94224,0
3,94260,0
1,94297,0
0,94369,0
3,94369,0
2,94369,0
1,94442,0
2,94515,0
0,94588,0
1,94588,0
3,94588,0
2,94661,0
1,94733,0
3,94806,0
2,94806,0
0,94806,0
1,94879,0
2,94952,0
0,95025,0
1,95025,0
3,95025,0
2,95097,0
1,95170,0
3,95243,0
2,95243,0
0,95243,0
1,95316,0
3,95389,0
0,95389,0
2,95462,0
1,95534,0
0,95534,1,95607
3,95534,1,95680
2,95607,1,95753
1,95680,1,95826
0,95753,1,95898
2,95826,1,95971
1,95971,1,96117
3,96044,1,96190
1,96190,1,96335
2,96263,1,96408
0,96335,1,96481
3,96408,1,96554
2,96554,1,96699
1,96627,1,96772
0,96699,1,96845
2,96772,1,96881
1,96845,1,96954
0,96918,1,97027
2,96991,1,97100
1,97136,1,97246
3,97209,1,97318
1,97355,1,97464
2,97428,1,97537
0,97500,1,97610
3,97573,1,97719
1,97573,1,97682
2,97719,1,97792
1,97792,1,97864
0,97864,1,97937
3,97864,1,98010
2,97937,1,98010
1,98010,1,98083
0,98083,1,98156
2,98156,1,98229
1,98301,1,98374
3,98374,1,98447
1,98520,1,98593
2,98593,1,98665
0,98665,1,98738
3,98738,1,98811
2,98884,1,98957
1,98957,1,99030
0,99030,1,99102
2,99102,1,99175
1,99175,1,99248
0,99248,1,99321
2,99321,1,99394
1,99466,1,99539
3,99539,1,99612
0,99612,1,99758
1,99685,1,99758
2,99758,1,99830
0,99830,1,99903
3,99903,1,99976
2,100049,1,100122
1,100122,1,100195
0,100195,1,100231
3,100195,1,100267
2,100267,1,100304
1,100340,1,100377
0,100413,1,100449
2,100486,1,100522
1,100631,1,100668
3,100704,1,100741
1,100850,1,100886
2,100923,1,100959
0,100996,1,101032
3,101068,1,101105
2,101214,1,101250
1,101287,1,101323
0,101360,1,101396
2,101432,1,101469
1,101505,1,101542
0,101578,1,101614
2,101651,1,101687
1,101797,1,101833
3,101869,1,101906
0,101942,1,102015
1,102015,1,102051
2,102088,1,102124
0,102161,1,102197
3,102233,1,102270
2,102379,1,102415
1,102452,1,102488
0,102525,1,102561
3,102525,1,102597
2,102597,1,102634
1,102670,1,102707
0,102743,1,102780
2,102816,1,102852
1,102962,1,102998
3,103034,1,103071
1,103180,1,103216
2,103253,1,103289
0,103326,1,103362
3,103398,1,103435
2,103544,1,103580
1,103617,1,103653
3,103690,1,103763
0,103690,0
2,103763,0
1,103835,0
0,103908,0
2,103981,0
1,104127,0
3,104199,0
0,104272,1,104345
1,104345,0
2,104418,0
0,104491,0
3,104564,0
2,104709,0
1,104782,0
0,104855,0
3,104855,0
0,105000,0
1,105073,0
2,105146,0
3,105146,0
1,105292,0
0,105364,0
2,105437,0
3,105437,0
0,105583,0
1,105656,0
2,105729,0
3,105729,0
1,105874,0
0,105947,0
2,106020,0
3,106020,0
0,106165,0
1,106238,0
2,106311,0
3,106311,0
1,106457,0
0,106530,0
2,106602,0
3,106602,0
0,106748,0
1,106821,0
2,106894,0
3,106894,0
1,107039,0
2,107112,0
3,107185,0
0,107185,0
3,107330,0
2,107403,0
1,107476,0
0,107476,0
2,107622,0
3,107695,0
1,107767,0
0,107767,0
3,107913,0
2,107986,0
1,108059,0
0,108059,0
2,108204,0
3,108277,0
1,108350,0
0,108350,0
3,108496,0
2,108568,0
1,108641,0
0,108641,0
2,108787,0
3,108860,0
1,108932,0
0,108932,0
3,109078,0
2,109151,0
1,109224,0
0,109224,0
2,109369,0
1,109442,0
0,109515,0
3,109515,0
3,109661,0
1,109661,0
3,109806,0
2,109806,0
0,109952,0
3,109952,0
1,110097,0
3,110097,0
1,110243,0
2,110243,0
1,110389,0
0,110389,0
1,110534,0
3,110534,0
1,110680,0
2,110680,0
2,110826,0
0,110826,0
2,110971,0
3,110971,0
2,111117,0
1,111117,0
2,111263,0
0,111263,0
0,111408,0
3,111408,0
1,111554,0
0,111554,0
0,111699,0
2,111699,0
2,111845,0
3,111845,0
1,111918,0
0,111918,0
2,111991,0
3,111991,0
0,112064,0
1,112064,0
3,112136,0
2,112136,0
1,112209,0
0,112209,0
2,112282,0
3,112282,0
0,112355,0
1,112355,0
3,112428,0
2,112428,0
1,112500,0
0,112500,0
2,112573,0
3,112573,0
0,112646,0
1,112646,0
3,112719,0
2,112719,0
1,112792,0
0,112792,0
2,112864,0
3,112864,0
0,112937,0
1,112937,0
2,113010,0
3,113010,0
0,113156,0
1,113192,0
2,113229,0
3,113265,0
0,113301,0
1,113350,0
2,113398,0
3,113447,0
0,113520,0
3,113593,0
0,113665,0
3,113738,0
0,113811,0
3,113884,0
0,113957,0
3,114030,0
0,114102,0
2,114175,0
1,114175,0
3,114175,1,114321
0,114248,0
2,114321,0
1,114394,0
0,114466,0
3,114466,0
2,114539,0
1,114612,0
3,114685,0
1,114758,0
0,114758,1,115049
2,114830,0
3,114903,0
2,114976,0
1,115049,0
3,115049,0
1,115122,0
2,115195,0
2,115267,0
1,115340,0
0,115340,1,115631
3,115413,0
2,115486,0
1,115559,0
2,115631,0
3,115631,1,115777
1,115704,0
0,115777,1,115923
2,115850,0
1,115923,0
3,115923,0
3,115996,0
0,116068,0
0,116141,0
2,116214,0
3,116214,1,116360
1,116287,0
0,116360,1,116505
1,116432,1,116505
3,116505,0
2,116505,1,116651
1,116578,0
0,116651,0
3,116724,0
0,116797,1,116869
1,116797,0
2,116869,0
0,116942,1,117015
2,117015,0
3,117088,1,117379
1,117088,0
0,117161,0
2,117233,0
1,117306,0
0,117379,0
2,117379,0
2,117452,0
1,117525,0
1,117597,0
3,117670,1,117816
2,117670,1,117743
0,117743,1,117816
1,117816,1,117962
2,117889,1,117962
0,117962,1,118107
3,117962,1,118034
1,118034,1,118107
2,118107,1,118180
3,118180,1,118253
1,118253,1,118326
0,118253,1,118289
2,118289,1,118362
3,118326,1,118398
0,118398,1,118471
1,118435,1,118508
2,118471,1,118544
0,118544,1,118617
3,118544,1,118690
2,118617,1,118690
1,118690,1,118763
0,118763,1,118835
2,118835,0
3,118835,1,118981
1,118908,0
0,118981,0
2,119054,0
0,119127,0
1,119127,1,119199
3,119199,0
1,119272,1,119345
3,119345,0
0,119418,0
2,119418,1,119709
1,119491,0
3,119564,0
1,119636,0
0,119709,0
3,119709,0
0,119782,0
3,119855,0
3,119928,0
0,120000,0
1,120000,1,120073
2,120073,1,120146
1,120146,1,120219
2,120219,1,120292
1,120292,0
0,120292,0
0,120364,0
3,120437,0
3,120510,0
1,120583,0
0,120583,0
1,120656,0
0,120656,0
3,120729,0
2,120729,0
3,120801,0
2,120801,0
1,120874,0
0,120874,0
2,120911,0
3,121020,0
1,121056,0
2,121165,0
0,121165,1,121457
3,121238,0
1,121311,0
2,121384,0
3,121457,1,121602
1,121457,0
2,121530,0
0,121602,1,121748
1,121675,0
3,121748,0
2,121748,0
2,121821,0
1,121894,0
1,121966,0
2,122039,0
3,122039,1,122185
0,122112,0
1,122185,1,122258
2,122258,1,122330
3,122330,0
0,122330,1,122549
1,122403,1,122549
2,122476,1,122549
3,122549,1,122622
0,122622,0
1,122622,1,122840
2,122695,1,122840
3,122767,1,122840
0,122840,1,122913
3,122913,0
2,122913,0
3,122986,0
2,122986,0
0,123059,0
1,123059,0
1,123131,0
0,123131,0
2,123204,1,123253
3,123253,1,123301
1,123301,1,123350
2,123350,1,123398
0,123398,1,123447
1,123447,1,123496
2,123496,0
3,123496,0
0,123496,1,123641
1,123568,0
2,123641,0
3,123714,0
1,123787,1,123860
0,123787,1,123860
3,123860,0
1,123932,0
2,124005,0
0,124078,0
3,124078,1,124369
1,124151,0
2,124224,0
0,124297,0
2,124369,1,124442
1,124369,0
1,124442,0
3,124515,0
3,124588,0
1,124661,0
0,124661,1,124952
2,124733,0
3,124806,0
1,124879,0
2,124952,1,125097
3,124952,1,125025
1,125025,0
0,125097,1,125243
3,125170,0
2,125243,0
1,125243,0
1,125316,0
3,125389,0
3,125462,0
1,125534,1,125607
0,125534,1,125680
3,125607,0
2,125680,1,125753
1,125753,1,125826
2,125826,0
0,125826,0
3,125826,1,125971
1,125898,0
2,125971,0
0,126044,0
2,126117,1,126190
3,126117,1,126190
1,126190,0
0,126263,0
2,126335,0
0,126408,1,126699
3,126408,0
2,126481,0
1,126554,0
3,126627,0
1,126699,1,126772
2,126699,0
2,126772,0
0,126845,0
0,126918,0
3,126991,1,127136
2,126991,1,127064
0,127064,1,127136
1,127136,1,127282
2,127209,1,127282
0,127282,1,127428
3,127282,1,127355
1,127355,1,127428
2,127428,1,127500
3,127500,1,127573
0,127573,1,127610
1,127573,1,127646
2,127610,1,127682
3,127646,1,127719
0,127719,1,127792
1,127755,1,127828
2,127792,1,127864
0,127864,1,127937
3,127864,1,128010
2,127937,1,128010
1,128010,1,128083
0,128083,1,128156
2,128156,0
1,128156,0
3,128156,1,128301
2,128301,0
1,128447,1,128520
0,128447,1,128520
2,128593,0
0,128738,0
3,128738,1,129030
1,128884,0
2,129030,0
0,129030,1,129102
2,129102,0
1,129175,0
1,129248,0
2,129321,0
3,129321,0
0,129321,0
1,129466,1,129612
2,129612,0
3,129612,0
3,129685,0
0,129758,0
0,129830,0
2,129903,0
3,129903,0
3,129976,0
2,129976,0
1,130049,0
0,130049,0
1,130122,0
0,130122,0
2,130195,1,130267
3,130231,1,130304
1,130340,1,130413
2,130377,1,130449
3,130486,1,130631
0,130486,1,130559
1,130559,1,130631
2,130631,1,130777
0,130704,1,130777
1,130777,1,130923
3,130850,1,130923
0,130923,1,131068
2,130996,1,131068
1,131068,1,131141
3,131068,1,131214
2,131141,1,131214
1,131214,1,131287
2,131287,1,131360
3,131360,0
0,131396,0
1,131432,0
2,131469,0
3,131505,0
0,131542,0
1,131578,0
2,131614,0
3,131651,0
0,131651,1,131869
1,131724,1,131869
2,131797,1,131869
3,131869,1,131942
1,131942,1,132161
2,132015,1,132161
3,132088,1,132161
0,132161,1,132233
3,132233,1,132282
2,132282,1,132330
1,132330,1,132379
3,132379,1,132428
2,132428,1,132476
0,132476,1,132525
3,132525,1,132573
1,132573,1,132622
0,132622,1,132670
2,132670,1,132719
1,132719,1,132767
0,132767,1,132816
2,132816,0
3,132816,0
0,133398,0
1,133544,0
2,133690,0
3,133835,0
2,133981,0
1,134418,0
0,134855,0
1,135146,0
2,135583,0
3,136894,0
2,137039,0
1,137185,0
0,137330,0
2,137476,0
0,138059,0
1,138204,0
2,138350,0
3,138496,0
1,138641,0
0,139078,0
1,139515,0
2,139806,0
3,140097,0
3,140243,0
0,141554,0
1,141699,0
2,141845,0
3,141991,0
1,142136,0
0,142719,0
1,142864,0
2,143010,0
3,143156,0
2,143301,0
1,143738,0
3,144175,0
2,144466,0
1,144903,0
0,145340,0
1,145923,0
3,146214,0
2,146360,0
1,146505,0
0,146651,0
3,146797,0
0,147379,0
1,147525,0
2,147670,0
3,147816,0
1,147962,0
2,148398,0
3,148835,0
0,149127,0
2,149418,0
3,149564,0
2,150000,0
0,150292,1,150364
1,150364,1,150437
2,150437,1,150510
0,150510,1,150583
3,150583,1,150656
1,150656,1,150729
2,150729,1,150801
3,150801,1,150874
0,150874,1,150923
1,150923,1,150971
2,150971,1,151020
0,151020,1,151068
1,151068,1,151117
3,151117,1,151165
0,151165,1,151214
2,151214,1,151263
3,151263,1,151311
1,151311,1,151360
2,151360,1,151408
3,151408,1,151457
1,151457,0
0,151457,1,151748
3,151748,1,151894
2,151748,0
2,151894,0
1,151894,0
0,152039,1,152112
1,152112,1,152185
2,152185,1,152330
3,152330,0
1,152330,1,152476
3,152476,1,152622
2,152622,1,152695
0,152622,1,152913
2,152767,0
3,152913,1,153059
2,153059,1,153131
1,153059,1,153204
0,153204,0
3,153204,0
2,153350,1,153423
1,153423,1,153496
2,153496,1,153568
0,153496,1,153641
3,153641,1,153787
1,153787,1,154078
0,153787,0
2,154078,1,154224
0,154078,0
0,154224,1,154297
3,154224,1,154369
2,154369,0
1,154369,0
3,154515,1,154588
2,154588,1,154661
0,154661,0
1,154661,1,154733
0,154806,1,154879
3,154952,1,155025
1,154952,0
2,155025,1,155097
3,155097,1,155170
0,155097,0
1,155170,1,155243
2,155243,1,155316
0,155316,1,155389
1,155389,1,155462
3,155389,0
0,155462,1,155534
2,155534,1,155607
3,155534,0
1,155607,1,155680
3,155680,1,155753
0,155753,1,155826
1,155826,1,155898
2,155826,0
3,155898,1,155971
2,155971,1,156044
1,155971,0
0,156044,1,156117
1,156117,0
3,156117,1,156408
2,156408,0
1,156408,1,156699
2,156554,0
0,156699,1,156772
2,156772,1,156845
3,156845,1,156991
1,156991,1,157136
2,156991,0
0,157136,1,157282
3,157282,0
2,157282,1,157428
3,157428,0
1,157428,1,157573
3,157573,1,157719
1,157719,0
0,157719,1,157864
3,157864,0
2,157864,0
0,158010,1,158156
2,158156,1,158301
3,158156,0
0,158301,1,158447
3,158447,0
1,158447,1,158593
3,158738,1,158811
2,158738,0
3,158884,1,159030
2,158884,0
1,159030,0
0,159030,0
0,159175,1,159321
1,159321,1,159466
3,159321,0
2,159466,1,159612
3,159612,1,159685
0,159612,0
1,159685,1,159758
2,159758,1,159830
0,159758,0
1,159830,1,159903
3,159903,1,159976
2,159903,0
0,159976,1,160049
2,160049,1,160122
1,160049,0
0,160122,1,160195
1,160195,1,160267
2,160195,0
3,160267,1,160340
0,160340,1,160413
3,160413,1,160486
1,160486,1,160559
0,160486,0
2,160559,1,160631
0,160631,1,160704
1,160631,0
2,160704,1,160777
1,160777,0
3,160777,1,161068
0,160814,0
2,160850,0
1,160923,0
0,160996,0
1,161068,0
2,161068,0
3,161214,0
2,161214,1,161287
0,161287,1,161360
1,161360,1,161505
3,161360,0
2,161505,1,161651
3,161651,1,161797
0,161651,0
1,161797,1,161942
2,161942,1,162233
0,162088,0
1,162088,0
1,162233,0
0,162233,1,162306
2,162306,1,162379
1,162379,1,162525
3,162525,0
0,162525,1,162597
2,162597,1,162670
3,162670,1,162816
0,162816,0
1,162816,1,162962
2,162962,1,163107
0,163107,1,163690
3,163107,1,163398
1,163398,1,163544
2,163398,0
2,163544,1,163690
3,163544,0
1,163690,0
3,163690,1,163981
0,163835,1,163908
1,163908,1,163981
2,163981,1,164272
0,164127,1,164199
1,164199,1,164272
3,164272,1,164345
0,164272,0
2,164345,1,164418
3,164418,1,164491
0,164418,0
1,164491,1,164564
2,164564,1,164709
3,164564,0
0,164709,1,164782
3,164709,0
1,164782,1,164855
0,164855,1,165000
2,164855,0
3,165000,1,165146
2,165146,1,165292
0,165146,0
1,165292,1,165437
0,165292,0
3,165437,1,166020
2,165437,1,165729
1,165729,0
0,165729,0
1,165874,0
2,165874,0
0,166020,1,166165
1,166165,1,166311
2,166311,1,166457
3,166311,0
3,166457,1,166602
0,166602,1,167185
1,166602,1,166748
2,166748,1,166821
3,166821,1,166894
2,166894,0
1,166894,1,167039
3,167039,0
2,167039,0
2,167185,0
3,167185,0
1,167330,1,167403
2,167403,1,167476
3,167476,1,167767
0,167476,0
0,167622,0
1,167622,0
0,167767,1,167913
2,167767,0
0,168059,1,168204
3,168059,0
1,168204,1,168350
3,168204,0
2,168350,0
1,168496,1,168641
0,168641,1,168787
3,168641,0
0,168932,1,169005
1,168932,1,169078
2,169005,1,169078
0,169078,1,169151
3,169078,1,169224
2,169151,1,169224
1,169224,1,169297
0,169224,1,169369
3,169297,1,169369
1,169369,1,169442
2,169369,1,169515
3,169442,1,169515
0,169515,1,169564
1,169564,1,169612
2,169612,1,169661
0,169661,1,169709
1,169709,1,169758
3,169758,1,169806
0,169806,1,169855
2,169855,1,169903
3,169903,1,169952
1,169952,1,170000
2,170000,1,170049
3,170049,1,170097
0,170097,0
1,170134,0
2,170170,0
3,170243,0
1,170316,0
2,170389,0
0,170462,0
2,170534,0
1,170607,0
3,170680,0
0,170753,0
1,170826,0
2,170898,0
0,170971,0
2,171044,0
1,171117,0
0,171190,0
3,171263,0
2,171299,0
0,171335,0
1,171408,0
2,171481,0
0,171554,0
3,171627,0
0,171699,0
2,171772,0
1,171845,0
3,171918,0
2,171991,0
0,172064,0
3,172136,0
0,172209,0
2,172282,0
3,172355,0
1,172428,0
0,172464,0
3,172500,0
2,172573,0
0,172646,0
3,172719,0
1,172792,0
3,172864,0
0,172937,0
2,173010,0
1,173083,0
0,173156,0
3,173229,0
1,173301,0
3,173374,0
0,173447,0
1,173520,0
2,173593,0
3,173629,0
1,173665,0
0,173738,0
3,173811,0
1,173884,0
2,173957,0
1,174030,0
3,174102,0
0,174175,0
2,174248,0
3,174321,0
1,174394,0
2,174466,0
1,174539,0
3,174612,0
2,174685,0
0,174758,0
1,174794,0
2,174830,0
3,174903,0
1,174976,0
2,175049,0
0,175122,0
2,175195,0
1,175267,0
3,175340,0
0,175413,0
1,175486,0
2,175559,0
0,175631,0
2,175704,0
1,175777,0
0,175850,0
3,175923,0
2,175959,0
0,175996,0
1,176068,0
2,176141,0
0,176214,0
3,176287,0
0,176360,0
2,176432,0
1,176505,0
3,176578,0
2,176651,0
0,176724,0
3,176797,0
0,176869,0
2,176942,0
3,177015,0
1,177088,0
0,177124,0
3,177161,0
2,177233,0
0,177306,0
3,177379,0
1,177452,0
3,177525,0
0,177597,0
2,177670,0
1,177743,0
0,177816,0
3,177889,0
1,177962,0
3,178034,0
0,178107,0
1,178180,0
2,178253,0
3,178289,0
1,178326,0
0,178398,0
3,178471,0
1,178544,0
2,178617,0
1,178690,0
3,178763,0
0,178835,0
2,178908,0
3,178981,0
1,179054,0
2,179127,0
1,179199,0
3,179272,0
2,179345,0
0,179418,0
1,179454,0
3,179491,0
0,179564,0
2,179636,0
1,179709,0
0,179782,0
2,179855,0
1,179928,0
3,180000,0
1,180073,0
2,180146,0
3,180219,0
1,180292,0
3,180364,0
2,180437,0
0,180510,0
3,180583,0
2,180619,0
1,180656,0
3,180729,0
0,180801,0
2,180874,0
3,180947,0
0,181020,0
2,181093,0
1,181165,0
2,181238,0
0,181311,0
1,181384,0
2,181457,0
1,181530,0
0,181602,0
3,181675,0
1,181748,0
0,181784,0
2,181821,0
1,181894,0
3,181966,0
0,182039,0
1,182112,0
3,182185,0
0,182258,0
2,182330,0
0,182403,0
3,182476,0
2,182549,0
0,182622,0
2,182695,0
3,182767,0
1,182840,0
2,182913,0
3,182949,0
0,182986,0
2,183059,0
1,183131,0
3,183204,0
2,183277,0
1,183350,0
3,183423,0
0,183496,0
3,183568,0
1,183641,0
0,183714,0
3,183787,0
0,183860,0
1,183932,0
2,184005,0
0,184078,0
1,184114,0
3,184151,0
0,184224,0
2,184297,0
1,184369,0
0,184442,0
2,184515,0
1,184588,0
3,184661,0
1,184733,0
2,184806,0
3,184879,0
1,184952,0
3,185025,0
2,185097,0
0,185170,0
3,185243,0
2,185280,0
1,185316,0
3,185389,0
0,185462,0
2,185534,0
3,185607,0
0,185680,0
2,185753,0
1,185826,0
2,185898,0
0,185971,0
1,186044,0
2,186117,0
1,186190,0
0,186263,0
3,186335,0
1,186408,0
0,186445,0
2,186481,0
1,186554,0
3,186627,0
0,186699,0
1,186772,0
3,186845,0
0,186918,0
2,186991,0
0,187064,0
3,187136,0
2,187209,0
0,187282,0
2,187355,0
3,187428,0
1,187500,0
2,187573,0
3,187610,0
0,187646,0
2,187719,0
1,187792,0
3,187864,0
2,187937,0
1,188010,0
3,188083,0
0,188156,0
3,188229,0
1,188301,0
0,188374,0
3,188447,0
0,188520,0
1,188593,0
2,188665,0
1,188738,0
0,188738,0
3,188738,0
2,188811,0
3,188884,1,189030
2,188957,0
1,189030,0
0,189102,0
3,189175,1,189321
0,189248,0
1,189321,0
2,189394,0
3,189466,1,189612
2,189539,0
1,189612,0
0,189685,0
3,189758,1,189903
0,189830,0
1,189903,0
2,189976,0
3,190049,1,190195
2,190122,0
1,190195,0
0,190267,0
3,190340,1,190486
0,190413,0
1,190486,0
2,190559,0
3,190631,1,190704
0,190704,0
2,190777,0
1,190777,0
3,190777,0
0,190850,0
3,190923,1,190996
2,190996,0
0,191068,0
1,191068,0
3,191068,0
2,191141,0
0,191214,1,191360
1,191287,0
2,191360,0
3,191432,0
0,191505,1,191651
3,191578,0
2,191651,0
1,191724,0
0,191797,1,191942
1,191869,0
2,191942,0
3,192015,0
0,192088,1,192233
3,192161,0
2,192233,1,192379
1,192306,1,192379
0,192379,1,192525
1,192452,1,192525
2,192525,1,192670
3,192597,1,192670
0,192670,1,192816
3,192743,1,192816
2,192816,1,192962
1,192889,1,192962
0,192962,1,193034
3,193034,1,193107
2,193107,1,193180
1,193107,1,193180
0,193107,1,193253
3,193180,1,193253
2,193253,1,193326
1,193253,1,193326
0,193326,1,193398
1,193398,0
2,193398,0
3,193398,0
0,193471,0
2,193544,1,193690
1,193617,0
0,193690,0
1,193763,0
2,193835,1,193981
3,193908,0
0,193981,0
3,194054,0
2,194127,1,194272
1,194199,0
0,194272,0
1,194345,0
2,194418,1,194564
3,194491,0
0,194564,0
3,194636,0
2,194709,1,194855
1,194782,0
0,194855,0
1,194928,0
2,195000,1,195146
3,195073,0
0,195146,0
3,195219,0
2,195292,1,195437
1,195364,0
3,195437,0
0,195437,0
1,195510,0
2,195510,0
3,195583,0
0,195583,0
1,195729,0
0,195729,0
3,195729,0
2,195801,0
1,195874,1,196020
0,195947,0
3,196020,0
0,196093,0
1,196165,1,196311
2,196238,0
3,196311,0
2,196384,0
1,196457,1,196602
0,196530,0
2,196602,0
3,196675,0
1,196748,1,196894
2,196748,0
2,196894,0
3,196894,0
0,196894,1,196966
1,196966,1,197039
2,197039,1,197112
3,197112,1,197185
1,197185,0
2,197185,0
0,197185,1,197258
3,197258,1,197330
1,197330,1,197403
0,197403,1,197476
1,197476,0
3,197476,0
2,197476,1,197549
0,197549,1,197622
2,197622,0
3,197622,1,197695
0,197695,0
1,197695,1,197767
3,197767,0
2,197767,1,197840
1,197840,1,197913
0,197913,0
3,197913,1,197986
2,197986,0
1,197986,1,198059
0,198059,0
3,198059,0
2,198131,0
1,198204,0
0,198277,0
1,198350,0
2,198350,0
3,198350,0
0,198423,0
2,198496,0
3,198568,0
2,198641,0
1,198641,0
0,198641,0
3,198714,0
1,198787,0
2,198860,0
1,198932,0
0,198932,0
3,198932,0
2,199005,0
0,199078,0
1,199151,0
0,199224,0
2,199224,0
3,199224,0
1,199297,0
2,199369,0
3,199442,0
1,199515,0
0,199515,0
2,199515,0
3,199588,0
1,199661,0
0,199733,0
1,199806,0
2,199806,0
3,199806,0
0,199879,0
2,199952,0
1,200025,0
0,200097,0
3,200097,0
2,200097,0
1,200170,0
3,200243,0
2,200316,0
1,200389,0
0,200389,0
3,200389,0
2,200462,0
0,200534,0
1,200607,0
2,200680,0
3,200680,0
0,200680,0
1,200753,0
2,200826,0
0,200898,0
1,200971,0
2,200971,0
3,200971,0
0,201044,0
3,201117,0
2,201190,0
1,201263,0
0,201263,0
3,201263,0
2,201335,0
1,201408,0
0,201481,0
1,201554,1,201699
2,201554,1,201627
3,201554,1,201627
0,201627,1,201699
2,201699,1,201772
3,201772,1,201845
2,201845,1,201991
1,201845,1,201918
0,201845,1,201918
3,201918,1,201991
0,201991,1,202064
1,202064,1,202136
3,202136,1,202209
2,202136,1,202209
0,202136,1,202282
1,202209,1,202282
3,202282,1,202355
2,202355,1,202428
3,202428,1,202573
0,202428,1,202500
1,202428,1,202500
2,202500,1,202573
1,202573,1,202646
0,202646,1,202719
1,202719,0
2,202719,0
3,202719,0
0,202792,0
2,202864,0
3,202864,0
1,202937,0
0,203010,0
2,203010,0
3,203010,0
1,203083,0
0,203156,0
3,203156,0
2,203229,0
1,203301,0
0,203301,0
3,203374,0
2,203374,0
1,203447,0
0,203447,0
3,203520,0
2,203520,0
1,203593,1,203665
0,203629,1,203702
2,203738,1,203811
1,203775,1,203847
0,203884,0
2,203884,0
3,203884,0
1,203957,0
0,204030,0
3,204030,0
2,204102,0
1,204175,0
0,204175,0
2,204248,0
3,204248,0
1,204321,0
0,204321,0
2,204394,0
3,204466,0
0,204466,0
1,204539,0
2,204539,0
0,204612,0
3,204612,0
1,204685,0
3,204758,0
2,204758,0
2,204830,0
1,204903,0
1,204976,0
0,205049,0
2,205049,0
3,205049,0
1,205195,0
0,205231,0
2,205267,0
3,205304,0
1,205340,0
0,205340,0
2,205486,0
3,205522,0
1,205559,0
0,205595,0
2,205631,0
3,205631,0
1,205704,0
0,205704,0
2,205777,0
3,205777,0
1,205850,0
0,205923,0
3,205923,0
1,205996,0
2,205996,0
3,206068,0
0,206068,0
2,206141,0
1,206141,0
3,206214,0
0,206214,1,206287
1,206287,1,206360
2,206360,1,206432
0,206432,1,206505
3,206505,1,206578
1,206578,1,206651
2,206651,1,206724
3,206724,1,206797
0,206797,1,206845
1,206845,1,206894
2,206894,1,206942
0,206942,1,206991
1,206991,1,207039
3,207039,1,207088
0,207088,1,207136
2,207136,1,207185
3,207185,1,207233
1,207233,1,207282
2,207282,1,207330
3,207330,1,207379
1,207379,0
0,207379,1,207452
2,207452,0
3,207525,1,207597
1,207597,1,207670
0,207670,0
2,207670,0
3,207743,1,207816
1,207816,1,207889
2,207889,0
3,207962,0
0,207962,1,208034
2,208034,1,208107
1,208107,0
0,208180,1,208253
2,208253,1,208326
3,208253,0
0,208326,1,208398
2,208398,1,208471
1,208471,0
0,208544,0
3,208544,1,208617
2,208617,0
1,208690,1,208763
2,208763,1,208835
0,208835,0
3,208835,0
1,208908,1,208981
3,208981,1,209127
2,209054,0
1,209127,0
0,209127,1,209199
2,209199,1,209272
3,209272,0
1,209345,1,209418
0,209418,0
3,209418,1,209491
2,209491,1,209564
1,209564,1,209636
0,209636,1,209709
2,209709,1,209782
3,209709,0
1,209782,0
0,209855,1,209928
2,209928,1,210000
3,210000,0
1,210000,0
0,210073,1,210146
2,210146,1,210219
3,210219,0
0,210292,0
1,210292,1,210364
3,210364,1,210437
2,210437,0
0,210510,1,210583
1,210583,0
3,210583,1,210656
2,210656,1,210729
1,210729,1,210801
3,210801,0
2,210874,0
0,210874,1,210947
1,210947,1,211020
2,211020,1,211093
0,211093,0
3,211165,0
1,211165,1,211238
2,211238,1,211311
3,211311,1,211384
0,211384,0
1,211457,0
2,211457,1,211530
0,211530,1,211602
3,211602,1,211675
2,211675,1,211748
1,211748,1,211821
0,211748,0
3,211821,1,211894
0,211894,1,211966
1,211966,1,212039
3,212039,0
2,212039,1,212112
0,212112,0
1,212185,1,212258
3,212258,0
0,212330,0
2,212330,1,212403
1,212403,1,212476
3,212476,1,212549
2,212549,0
1,212622,0
0,212622,1,212767
3,212695,0
2,212767,1,212840
1,212840,1,212913
0,212913,0
3,212913,0
2,212986,1,213059
3,213059,1,213204
1,213131,0
2,213204,0
0,213204,1,213277
1,213277,1,213350
2,213350,1,213423
0,213423,0
1,213496,0
3,213496,1,213568
2,213568,1,213641
0,213641,1,213714
1,213714,1,213787
3,213787,0
2,213787,1,213932
0,213860,0
1,213932,1,214005
3,214005,1,214078
2,214078,0
0,214078,0
1,214151,1,214224
3,214224,1,214369
2,214297,0
0,214369,0
1,214369,1,214442
2,214442,1,214515
3,214515,1,214588
1,214588,0
2,214661,0
0,214661,1,214733
3,214733,1,214806
1,214806,1,214879
2,214879,1,214952
3,214952,0
0,214952,1,215097
1,215025,0
2,215097,1,215170
1,215170,1,215243
0,215243,0
3,215243,0
2,215316,1,215389
1,215389,1,215462
3,215462,0
2,215534,0
0,215534,1,215607
1,215607,0
3,215680,1,215753
2,215753,1,215826
1,215826,0
0,215826,0
3,215898,1,215971
2,215971,1,216044
1,216044,1,216117
0,216117,1,216190
3,216117,0
2,216190,0
1,216263,1,216335
2,216335,1,216408
3,216408,1,216481
0,216408,0
1,216481,1,216554
2,216554,1,216627
3,216627,1,216699
1,216699,0
0,216699,1,216772
2,216772,0
3,216845,0
1,216845,1,216918
0,216918,1,216991
2,216991,0
3,216991,0
1,217064,1,217136
2,217136,1,217209
0,217136,0
3,217209,0
0,217282,0
1,217282,1,217355
3,217355,1,217428
2,217428,0
0,217428,0
1,217500,1,217573
3,217573,0
2,217573,1,217646
0,217646,1,217719
1,217719,1,217792
3,217719,0
2,217792,0
0,217864,0
3,217864,1,217937
1,217937,0
2,218010,1,218083
0,218010,0
3,218083,1,218156
1,218156,0
0,218156,0
2,218229,1,218301
1,218301,1,218374
3,218301,0
0,218374,0
3,218447,0
2,218447,1,218520
0,218520,0
3,218593,0
1,218593,1,218665
2,218665,1,218738
1,218738,0
0,218738,1,218811
3,218811,1,218884
1,218884,0
2,218884,1,218957
0,218957,0
2,219030,0
3,219030,1,219102
0,219102,0
1,219175,0
2,219175,1,219248
3,219248,1,219321
1,219321,0
0,219321,0
2,219394,1,219466
1,219466,1,219539
3,219466,0
0,219539,0
3,219612,0
2,219612,1,219685
0,219685,1,219758
3,219758,1,219830
1,219758,0
2,219830,1,219903
1,219903,0
0,219903,1,219976
3,219976,1,220049
2,220049,0
1,220049,1,220122
0,220122,0
3,220195,0
2,220195,1,220267
0,220267,1,220340
1,220340,1,220413
3,220340,0
2,220413,0
1,220486,0
0,220486,1,220559
3,220559,1,220631
1,220631,1,220704
2,220631,0
0,220704,0
2,220777,0
3,220777,1,220850
1,220850,1,220923
2,220923,1,220996
0,220923,0
3,220996,1,221068
0,221068,0
1,221068,1,221141
2,221141,0
3,221214,0
0,221214,1,221287
2,221287,0
0,221360,0
1,221360,1,221432
3,221432,1,221505
2,221505,1,221578
0,221505,0
1,221578,0
2,221651,0
3,221651,1,221724
0,221724,1,221797
1,221797,0
2,221797,1,221869
3,221869,1,221942
0,221942,0
1,221942,1,222015
2,222015,0
3,222088,0
0,222088,1,222161
2,222161,1,222233
3,222233,0
1,222233,0
0,222306,1,222379
3,222379,1,222452
2,222379,0
1,222452,0
0,222525,0
2,222525,1,222597
3,222597,1,222670
1,222670,1,222743
0,222670,0
2,222743,0
0,222816,0
3,222816,1,222889
2,222889,1,222962
0,222962,0
1,222962,1,223034
3,223034,1,223107
0,223107,0
2,223107,1,223180
1,223180,0
2,223253,0
3,223253,1,223326
0,223326,1,223398
1,223398,0
2,223398,0
3,223471,1,223544
1,223544,1,223617
0,223544,0
2,223617,0
3,223690,0
0,223690,1,223763
2,223763,1,223835
1,223835,1,223908
0,223835,0
3,223908,0
0,223981,0
2,223981,1,224054
1,224054,1,224127
3,224127,1,224199
2,224127,0
0,224199,0
2,224272,0
1,224272,1,224345
3,224345,0
0,224418,1,224491
1,224418,0
2,224491,1,224564
1,224564,0
3,224564,0
0,224636,1,224709
2,224709,1,224782
3,224709,0
1,224782,0
0,224855,1,225000
3,224855,1,224928
1,224928,1,225000
2,225000,1,225146
3,225000,1,225073
1,225073,1,225146
0,225146,1,225219
3,225146,1,225292
2,225219,1,225292
1,225292,1,225437
0,225292,1,225364
2,225364,1,225437
0,225437,1,225583
3,225437,1,225510
2,225510,1,225583
3,225583,1,225729
1,225583,1,225656
0,225656,1,225729
2,225729,1,225801
1,225729,1,225874
3,225801,1,225874
2,225874,1,225947
0,225874,1,225947
1,225947,1,226020
3,226020,0
2,226020,0
0,226020,1,226093
1,226093,0
3,226165,1,226238
2,226165,0
1,226238,1,226311
0,226311,0
2,226311,0
3,226384,1,226457
1,226457,1,226530
0,226457,0
2,226530,0
3,226602,0
0,226602,1,226675
2,226675,1,226748
1,226748,0
3,226748,0
0,226821,1,226894
2,226894,1,226966
3,226894,0
0,226966,1,227039
2,227039,1,227112
3,227039,0
1,227112,0
3,227185,1,227330
0,227185,1,227258
2,227258,0
1,227330,1,227403
0,227330,0
2,227403,1,227476
0,227476,0
3,227476,0
1,227549,1,227622
3,227622,1,227767
2,227622,1,227695
0,227695,0
2,227767,0
1,227767,1,227840
0,227840,1,227913
3,227913,0
2,227913,0
1,227986,1,228059
3,228059,1,228131
0,228059,1,228204
2,228131,1,228204
1,228204,1,228277
3,228204,0
0,228277,1,228350
2,228350,1,228423
3,228350,1,228496
1,228423,0
0,228496,1,228568
2,228496,0
1,228568,1,228641
3,228641,0
2,228641,0
0,228714,1,228787
2,228787,1,228932
1,228787,1,228860
3,228860,0
1,228932,0
0,228932,1,229005
3,229005,1,229078
2,229078,0
1,229078,0
0,229151,1,229224
1,229224,0
3,229224,1,229297
2,229297,1,229369
1,229369,1,229442
0,229369,0
3,229442,0
2,229515,0
0,229515,1,229588
1,229588,1,229661
2,229661,1,229733
3,229661,0
0,229733,0
3,229806,0
1,229806,1,229879
2,229879,1,229952
3,229952,1,230025
0,229952,0
1,230025,0
3,230097,0
2,230097,1,230170
1,230170,1,230243
3,230243,1,230316
0,230243,0
2,230316,1,230389
0,230389,1,230462
1,230389,0
3,230462,1,230534
0,230534,1,230607
1,230534,0
3,230607,1,230680
1,230680,1,230753
2,230680,1,230826
0,230753,0
3,230826,1,230898
1,230826,0
0,230898,0
3,230971,0
2,230971,1,231044
1,231044,1,231117
3,231117,1,231190
0,231117,0
2,231190,0
1,231263,0
0,231263,1,231408
3,231335,0
2,231408,1,231481
1,231408,0
3,231481,1,231554
0,231554,0
1,231554,0
2,231627,1,231699
3,231699,1,231845
0,231699,0
1,231772,0
2,231845,1,231918
0,231845,1,231991
1,231918,1,231991
3,231991,1,232064
2,231991,0
0,232064,0
1,232136,0
2,232136,1,232209
3,232209,1,232282
0,232282,1,232355
1,232282,1,232428
2,232355,1,232428
0,232428,0
3,232428,1,232573
2,232500,0
1,232573,1,232646
0,232573,0
2,232646,1,232719
3,232719,0
0,232719,1,232864
1,232792,1,232864
3,232864,1,233010
2,232864,0
1,232937,0
0,233010,1,233156
2,233010,1,233083
1,233083,1,233156
3,233156,1,233229
2,233156,0
0,233229,0
2,233301,1,233374
1,233301,0
3,233374,1,233447
1,233447,1,233593
0,233447,1,233520
2,233520,1,233593
3,233593,0
0,233593,1,233738
1,233665,0
2,233738,1,233811
3,233738,0
1,233811,1,233884
0,233884,0
3,233884,0
2,233957,1,234030
1,234030,1,234102
0,234030,0
3,234102,0
2,234175,0
0,234175,1,234248
1,234248,0
3,234321,1,234394
2,234321,0
1,234394,1,234466
2,234466,0
0,234466,0
3,234539,1,234612
1,234612,1,234685
0,234612,0
2,234685,1,234758
0,234758,1,234830
3,234758,0
1,234830,0
2,234903,1,234976
3,234903,0
0,234976,1,235049
3,235049,1,235122
1,235049,0
2,235122,1,235195
1,235195,1,235267
0,235195,0
3,235267,1,235340
2,235267,0
1,235340,1,235413
0,235340,1,235486
2,235413,0
1,235486,0
3,235486,1,235559
2,235559,1,235631
1,235631,0
0,235631,0
3,235704,1,235777
2,235777,1,235850
0,235777,0
1,235850,0
3,235923,0
0,235923,1,235996
2,235996,1,236068
1,236068,0
3,236068,0
0,236141,1,236214
3,236214,0
2,236214,1,236287
0,236287,1,236360
1,236360,1,236432
3,236360,0
2,236432,0
3,236505,1,236651
0,236505,1,236578
2,236578,0
1,236651,1,236724
0,236651,0
2,236724,1,236797
3,236797,0
0,236797,0
1,236869,1,236942
3,236942,1,237088
2,236942,1,237015
0,237015,0
2,237088,0
1,237088,1,237161
0,237161,0
3,237233,0
2,237233,1,237306
1,237306,1,237379
0,237379,1,237452
3,237379,1,237525
2,237452,1,237525
1,237525,0
0,237525,1,237597
3,237597,0
2,237670,1,237816
1,237670,1,237743
0,237670,0
3,237743,0
1,237816,0
0,237816,1,237889
3,237889,1,237962
0,237962,0
2,237962,0
1,238034,1,238107
2,238107,1,238180
3,238107,1,238253
0,238180,0
2,238253,0
1,238253,1,238326
0,238326,1,238398
2,238398,1,238471
3,238398,0
1,238471,1,238544
0,238544,1,238690
3,238544,1,238617
2,238617,1,238690
3,238690,0
1,238690,1,238763
2,238763,0
0,238835,0
1,238835,1,238908
2,238908,1,238981
3,238981,1,239054
0,238981,0
1,239054,0
2,239127,0
0,239127,1,239199
3,239199,1,239272
1,239272,1,239345
2,239272,0
0,239345,0
2,239418,0
3,239418,1,239491
1,239491,1,239564
2,239564,1,239636
0,239564,0
3,239636,1,239709
0,239709,0
1,239709,1,239782
2,239782,0
1,239855,0
0,239855,1,239928
3,239928,0
0,240000,0
1,240000,1,240073
2,240000,1,240146
3,240073,1,240146
0,240146,1,240219
1,240146,0
3,240219,0
2,240292,0
1,240292,1,240364
0,240364,1,240437
1,240437,0
2,240437,1,240510
3,240510,1,240583
0,240583,0
1,240583,1,240656
2,240656,0
3,240729,0
0,240729,1,240801
2,240801,1,240874
3,240874,0
1,240874,0
0,240947,1,241020
3,241020,1,241093
2,241020,0
1,241093,0
2,241165,1,241238
0,241165,1,241311
3,241165,0
1,241238,1,241311
3,241311,1,241384
2,241384,0
0,241457,0
1,241457,1,241530
2,241530,1,241602
3,241602,1,241675
0,241602,1,241748
1,241675,1,241748
3,241748,0
2,241748,1,241821
1,241821,0
0,241894,0
3,241894,1,241966
2,241966,1,242039
0,242039,1,242185
1,242039,1,242112
3,242112,1,242185
2,242185,1,242258
1,242185,0
0,242258,0
2,242330,0
3,242330,0
1,242367,0
0,242403,0
2,242476,0
1,242525,0
3,242573,0
0,242622,0
1,242658,0
2,242695,0
3,242731,0
1,242767,0
0,242767,0
3,242913,0
0,242913,0
1,242913,0
1,242986,0
2,243059,0
2,243131,0
1,243204,0
0,243204,0
3,243277,0
0,243350,0
0,243423,0
3,243496,0
2,243496,1,243641
1,243568,1,243714
0,243641,1,243714
3,243641,1,243787
2,243714,1,243787
1,243787,1,244005
0,243787,0
2,243860,1,244005
3,243932,1,244005
0,244005,1,244078
2,244078,1,244224
3,244078,1,244151
1,244151,1,244297
0,244224,1,244297
3,244224,1,244369
2,244297,1,244369
1,244369,1,244515
0,244369,1,244442
2,244442,1,244515
0,244515,1,244588
3,244515,1,244588
2,244588,1,244661
1,244588,1,244661
0,244661,0
3,244661,0
1,244733,0
2,244806,0
1,244879,0
2,244952,0
1,245025,0
2,245097,0
1,245170,0
2,245243,0
1,245316,0
2,245389,0
1,245462,0
2,245534,0
3,245534,0
1,245607,0
2,245680,0
0,245680,0
3,245680,0
1,245753,0
3,245826,0
2,245898,0
0,245971,0
1,245971,0
3,245971,0
2,246044,0
1,246117,0
2,246190,0
1,246263,0
0,246263,0
3,246263,0
2,246335,0
1,246408,0
0,246481,0
1,246554,0
3,246554,0
2,246554,0
0,246627,0
3,246699,0
2,246699,0
1,246772,0
2,246845,0
3,246845,0
0,246845,0
1,246918,0
0,246991,1,247136
3,246991,1,247136
3,247282,1,247355
1,247282,1,247355
0,247282,1,247428
2,247355,1,247500
1,247428,1,247500
3,247428,1,247573
0,247500,1,247573
1,247573,1,247719
2,247573,1,247646
3,247646,1,247792
0,247719,1,247792
2,247719,1,247792
1,247792,1,247937
2,247864,1,248010
0,247864,1,247937
3,247937,1,248010
1,248010,1,248156
0,248010,1,248083
2,248083,1,248156
3,248156,1,248301
0,248156,1,248229
2,248229,1,248374
1,248301,1,248447
0,248301,1,248374
3,248447,1,248593
2,248447,1,248520
0,248520,1,248665
2,248593,1,248665
1,248593,1,248738
3,248665,1,248738
2,248738,1,248884
0,248738,1,248811
1,248811,1,248957
3,248884,1,249030
0,248884,1,248957
2,248957,1,249102
0,249030,1,249175
1,249030,1,249102
3,249102,1,249248
1,249175,1,249321
2,249175,1,249248
0,249248,1,249321
2,249321,1,249466
3,249321,1,249394
1,249394,1,249539
0,249466,1,249612
3,249466,1,249539
2,249539,1,249612
3,249612,1,249661
1,249612,1,249661
2,249661,1,249709
0,249709,1,249758
1,249758,1,249806
3,249806,1,249855
2,249855,1,249903
0,249903,1,250049
1,249903,1,249976
3,249976,1,250049
2,250049,1,250195
1,250049,1,250122
0,250122,1,250267
1,250195,1,250267
3,250195,1,250267
2,250267,1,250413
3,250340,1,250486
1,250340,1,250413
0,250413,1,250486
1,250486,1,250631
2,250486,1,250559
0,250559,1,250704
2,250631,1,250777
3,250631,1,250704
1,250704,1,250777
0,250777,1,250826
3,250777,1,250826
2,250826,1,250874
1,250874,1,250923
0,250923,1,250971
2,250971,1,251020
3,251020,1,251068
0,251068,1,251214
1,251068,1,251141
3,251141,1,251214
2,251214,1,251360
1,251214,1,251287
0,251287,1,251432
1,251360,1,251432
3,251360,1,251432
2,251432,1,251578
1,251505,1,251651
0,251505,1,251578
3,251578,1,251651
0,251651,1,251797
2,251651,1,251724
1,251724,1,251869
2,251797,1,251942
3,251797,1,251869
0,251869,1,251942
1,251942,1,252015
3,251942,1,252088
2,252015,1,252161
0,252088,1,252233
1,252088,1,252161
3,252161,1,252306
1,252233,1,252379
2,252233,1,252306
0,252306,1,252379
3,252379,1,252452
2,252379,1,252525
1,252452,1,252597
0,252525,1,252597
3,252525,1,252597
2,252597,1,252743
3,252670,1,252816
0,252670,1,252743
1,252743,1,252816
2,252816,1,252889
0,252816,1,252962
1,252889,1,252962
3,252962,1,253107
2,252962,1,253034
1,253034,1,253180
0,253107,1,253180
2,253107,1,253180
3,253180,1,253326
2,253253,1,253398
0,253253,1,253326
1,253326,1,253471
0,253398,1,253471
3,253398,1,253544
2,253471,1,253544
1,253544,1,253690
0,253544,1,253617
3,253617,1,253690
0,253690,1,253738
2,253690,1,253738
3,253738,1,253787
1,253787,1,253835
2,253835,1,253884
0,253884,1,253932
1,253932,1,253981
3,253981,1,254127
2,253981,1,254054
0,254054,1,254127
1,254127,1,254272
2,254127,1,254199
0,254199,1,254345
3,254272,1,254345
2,254272,1,254345
1,254345,1,254491
2,254418,1,254564
0,254418,1,254491
3,254491,1,254564
1,254564,1,254709
0,254564,1,254636
3,254636,1,254709
2,254709,1,254855
0,254709,1,254782
3,254782,1,254928
1,254855,1,255000
0,254855,1,254928
2,254928,1,255073
3,255000,1,255146
0,255000,1,255073
1,255073,1,255146
0,255146,1,255292
2,255146,1,255219
1,255219,1,255292
3,255292,1,255364
2,255292,1,255437
1,255364,1,255510
0,255437,1,255510
3,255437,1,255510
2,255510,1,255656
0,255583,1,255729
3,255583,1,255656
1,255656,1,255729
2,255729,1,255801
3,255729,1,255874
1,255801,1,255874
2,255874,1,256020
0,255874,1,255947
1,255947,1,256020
0,256020,1,256068
3,256020,1,256068
2,256068,1,256117
1,256117,1,256165
3,256165,1,256214
0,256214,1,256263
1,256263,1,256311
2,256311,1,256384
3,256311,1,256457
0,256384,1,256457
1,256457,1,256602
2,256457,1,256530
0,256530,1,256675
3,256602,1,256748
2,256602,1,256675
1,256675,1,256821
2,256748,1,256894
0,256748,1,256821
3,256821,1,256894
1,256894,1,256966
0,256894,1,257039
2,256966,1,257112
1,257039,1,257185
3,257039,1,257112
0,257112,1,257258
2,257185,1,257258
3,257185,1,257330
1,257258,1,257403
2,257330,1,257476
0,257330,1,257403
3,257403,1,257476
0,257476,1,257622
1,257476,1,257549
2,257549,1,257695
1,257622,1,257695
3,257622,1,257767
0,257695,1,257767
1,257767,1,257840
2,257767,1,257913
3,257840,1,257986
1,257913,1,258059
0,257913,1,257986
2,257986,1,258059
0,258059,1,258204
3,258059,1,258131
1,258131,1,258277
2,258204,1,258350
3,258204,1,258277
0,258277,1,258350
1,258350,1,258423
3,258350,1,258496
2,258423,1,258568
0,258496,1,258641
1,258496,1,258568
3,258568,1,258641
1,258641,1,258787
2,258641,1,258714
0,258714,1,258860
3,258787,1,258932
2,258787,1,258860
1,258860,1,258932
2,258932,1,258981
0,258932,1,258981
1,258981,1,259030
3,259030,1,259078
2,259078,1,259127
0,259127,1,259175
1,259175,1,259224
2,259224,1,259297
3,259224,1,259369
0,259297,1,259369
1,259369,1,259515
2,259369,1,259442
0,259442,1,259588
3,259515,1,259588
2,259515,1,259588
1,259588,1,259733
2,259661,1,259806
0,259661,1,259733
3,259733,1,259806
0,259806,1,259879
1,259806,1,259952
2,259879,1,260025
0,259952,1,260025
3,259952,1,260097
1,260025,1,260097
0,260097,1,260146
2,260097,1,260146
1,260146,1,260195
3,260195,1,260243
2,260243,1,260292
0,260292,1,260340
1,260340,1,260389
2,260389,1,260462
3,260389,1,260534
0,260462,1,260534
1,260534,1,260680
2,260534,1,260607
0,260607,1,260753
3,260680,1,260753
2,260680,1,260753
1,260753,1,260898
3,260826,1,260971
0,260826,1,260898
2,260898,1,260971
0,260971,1,261044
1,260971,1,261117
2,261044,1,261117
3,261117,1,261263
0,261117,1,261190
2,261190,1,261263
1,261263,1,261408
0,261263,1,261335
2,261335,1,261481
3,261408,1,261554
0,261408,1,261481
1,261481,1,261627
0,261554,1,261627
2,261554,1,261699
3,261627,1,261699
0,261699,1,261845
1,261699,1,261772
3,261772,1,261918
1,261845,1,261918
2,261845,1,261918
0,261918,1,262064
3,261991,1,262064
2,261991,1,262136
1,262064,1,262136
0,262136,1,262209
3,262136,1,262282
2,262209,1,262282
1,262282,1,262428
0,262282,1,262355
2,262355,1,262500
3,262428,1,262500
0,262428,1,262573
1,262500,1,262646
3,262573,1,262719
2,262573,1,262646
0,262646,1,262792
2,262719,1,262864
1,262719,1,262792
3,262792,1,262864
0,262864,1,262913
1,262913,1,262962
3,262962,1,263010
0,263010,1,263059
2,263059,1,263107
3,263107,1,263156
1,263156,1,263204
2,263204,1,263253
3,263253,1,263301
1,263301,0
2,263301,0
0,263301,0
3,263447,1,263593
2,263447,0
1,263520,0
1,263665,0
3,263738,1,263884
2,263738,0
0,263884,0
1,263957,0
3,264030,1,264175
1,264102,0
0,264175,0
3,264321,1,264466
2,264321,0
1,264466,0
0,264612,1,264758
2,264612,0
3,264685,0
3,264830,0
0,264903,1,265049
2,264903,0
1,265049,0
0,265195,1,265340
3,265195,0
2,265267,0
1,265340,0
2,265413,0
0,265486,1,265631
3,265486,0
1,265631,0
2,265777,1,265923
3,265777,0
0,265850,0
0,265996,0
2,266068,1,266214
3,266068,0
1,266214,0
0,266287,0
2,266360,1,266505
0,266432,0
1,266505,0
2,266651,1,266797
3,266651,0
0,266797,0
3,266845,0
2,266894,0
1,266942,1,267088
0,266942,0
3,267088,0
2,267136,0
0,267185,0
1,267233,1,267379
3,267233,0
0,267379,0
2,267452,0
1,267525,1,267670
3,267525,0
2,267597,0
0,267670,0
2,267743,0
1,267816,1,267962
3,267816,0
0,267889,0
3,267962,0
0,268107,1,268253
2,268107,0
1,268180,0
3,268253,0
2,268301,0
1,268350,0
0,268398,1,268544
3,268398,0
2,268447,0
1,268496,0
3,268544,0
0,268690,1,268835
1,268690,0
2,268763,0
2,268908,0
0,268981,1,269127
1,268981,0
3,269127,0
2,269272,1,269418
1,269272,0
0,269345,0
3,269418,0
1,269466,0
0,269515,0
2,269564,1,269709
3,269564,0
1,269612,0
0,269661,0
3,269709,0
2,269855,1,270000
0,269855,0
1,269928,0
1,270073,0
2,270146,1,270292
0,270146,0
3,270292,0
0,270364,0
1,270437,1,270583
2,270437,0
3,270583,0
2,270656,0
1,270729,1,270874
0,270729,0
2,270801,0
3,270874,0
1,271020,1,271165
2,271020,0
3,271093,0
3,271238,0
1,271311,1,271457
2,271311,0
0,271457,1,271602
1,271530,1,271675
3,271602,1,271748
2,271602,1,271675
0,271675,1,271748
2,271748,1,271894
1,271821,1,271966
3,271894,1,272039
0,271894,1,271966
2,271966,1,272039
0,272039,1,272185
1,272112,1,272258
3,272185,1,272330
2,272185,1,272258
0,272258,1,272330
2,272330,1,272476
1,272403,1,272549
3,272476,1,272549
0,272476,1,272549
2,272549,1,272622
1,272622,0
0,272622,0
3,272622,0
2,272695,0
1,272767,0
0,272840,0
1,272913,0
2,272913,0
3,272913,0
0,272986,0
2,273059,0
1,273131,0
0,273204,0
2,273204,0
3,273204,0
1,273277,0
3,273350,0
2,273423,0
3,273496,0
1,273496,0
0,273496,0
2,273568,0
0,273641,0
1,273714,0
2,273787,0
3,273787,0
0,273787,0
1,273860,0
3,273932,0
2,274005,0
1,274078,0
0,274078,0
3,274078,0
2,274151,0
0,274224,0
3,274297,0
2,274369,0
0,274369,0
1,274369,0
3,274442,0
2,274515,0
1,274588,0
0,274661,0
3,274661,0
2,274709,0
1,274758,0
3,274806,0
0,274855,0
1,274903,0
2,274952,0
3,274952,0
0,274952,0
1,275025,0
2,275097,0
3,275170,0
2,275243,0
1,275243,0
0,275243,0
3,275316,0
1,275389,0
0,275462,0
1,275534,0
3,275534,0
2,275534,0
0,275607,0
2,275680,0
1,275753,0
0,275826,0
2,275826,0
3,275826,0
1,275898,0
3,275971,0
2,276044,0
1,276117,0
0,276117,0
3,276117,0
2,276190,0
0,276263,0
3,276335,0
0,276408,0
2,276408,0
1,276408,0
3,276481,0
1,276554,0
2,276627,0
1,276699,0
0,276699,0
3,276699,0
2,276772,0
0,276845,0
1,276918,0
0,276991,0
2,276991,0
3,276991,0
1,277064,0
3,277136,0
2,277209,0
1,277282,0
0,277282,0
3,277282,0
2,277355,0
1,277428,0
0,277428,0
3,277500,0
2,277573,0
1,277573,0
0,277573,0
3,277646,0
1,277719,0
0,277719,0
2,277792,0
3,277864,0
1,277864,0
0,277864,0
2,277937,0
3,278010,0
0,278010,0
1,278083,0
2,278156,0
3,278156,0
0,278156,0
1,278229,0
2,278301,0
3,278301,0
0,278374,0
1,278447,0
2,278447,0
3,278447,0
0,278520,0
2,278593,0
3,278593,0
1,278665,0
0,278738,0
3,278738,0
2,278811,0
1,278811,0
0,278884,0
3,278884,0
2,278957,0
1,279030,0
0,279030,0
2,279102,0
3,279175,0
0,279175,0
2,279248,0
1,279248,0
0,279321,0
3,279321,0
1,279394,0
2,279466,0
3,279466,0
1,279539,0
0,279539,0
2,279612,0
3,279612,0
0,279758,0
1,279794,0
2,279830,0
3,279867,0
1,279903,0
0,279903,0
3,280049,0
2,280085,0
1,280122,0
0,280158,0
2,280195,0
3,280195,0
1,280267,0
0,280267,0
2,280340,0
3,280340,0
1,280413,0
0,280413,0
2,280486,0
3,280486,0
1,280559,0
0,280559,0
2,280631,0
3,280668,0
1,280704,0
0,280741,0
2,280777,0
3,280777,1,280923
1,280923,1,281068
0,280996,1,281068
3,281068,1,281214
1,281214,1,281360
0,281287,1,281360
2,281360,1,281505
0,281505,1,281651
1,281578,1,281651
2,281651,1,281797
0,281797,1,281942
1,281869,1,281942
2,281942,1,282088
3,281942,1,282015
1,282015,1,282088
3,282088,1,282161
0,282088,1,282233
1,282161,1,282306
2,282233,1,282306
3,282233,1,282306
0,282306,1,282452
1,282379,1,282525
2,282379,1,282452
3,282452,1,282525
0,282525,1,282670
2,282525,1,282597
1,282597,1,282743
3,282670,1,282743
2,282670,1,282743
0,282743,1,282889
3,282816,1,282889
1,282816,1,282962
2,282889,1,282962
3,282962,1,283107
0,282962,1,283034
2,283034,1,283107
1,283107,1,283253
0,283107,1,283180
3,283180,1,283253
0,283253,1,283326
2,283253,1,283326
3,283326,1,283398
1,283398,1,283471
0,283398,1,283471
2,283471,1,283544
3,283544,1,283617
1,283544,1,283617
0,283617,1,283690
2,283690,1,283835
1,283690,1,283763
3,283763,1,283835
0,283835,1,283908
1,283835,1,283908
2,283908,1,283981
0,283981,1,284054
3,283981,1,284054
1,284054,1,284127
0,284127,1,284199
2,284127,1,284199
1,284199,1,284272
2,284272,0
3,284272,1,284345
0,284345,1,284418
2,284418,1,284491
1,284418,0
0,284491,1,284564
3,284564,1,284636
2,284564,0
1,284636,1,284709
3,284709,0
0,284709,1,284782
2,284782,1,284855
3,284855,1,284928
1,284855,0
0,284928,1,285000
2,285000,1,285073
3,285000,0
1,285073,1,285146
2,285146,0
0,285146,1,285219
3,285219,1,285292
1,285292,1,285364
2,285292,0
3,285364,1,285437
1,285437,0
0,285437,1,285510
2,285510,0
1,285583,0
3,285583,0
2,285656,0
0,285729,0
1,285729,1,285801
3,285801,0
2,285874,0
0,285874,0
1,285947,0
0,286020,1,286093
3,286020,1,286093
2,286093,0
1,286165,0
0,286165,0
3,286238,0
1,286311,1,286384
2,286311,1,286384
0,286384,0
1,286457,0
3,286457,0
0,286530,0
3,286602,0
2,286602,1,286675
1,286675,0
3,286748,0
0,286748,0
1,286821,0
2,286894,0
3,286894,0
0,286966,0
1,287039,0
2,287039,0
3,287112,0
2,287185,0
0,287185,0
1,287258,0
2,287330,0
3,287330,0
0,287403,0
3,287476,0
1,287476,1,287549
2,287549,0
0,287622,0
3,287622,1,287695
2,287695,0
0,287767,0
1,287767,1,287840
3,287840,0
0,287913,0
2,287913,0
3,287986,0
1,288059,0
0,288059,0
2,288131,0
1,288204,0
3,288204,1,288277
0,288277,0
1,288350,0
2,288350,0
3,288423,0
0,288496,0
1,288496,0
2,288568,0
0,288641,0
3,288641,1,288714
1,288714,0
2,288787,0
0,288787,0
1,288860,0
2,288932,0
3,288932,1,289005
0,289005,0
2,289078,0
1,289078,0
0,289151,0
3,289224,0
2,289224,1,289297
1,289297,0
3,289369,0
0,289369,1,289442
2,289442,0
3,289515,0
1,289515,0
0,289588,0
2,289661,0
3,289661,0
1,289733,0
0,289806,0
2,289806,0
3,289879,0
2,289952,0
1,289952,0
3,290025,0
1,290097,0
0,290097,0
2,290170,0
1,290243,0
3,290243,0
2,290316,0
1,290389,0
0,290389,0
3,290462,0
2,290534,0
0,290534,0
1,290607,0
0,290680,0
3,290680,1,290753
2,290753,0
1,290826,0
0,290826,0
3,290898,0
2,290971,0
1,290971,1,291044
0,291044,0
3,291117,0
2,291117,0
0,291190,0
2,291263,0
1,291263,0
3,291263,0
0,291335,0
1,291408,0
2,291481,0
3,291554,0
1,291554,0
0,291554,0
2,291627,0
3,291699,0
1,291772,0
0,291845,0
2,291845,0
3,291845,0
1,291918,0
0,291991,0
2,292064,0
1,292136,0
0,292136,0
3,292136,0
2,292209,0
1,292282,0
3,292355,0
2,292428,0
1,292428,0
0,292428,0
3,292500,0
2,292573,0
0,292646,0
1,292719,0
3,292719,0
2,292719,0
0,292792,0
1,292864,0
2,292937,0
3,293010,0
1,293010,0
0,293010,0
2,293083,0
3,293156,0
1,293229,0
2,293301,0
3,293301,0
0,293301,0
1,293374,0
2,293447,0
0,293520,0
3,293593,0
1,293593,0
2,293593,0
0,293665,0
1,293738,0
3,293811,0
2,293884,0
1,293884,0
0,293884,0
3,293957,0
2,294030,0
1,294102,0
2,294175,0
3,294175,0
0,294175,0
1,294248,0
3,294321,0
0,294394,0
1,294466,0
3,294466,0
2,294466,0
0,294539,0
1,294612,0
2,294685,0
1,294758,0
3,294758,0
0,294758,0
2,294830,0
3,294903,0
1,294976,0
3,295049,0
2,295049,0
0,295049,0
1,295122,0
0,295195,0
2,295267,0
1,295340,0
0,295340,0
3,295340,0
2,295413,0
1,295486,0
3,295559,0
2,295631,0
0,295631,0
1,295631,0
3,295704,0
2,295777,0
0,295850,0
1,295923,0
2,295923,0
3,295923,0
0,295996,0
2,296068,0
3,296068,0
1,296141,0
0,296214,0
3,296214,0
2,296214,0
1,296287,0
0,296360,0
3,296360,0
2,296432,0
0,296505,0
1,296505,0
3,296505,0
2,296578,0
1,296651,0
0,296651,0
3,296724,0
2,296797,0
1,296797,0
0,296797,0
3,296869,0
1,296942,0
0,296942,0
2,297015,0
3,297088,0
1,297088,0
0,297088,0
2,297161,0
1,297233,0
0,297233,0
3,297306,0
2,297379,0
1,297379,0
0,297379,0
3,297452,0
2,297525,0
1,297525,0
0,297597,0
1,297670,0
2,297670,0
3,297670,0
0,297743,0
2,297816,0
3,297816,0
1,297889,0
0,297962,0
2,297962,0
3,297962,0
1,298034,0
2,298107,0
3,298107,0
0,298180,0
1,298253,0
2,298253,0
3,298253,0
0,298326,0
1,298398,0
2,298398,0
3,298471,0
2,298544,0
0,298544,0
1,298544,0
3,298617,0
1,298690,0
0,298690,0
2,298763,0
3,298835,0
1,298835,0
0,298835,0
2,298908,0
3,298981,0
1,298981,0
0,299054,0
1,299127,0
2,299127,0
3,299127,0
0,299199,0
2,299272,0
3,299272,0
1,299345,0
0,299418,0
3,299418,0
2,299418,1,299636
1,299491,1,299636
0,299564,1,299636
3,299636,1,299709
1,299709,1,299928
2,299782,1,299928
3,299855,1,299928
0,299928,1,300000
3,300000,1,300049
2,300049,1,300097
1,300097,1,300146
3,300146,1,300195
2,300195,1,300243
0,300243,1,300292
3,300292,1,300340
1,300340,1,300389
0,300389,1,300437
2,300437,1,300486
1,300486,1,300534
0,300534,1,300583
2,300583,1,300729
3,300583,1,300656
1,300583,1,300656
0,300656,1,300729
1,300729,1,300874
3,300729,1,300801
0,300801,1,300947
2,300874,1,300947
3,300874,1,300947
1,300947,1,301093
0,301020,1,301165
2,301020,1,301093
3,301093,1,301165
2,301165,1,301311
1,301165,1,301238
3,301238,1,301384
0,301311,1,301384
1,301311,1,301384
2,301384,1,301530
3,301457,1,301602
0,301457,1,301530
1,301530,1,301675
0,301602,1,301675
2,301602,1,301748
3,301675,1,301748
1,301748,1,301894
0,301748,1,301821
2,301821,1,301894
0,301894,1,302039
3,301894,1,301966
2,301966,1,302112
3,302039,1,302112
1,302039,1,302185
0,302112,1,302258
2,302185,1,302330
3,302185,1,302258
1,302258,1,302330
0,302330,1,302403
3,302330,1,302476
1,302403,1,302549
0,302476,1,302549
2,302476,1,302549
3,302549,1,302695
1,302622,1,302767
2,302622,1,302695
0,302695,1,302840
3,302767,1,302913
2,302767,1,302840
1,302840,1,302913
2,302913,1,303059
0,302913,1,302986
1,302986,1,303059
0,303059,1,303204
3,303059,1,303131
2,303131,1,303277
3,303204,1,303277
1,303204,1,303277
0,303277,1,303423
2,303350,1,303496
1,303350,1,303423
3,303423,1,303568
0,303496,1,303568
1,303496,1,303641
2,303568,1,303641
0,303641,1,303714
3,303641,1,303714
1,303714,1,303860
3,303787,1,303932
2,303787,1,303860
0,303860,1,304005
1,303932,1,304078
2,303932,1,304005
3,304005,1,304078
0,304078,1,304224
2,304078,1,304151
1,304151,1,304297
2,304224,1,304369
3,304224,1,304297
0,304297,1,304369
1,304369,1,304442
3,304369,1,304515
0,304442,1,304588
1,304515,1,304661
2,304515,1,304588
3,304588,1,304661
0,304661,1,304806
2,304661,1,304733
3,304733,1,304879
2,304806,1,304952
1,304806,1,304879
0,304879,1,305025
1,304952,1,305025
3,304952,1,305097
2,305025,1,305170
1,305097,1,305243
0,305097,1,305170
3,305170,1,305243
0,305243,1,305389
2,305243,1,305316
1,305316,1,305389
3,305389,1,305534
2,305389,1,305462
1,305462,1,305607
0,305534,1,305607
2,305534,1,305607
3,305607,1,305753
1,305680,1,305826
0,305680,1,305753
2,305753,1,305826
0,305826,1,305971
3,305826,1,305898
1,305898,1,305971
3,305971,1,306044
2,305971,1,306117
0,306044,1,306190
1,306117,1,306190
3,306117,1,306190
2,306190,1,306335
0,306263,1,306408
1,306263,1,306335
3,306335,1,306408
1,306408,1,306554
2,306408,1,306481
0,306481,1,306554
3,306554,1,306699
2,306554,1,306627
0,306627,1,306772
1,306699,1,306772
2,306699,1,306772
3,306772,1,306918
0,306845,1,306991
1,306845,1,306918
2,306918,1,306991
3,306991,1,307136
1,306991,1,307064
2,307064,1,307136
0,307136,1,307209
1,307136,1,307282
2,307209,1,307355
3,307282,1,307355
0,307282,1,307355
1,307355,1,307500
2,307428,1,307573
3,307428,1,307500
0,307500,1,307573
1,307573,1,307646
3,307573,1,307719
0,307646,1,307792
2,307719,1,307864
1,307719,1,307792
3,307792,1,307864
0,307864,1,308010
1,307864,1,307937
2,307937,1,308010
1,308010,1,308083
3,308010,1,308156
2,308083,1,308229
0,308156,1,308229
1,308156,1,308229
3,308229,1,308374
0,308301,1,308447
2,308301,1,308374
1,308374,1,308447
2,308447,1,308520
3,308447,1,308593
1,308520,1,308665
2,308593,1,308738
0,308593,1,308665
3,308665,1,308738
0,308738,1,308884
1,308738,1,308811
3,308811,1,308957
2,308884,1,309030
1,308884,1,308957
0,308957,1,309030
1,309030,1,309175
3,309030,1,309102
2,309102,1,309175
0,309175,1,309321
3,309175,1,309248
2,309248,1,309394
1,309321,1,309394
3,309321,1,309394
0,309394,1,309539
2,309466,1,309612
1,309466,1,309539
3,309539,1,309612
0,309612,1,309685
1,309612,1,309758
2,309685,1,309830
3,309758,1,309830
0,309758,1,309830
1,309830,1,309903
0,309903,0
2,309903,0
3,309903,0
1,309976,0
2,310049,0
3,310049,0
1,310122,0
0,310195,0
3,310195,0
2,310231,0
1,310267,0
0,310304,0
3,310340,0
2,310413,0
1,310486,0
0,310486,0
3,310559,0
0,310631,0
1,310668,0
2,310704,0
3,310741,0
1,310777,0
0,310777,0
2,310850,0
3,310923,0
0,310923,0
2,310996,0
1,310996,0
0,311068,0
3,311068,0
1,311141,0
2,311214,0
3,311250,0
1,311287,0
0,311323,0
2,311360,0
3,311360,0
1,311432,0
0,311505,0
2,311505,0
3,311578,0
1,311651,0
0,311651,0
2,311724,0
0,311797,0
1,311797,0
3,311869,0
2,311869,0
0,311942,0
1,311979,0
3,312015,0
2,312051,0
0,312088,0
3,312161,0
2,312233,0
1,312233,0
0,312233,0
3,312306,0
1,312379,0
2,312452,0
0,312525,0
3,312525,0
1,312597,0
2,312670,0
3,312707,0
0,312743,0
1,312780,0
2,312816,0
3,312816,0
0,312889,0
2,312962,0
3,312962,0
1,313034,0
0,313107,0
3,313107,0
2,313180,0
1,313253,0
0,313253,0
3,313326,0
1,313398,0
0,313435,0
3,313471,0
2,313508,0
1,313544,0
3,313617,0
2,313690,0
0,313690,0
1,313763,0
2,313835,0
3,313872,0
0,313908,0
1,313945,0
2,313981,0
3,313981,0
0,314054,0
1,314127,0
2,314199,0
3,314199,0
1,314272,0
0,314272,0
3,314345,0
0,314418,0
2,314418,0
3,314491,0
1,314564,0
0,314564,0
2,314636,0
3,314636,0
0,314709,0
1,314709,0
2,314782,0
3,314855,0
1,314855,0
2,314928,0
0,314928,0
3,315000,0
1,315000,0
0,315073,0
3,315146,0
2,315146,0
0,315219,0
1,315219,0
2,315292,0
3,315292,0
1,315364,0
0,315364,0
3,315437,0
2,315437,0
1,315510,0
0,315583,0
1,315656,0
2,315729,0
3,315729,0
1,315801,0
0,315801,0
3,315874,0
2,315874,0
0,315947,0
1,316020,0
2,316020,0
0,316093,0
3,316093,0
1,316165,0
2,316165,0
3,316238,0
1,316311,0
0,316311,0
2,316384,0
3,316384,0
1,316457,0
0,316457,0
2,316530,0
3,316530,0
1,316602,0
0,316602,0
2,316675,0
3,316748,0
2,316821,0
1,316894,0
0,316894,0
2,316966,0
3,316966,0
1,317039,0
0,317039,0
3,317112,0
2,317112,0
0,317185,0
1,317185,0
2,317258,0
3,317258,0
1,317330,0
0,317330,0
2,317403,0
1,317476,0
0,317476,0
3,317476,0
2,317622,0
3,317658,0
1,317695,0
0,317731,0
2,317767,0
3,317767,0
1,317913,0
0,317949,0
2,317986,0
1,318059,0
0,318059,0
3,318059,0
2,318131,0
1,318204,0
0,318277,0
2,318277,0
3,318277,0
1,318350,0
2,318423,0
3,318496,0
1,318496,0
0,318496,0
2,318568,0
1,318641,0
0,318714,0
2,318714,0
3,318714,0
1,318787,0
2,318860,0
3,318932,0
1,318932,0
0,318932,0
2,319005,0
3,319078,0
0,319078,0
1,319151,0
0,319224,1,320097
2,319224,1,320097
3,319224,1,320389
1,320389,0
0,320389,1,320462
3,320462,0
2,320462,1,320534
1,320534,0
0,320534,1,320607
3,320607,0
2,320607,1,320680
0,320680,0
1,320680,1,320753
2,320753,0
3,320753,1,320826
0,320826,0
1,320826,1,320898
2,320898,0
3,320898,1,320971
0,320971,1,321020
1,321020,1,321068
3,321068,1,321117
0,321117,1,321165
2,321165,1,321214
3,321214,1,321263
0,321263,1,321311
1,321311,1,321360
3,321360,1,321408
0,321408,1,321457
2,321457,1,321505
3,321505,1,321554
1,321554,0
0,321554,0
2,321627,0
1,321699,0
0,321772,0
2,321845,0
3,321845,0
1,321918,0
3,321991,0
0,322064,0
2,322136,0
1,322136,0
0,322209,0
2,322282,0
3,322355,0
1,322428,0
0,322428,0
2,322500,0
3,322573,0
1,322646,0
2,322719,0
3,322719,0
0,322792,0
2,322864,0
3,322937,0
0,323010,0
1,323010,0
2,323083,0
1,323156,0
3,323229,0
0,323301,0
2,323301,0
3,323374,0
0,323447,0
1,323520,0
2,323593,0
3,323593,0
0,323665,0
1,323738,0
2,323811,0
0,323884,1,324030
1,323884,1,323957
3,323957,1,324030
2,324030,1,324175
1,324102,1,324175
3,324175,1,324321
0,324175,1,324248
2,324248,1,324321
1,324321,1,324466
0,324394,1,324466
3,324466,1,324612
2,324466,1,324539
0,324539,1,324612
1,324612,1,324758
2,324685,1,324758
0,324758,1,324903
3,324758,1,324830
1,324830,1,324903
2,324903,1,325049
3,324976,1,325049
0,325049,1,325195
1,325049,1,325122
2,325122,1,325195
3,325195,1,325340
1,325267,1,325340
2,325340,1,325486
0,325340,1,325413
3,325413,1,325486
1,325486,1,325631
0,325559,1,325631
2,325631,1,325704
3,325631,1,325777
1,325704,1,325777
0,325777,1,325923
2,325850,1,325923
1,325923,1,326068
3,325923,1,325996
0,325996,1,326068
3,326068,1,326214
2,326141,1,326214
1,326214,0
0,326214,0
2,326287,0
1,326360,0
0,326432,0
2,326505,0
3,326505,0
1,326578,0
3,326651,0
0,326724,0
2,326797,0
1,326797,0
0,326869,0
2,326942,0
3,327015,0
1,327088,0
0,327088,0
2,327161,0
3,327233,0
1,327306,0
2,327379,0
3,327379,0
0,327452,0
2,327525,0
3,327597,0
0,327670,0
1,327670,0
2,327743,0
1,327816,0
3,327889,0
0,327962,0
2,327962,0
3,328034,0
0,328107,0
1,328180,0
2,328253,0
3,328253,0
0,328326,0
1,328398,0
2,328471,0
0,328544,1,328690
1,328544,1,328617
3,328617,1,328690
2,328690,1,328835
1,328763,1,328835
3,328835,1,328981
0,328835,1,328908
2,328908,1,328981
1,328981,1,329127
0,329054,1,329127
3,329127,1,329272
2,329127,1,329199
0,329199,1,329272
1,329272,1,329418
2,329345,1,329418
0,329418,1,329564
3,329418,1,329491
1,329491,1,329564
2,329564,1,329709
3,329636,1,329709
0,329709,1,329855
1,329709,1,329782
2,329782,1,329855
3,329855,1,330000
1,329928,1,330000
2,330000,1,330146
0,330000,1,330073
3,330073,1,330146
1,330146,1,330292
0,330219,1,330292
2,330292,1,330364
3,330292,1,330437
1,330364,1,330437
0,330437,1,330583
2,330510,1,330583
1,330583,1,330729
3,330583,1,330656
0,330656,1,330729
2,330729,1,330801
3,330801,1,330874
1,330874,0
0,330874,0
2,330874,0
3,330947,0
0,331020,0
1,331093,0
2,331165,0
3,331165,0
0,331238,0
2,331311,0
1,331384,0
0,331457,0
3,331457,0
1,331530,0
3,331602,0
2,331675,0
1,331748,0
0,331748,0
3,331821,0
2,331894,0
0,331966,0
2,332039,0
3,332039,0
1,332112,0
3,332185,0
2,332258,0
0,332330,0
1,332330,0
3,332403,0
0,332476,0
2,332549,0
3,332622,0
1,332622,0
2,332695,0
1,332767,0
0,332840,0
2,332913,0
3,332913,0
1,332986,0
0,333059,0
3,333131,0
1,333204,1,333277
0,333204,1,333350
3,333277,1,333350
2,333350,1,333496
1,333423,1,333496
0,333496,1,333568
3,333496,1,333641
2,333568,1,333641
1,333641,1,333787
0,333714,1,333787
2,333787,1,333860
3,333787,1,333932
0,333860,1,333932
1,333932,1,334078
2,334005,1,334078
3,334078,1,334151
0,334078,1,334224
1,334151,1,334224
2,334224,1,334369
3,334297,1,334369
1,334369,1,334442
0,334369,1,334515
2,334442,1,334515
3,334515,1,334661
1,334588,1,334661
2,334661,1,334733
0,334661,1,334806
3,334733,1,334806
1,334806,1,334952
2,334879,1,334952
3,334952,1,335097
0,334952,1,335025
2,335025,1,335097
1,335097,1,335243
0,335170,1,335243
3,335243,1,335316
2,335243,1,335389
0,335316,1,335389
3,335389,1,335462
1,335389,1,335462
2,335462,1,335534
1,335534,0
0,335534,0
3,335534,0
2,335607,0
1,335680,0
0,335680,0
2,335753,0
3,335753,0
1,335826,0
0,335826,0
2,335898,0
3,335898,0
1,335971,0
0,335971,0
2,336044,0
3,336044,0
1,336117,0
0,336117,0
2,336190,0
3,336190,0
1,336263,0
0,336263,0
2,336335,0
3,336335,0
0,336408,0
1,336445,0
3,336481,0
2,336517,0
0,336554,0
1,336627,0
2,336699,0
3,336699,0
0,336699,0
1,336772,0
2,336845,0
3,336845,0
1,336918,0
0,336918,0
3,336991,0
2,337027,0
1,337064,0
0,337064,0
3,337136,0
2,337173,0
1,337209,0
0,337209,0
2,337282,0
3,337282,0
1,337355,0
0,337355,0
2,337428,0
3,337428,0
1,337500,0
0,337500,0
3,337573,0
2,337610,0
0,337646,0
1,337682,0
2,337719,0
3,337792,0
2,337864,0
1,337864,0
0,337864,0
3,337937,0
1,338010,0
0,338010,0
3,338083,0
2,338083,0
1,338156,0
0,338156,0
2,338229,0
3,338229,0
1,338301,0
0,338301,0
2,338374,0
3,338447,0
1,338447,0
0,338447,0
2,338593,0
3,338629,0
1,338665,0
0,338702,0
2,338738,0
3,338738,0
1,338884,0
0,338920,0
2,338957,0
3,338993,0
0,339030,0
1,339030,1,339102
2,339102,1,339175
3,339175,1,339248
1,339248,1,339321
2,339321,1,339394
3,339394,1,339466
0,339466,1,339539
1,339539,1,339612
3,339612,1,339685
0,339685,1,339758
2,339758,1,339830
3,339830,1,339903
0,339903,1,339976
2,339976,1,340049
1,340049,1,340122
3,340122,1,340195
2,340195,0
0,340213,0
2,341724,0
0,341742,0
2,343471,0
0,343489,0
2,345510,0
0,345528,0
