0,672,0
1,754,0
2,822,0
3,877,0
0,931,0
1,986,0
2,1041,0
3,1082,0
1,1123,0
0,1164,0
2,1205,0
1,1246,0
0,1287,0
3,1287,0
2,1287,0
0,1614,0
2,1614,0
1,1778,0
2,1778,0
3,1778,0
0,1942,0
3,1942,0
1,2106,0
1,2270,0
0,2270,0
2,2270,0
2,2434,0
3,2434,0
1,2598,0
0,2598,0
3,2598,0
2,2762,0
1,2844,0
0,2926,0
3,2926,0
1,3090,0
2,3090,0
3,3090,0
1,3254,0
0,3254,0
3,3418,0
0,3418,0
2,3582,0
3,3582,0
0,3582,0
1,3746,0
2,3746,0
1,3909,0
0,3909,0
2,3909,0
1,4073,0
2,4155,0
0,4237,0
3,4237,0
1,4401,0
0,4401,0
2,4401,0
0,4565,0
3,4565,0
3,4729,0
2,4729,0
1,4893,0
2,4893,0
0,4893,0
2,5057,0
1,5057,0
1,5221,0
0,5221,0
3,5221,0
0,5385,0
1,5549,0
2,5549,0
2,5713,0
3,5713,0
0,5713,0
1,5877,0
3,5877,0
2,6041,0
0,6041,0
1,6205,0
0,6205,0
3,6205,0
1,6368,0
2,6368,0
0,6532,0
2,6532,0
3,6532,0
1,6860,0
3,6860,0
0,7024,0
1,7024,0
2,7024,0
0,7188,0
3,7188,0
1,7352,0
2,7516,0
3,7516,0
0,7516,0
1,7680,0
0,7680,0
1,7844,0
2,7844,0
3,7844,0
2,8008,0
1,8090,0
0,8172,0
3,8172,0
1,8336,0
2,8336,0
3,8336,0
0,8500,0
3,8500,0
1,8664,0
0,8664,0
1,8827,0
2,8827,0
3,8827,0
1,8991,0
2,8991,0
2,9155,0
3,9155,0
0,9155,0
1,9319,0
2,9401,0
0,9483,0
3,9483,0
1,9647,0
0,9647,0
2,9647,0
1,9811,0
3,9811,0
2,9975,0
0,9975,0
3,10139,0
0,10139,0
1,10139,0
3,10303,0
0,10303,0
2,10467,0
3,10467,0
1,10467,0
1,10631,0
2,10713,0
0,10795,0
3,10795,0
1,10959,0
2,10959,0
3,10959,0
1,11123,0
0,11123,0
1,11286,0
0,11286,0
0,11450,0
2,11450,0
3,11450,0
2,11614,0
3,11614,0
1,11614,0
1,11778,0
0,11778,0
2,11778,0
3,11778,0
3,12147,1,12516
1,12516,1,12844
0,12844,1,13172
2,13172,1,13827
1,13827,1,14511
2,14511,1,16778
0,15713,1,16614
0,16696,1,16860
1,16778,1,16942
2,16860,1,17024
3,16942,1,17024
1,17024,0
0,17024,0
3,17393,1,17762
1,17762,1,18090
0,18090,1,18418
2,18418,1,19073
1,19073,1,19784
0,19784,1,21942
3,21942,1,22106
2,22024,1,22188
1,22106,1,22270
0,22188,1,22270
2,22270,0
3,22270,0
2,22434,0
1,22516,0
0,22598,0
1,22762,0
3,22844,0
2,22926,0
1,23090,0
2,23172,0
0,23254,0
3,23336,0
1,23336,0
2,23418,0
1,23500,0
0,23582,0
3,23582,0
1,23746,0
3,23827,0
2,23909,0
3,24073,0
2,24073,0
0,24155,0
1,24237,0
2,24319,0
3,24401,0
1,24483,0
2,24565,0
3,24647,0
0,24647,0
1,24729,0
2,24811,0
3,24893,0
0,24893,0
1,25057,0
2,25139,0
3,25221,0
0,25385,0
2,25385,0
1,25467,0
3,25549,0
1,25713,0
0,25795,0
2,25877,0
1,25959,0
3,25959,0
0,26041,0
2,26123,0
3,26205,0
0,26205,0
1,26368,0
2,26450,0
3,26532,0
1,26696,0
3,26696,0
0,26778,0
2,26860,0
1,27024,0
2,27106,0
3,27188,0
0,27270,0
2,27270,0
1,27352,0
3,27434,0
1,27516,0
0,27516,0
2,27680,0
1,27762,0
0,27844,0
1,28008,0
3,28008,0
0,28090,0
2,28172,0
1,28336,0
2,28418,0
0,28500,0
1,28582,0
3,28582,0
0,28664,0
3,28746,0
2,28827,0
1,28827,0
0,28991,0
1,29073,0
2,29155,0
3,29319,0
1,29319,0
0,29401,0
2,29483,0
0,29647,0
1,29729,0
3,29811,0
0,29893,0
2,29893,0
3,29975,0
0,30057,0
2,30139,0
3,30139,0
1,30139,1,31532
0,31532,1,31614
3,31614,1,32434
0,32024,0
0,32434,1,32598
1,32516,1,32680
2,32598,1,32762
3,32680,1,32762
1,32762,1,32844
0,32762,0
2,32926,0
0,33090,1,33172
1,33254,0
3,33418,1,33500
1,33582,0
2,33746,1,33827
0,33909,0
3,34073,1,34155
1,34237,0
2,34401,1,34483
0,34565,0
1,34729,1,34811
3,34893,0
0,35057,1,35139
2,35221,0
1,35385,1,35467
0,35549,0
2,35713,1,35795
3,35877,0
1,36041,1,36123
0,36205,0
3,36368,1,36450
2,36532,0
0,36696,1,36778
1,36860,0
2,37024,1,37106
3,37188,0
0,37352,1,37434
2,37516,0
1,37680,1,37762
3,37844,0
2,38008,1,38090
1,38172,0
0,38336,1,38418
2,38500,0
3,38664,1,38746
0,38827,0
2,38991,1,39073
1,39155,0
3,39319,1,39401
1,39483,0
2,39647,1,39729
0,39811,0
1,39975,1,40057
3,40139,0
0,40303,1,40385
2,40467,0
1,40631,1,40713
3,40795,0
2,40959,1,41041
0,41123,0
1,41286,1,41368
2,41450,0
3,41614,1,41696
1,41778,0
0,41942,1,42024
3,42106,0
2,42270,1,42352
1,42434,0
0,42598,1,42680
2,42762,0
1,42926,1,43008
3,43090,0
2,43254,1,43336
1,43254,0
1,43418,0
2,43500,0
3,43500,0
0,43582,1,43664
3,43746,0
2,43746,0
3,43909,1,43991
0,43909,0
1,44073,0
0,44155,0
3,44155,0
2,44237,1,44319
1,44401,0
0,44401,0
3,44565,1,44647
0,44565,0
1,44729,0
0,44811,0
3,44811,0
2,44893,1,44975
0,45057,0
3,45057,0
1,45221,1,45303
3,45221,0
2,45385,0
1,45467,0
3,45467,0
0,45549,1,45631
1,45631,0
2,45713,0
0,45713,0
3,45795,0
1,45877,1,45959
2,45877,0
3,46041,0
1,46123,0
0,46123,0
2,46205,1,46286
1,46368,0
0,46368,0
1,46532,1,46614
3,46532,0
2,46696,0
1,46778,0
0,46778,0
3,46860,1,46942
0,47024,0
1,47024,0
0,47188,1,47270
2,47188,0
1,47352,0
0,47434,0
3,47434,0
2,47516,1,47598
0,47680,0
3,47680,0
0,47844,1,47926
2,47844,0
1,48008,0
0,48090,0
1,48172,1,48254
2,48172,0
3,48254,0
2,48336,0
3,48418,0
2,48500,1,48582
1,48500,0
0,48500,1,48664
3,48582,0
1,48664,0
0,48746,0
2,48746,0
3,48746,0
1,48827,0
2,48909,0
3,48991,0
0,48991,0
1,48991,0
2,49073,0
0,49155,0
1,49237,0
3,49237,0
2,49237,0
0,49319,0
3,49401,0
2,49483,0
1,49483,0
0,49483,0
3,49565,0
1,49647,0
0,49647,0
2,49729,0
3,49811,0
1,49811,0
0,49811,0
2,49893,0
1,49975,0
3,50057,0
2,50057,0
0,50057,0
1,50139,0
3,50221,0
0,50303,0
2,50303,0
1,50303,0
3,50385,0
0,50467,0
1,50467,0
2,50549,0
3,50549,0
0,50549,0
1,50631,0
3,50631,0
2,50713,0
1,50795,0
0,50795,0
3,50795,0
2,50877,0
1,50959,0
0,50959,0
2,51041,0
1,51123,0
0,51123,0
3,51123,0
1,51205,0
2,51286,0
3,51286,0
0,51286,0
2,51368,0
1,51450,0
0,51450,0
3,51450,0
0,51532,0
1,51614,0
2,51614,0
3,51614,0
3,51696,0
2,51778,0
1,51778,0
0,51778,0
1,51860,0
0,51942,0
2,51942,0
3,51942,0
2,52024,0
1,52106,0
0,52106,0
3,52106,0
0,52188,0
1,52270,0
2,52270,0
3,52270,0
3,52352,0
0,52434,1,52653
2,52434,0
1,52489,1,52762
0,52762,0
1,53090,0
3,53090,1,53308
2,53144,1,53418
3,53418,0
1,53418,0
0,53418,0
1,53746,1,53868
2,53746,1,53909
0,53746,1,53827
3,53786,1,53950
0,53909,0
1,53950,0
2,53991,0
3,54032,0
0,54073,0
1,54073,1,54155
2,54114,1,54196
3,54155,1,54237
0,54196,0
1,54237,0
2,54278,0
3,54319,0
0,54401,0
1,54401,0
2,54442,0
3,54565,0
1,54606,0
0,54647,0
2,54729,0
3,54729,0
1,54770,0
3,54811,0
2,54893,0
2,54975,0
0,55057,0
1,55057,0
3,55098,0
0,55139,0
1,55221,0
1,55303,0
0,55344,0
3,55385,0
2,55385,0
1,55426,0
3,55467,0
2,55549,0
2,55631,0
0,55713,0
3,55713,0
1,55754,0
2,55795,0
3,55836,0
1,55877,0
0,55918,0
3,55959,0
2,56000,0
0,56041,1,56286
1,56041,1,56286
3,56368,1,56450
2,56368,1,56491
1,56368,1,56532
0,56409,1,56573
3,56532,0
2,56573,0
1,56614,0
0,56655,0
3,56696,0
2,56696,1,56778
1,56737,1,56819
0,56778,1,56860
3,56819,0
2,56860,0
1,56901,0
0,56942,0
3,56983,0
2,57024,0
1,57024,0
3,57079,0
2,57133,0
0,57188,0
1,57229,0
3,57270,0
1,57352,0
0,57352,0
2,57393,0
0,57434,0
1,57516,0
1,57598,0
2,57680,0
3,57680,0
0,57721,0
3,57762,0
2,57844,0
2,57926,0
3,57967,0
1,58008,0
0,58008,0
2,58049,0
0,58090,0
1,58172,0
1,58254,0
3,58336,0
2,58336,0
0,58377,0
1,58418,0
2,58445,0
3,58472,0
0,58500,0
0,58582,0
3,58582,0
2,58623,0
0,58746,0
3,58746,0
1,58746,0
1,58991,1,59114
2,58991,1,59155
0,58991,1,59073
3,59032,1,59196
0,59155,0
1,59196,0
2,59237,0
3,59278,0
0,59319,0
1,59319,1,59401
2,59360,1,59442
3,59401,1,59483
0,59442,0
1,59483,0
2,59524,0
3,59565,0
0,59647,0
1,59647,0
2,59688,0
3,59811,0
1,59852,0
0,59893,0
2,59975,0
3,59975,0
1,60016,0
3,60057,0
2,60139,0
2,60221,0
0,60303,0
1,60303,0
3,60344,0
0,60385,0
1,60467,0
1,60549,0
0,60590,0
3,60631,0
2,60631,0
1,60672,0
3,60713,0
2,60795,0
2,60877,0
0,60959,0
3,60959,0
1,61000,0
2,61041,0
3,61082,0
1,61123,0
0,61164,0
3,61205,0
2,61246,0
1,61286,1,61532
0,61286,1,61532
1,61614,1,61778
2,61614,1,61737
3,61614,1,61696
0,61655,1,61778
3,61778,0
2,61819,0
1,61860,0
0,61860,0
3,61901,1,61983
2,61942,1,62024
1,61983,1,62024
0,62024,1,62065
3,62065,0
2,62106,0
1,62106,0
0,62147,0
3,62188,0
2,62229,0
1,62270,0
0,62270,0
3,62325,0
1,62379,0
0,62434,0
0,62516,0
2,62598,0
3,62598,0
1,62639,0
3,62680,0
2,62762,0
2,62844,0
0,62926,0
1,62926,0
2,63008,0
0,63090,0
1,63172,0
3,63254,0
2,63336,0
1,63418,0
0,63500,0
2,63582,0
1,63664,0
0,63746,0
1,63827,0
2,63909,0
3,63991,0
2,64073,0
1,64155,0
0,64237,1,64401
2,64237,1,64319
3,64237,1,64401
1,64278,1,64401
2,64401,0
2,64483,0
3,64565,1,64647
1,64565,1,64729
0,64565,1,64770
2,64606,1,64688
3,64729,1,64811
2,64770,1,64852
1,64811,1,64893
0,64852,1,64934
3,64893,0
2,64934,0
1,64975,0
0,65016,0
2,65057,0
3,65057,0
1,65098,0
2,65221,0
2,65303,0
1,65385,0
0,65385,0
0,65467,0
2,65549,0
3,65549,0
1,65590,0
3,65631,0
2,65713,0
2,65795,0
3,65836,0
1,65877,0
0,65877,0
2,65918,0
0,65959,0
1,66041,0
1,66123,0
3,66205,0
0,66205,0
2,66246,0
1,66286,0
0,66327,0
2,66368,0
3,66409,0
0,66450,0
1,66491,0
2,66532,0
3,66532,0
0,66573,0
1,66696,0
2,66696,0
0,66737,0
0,66860,1,66942
1,66860,1,66983
2,66860,1,67024
3,66901,1,67065
0,67024,0
1,67065,0
2,67106,0
3,67147,0
0,67188,0
1,67188,1,67270
2,67229,1,67311
3,67270,1,67352
0,67311,0
1,67352,0
2,67393,0
3,67434,0
0,67475,0
1,67516,0
2,67516,0
0,67571,0
1,67625,0
3,67680,0
2,67721,0
0,67762,0
2,67844,0
3,67844,0
1,67885,0
3,67926,0
2,68008,0
2,68090,0
1,68172,0
0,68172,0
3,68213,0
0,68254,0
1,68336,0
1,68418,0
0,68459,0
2,68500,0
3,68500,0
1,68541,0
3,68582,0
2,68664,0
2,68746,0
0,68827,0
1,68827,0
3,68868,0
2,68909,0
1,68937,0
0,68964,0
3,68991,0
3,69073,0
0,69073,0
1,69114,0
2,69155,0
0,69319,0
3,69319,0
2,69319,0
2,69483,1,69606
1,69483,1,69647
3,69483,1,69565
0,69524,1,69688
3,69647,0
2,69688,0
1,69729,0
0,69770,0
3,69811,0
2,69811,1,69893
1,69852,1,69934
0,69893,1,69975
3,69934,0
2,69975,0
1,70016,0
0,70057,0
3,70139,0
2,70139,0
1,70180,0
0,70303,0
2,70344,0
3,70385,0
1,70467,0
0,70467,0
2,70508,0
0,70549,0
1,70631,0
3,70631,0
1,70713,0
0,70740,0
3,70795,0
2,70795,0
1,70836,0
3,70877,0
2,70959,0
2,71041,0
3,71082,0
0,71123,0
1,71123,0
2,71164,0
0,71205,0
1,71286,0
1,71368,0
3,71368,0
3,71450,0
2,71450,0
0,71491,0
1,71532,0
2,71614,0
2,71696,0
0,71696,0
3,71737,0
1,71778,0
1,71942,0
0,71942,0
3,71942,0
2,72106,1,72270
1,72106,1,72229
0,72106,1,72188
3,72147,1,72270
0,72270,0
1,72311,0
2,72352,0
3,72352,0
0,72393,1,72475
1,72434,1,72516
2,72475,1,72516
3,72516,1,72557
0,72557,0
1,72598,0
2,72598,0
3,72639,0
0,72680,0
1,72721,0
2,72762,0
3,72803,0
1,72844,0
0,72844,0
2,72926,0
0,72926,0
3,72967,0
3,73090,0
0,73090,0
2,73131,0
0,73254,0
2,73254,0
1,73295,0
1,73418,0
3,73418,0
0,73459,0
0,73582,0
3,73582,0
1,73623,0
0,73746,1,73909
3,73746,0
2,73827,1,73909
1,73909,1,74073
3,73909,0
2,73991,1,74155
0,74073,1,74319
3,74073,0
1,74155,1,74237
3,74237,1,74319
2,74237,0
1,74319,1,74483
2,74401,1,74647
3,74401,0
0,74483,1,74565
3,74565,1,74647
1,74647,1,74729
2,74729,0
0,74729,1,74975
3,74729,1,74893
2,74893,1,74975
1,74975,1,75057
3,75057,1,75303
0,75057,1,75221
2,75057,0
1,75221,1,75467
2,75303,1,75385
0,75385,1,75631
3,75385,1,75549
2,75549,1,75631
1,75631,1,75713
3,75713,1,75959
0,75713,1,75877
2,75713,0
2,75877,1,76123
1,75959,1,76041
0,76041,1,76286
3,76041,1,76205
1,76205,1,76286
2,76286,1,76450
3,76368,1,76614
0,76368,1,76532
1,76368,0
2,76532,1,76778
1,76614,1,76696
0,76696,1,76942
3,76696,1,76860
1,76860,1,76942
2,76942,1,77106
3,77024,1,77270
0,77024,1,77188
1,77024,0
2,77188,1,77434
1,77270,1,77352
0,77352,1,77598
3,77352,1,77516
1,77516,1,77598
2,77598,1,77680
3,77680,1,77926
1,77680,1,77844
0,77680,0
0,77844,1,77926
2,77926,1,78090
1,78008,1,78172
0,78008,1,78172
3,78172,1,78254
2,78254,1,78336
1,78336,1,78582
0,78336,1,78500
3,78336,0
2,78500,1,78664
3,78664,1,78909
0,78664,1,78827
2,78827,1,78909
1,78909,1,78991
0,78991,1,79237
2,78991,1,79155
3,78991,0
3,79155,1,79237
1,79237,1,79401
2,79319,1,79483
3,79319,1,79483
0,79483,1,79565
1,79565,1,79647
2,79647,1,79811
3,79647,0
0,79647,0
1,79729,1,79893
3,79811,0
0,79811,1,79893
2,79893,1,79975
0,79975,0
3,79975,0
1,79975,0
2,80139,0
1,80221,0
0,80303,0
3,80303,0
2,80385,0
1,80467,0
0,80467,0
3,80467,0
2,80631,1,80713
3,80631,1,80713
1,80795,0
0,80795,0
2,80877,0
0,80959,0
3,80959,0
1,80959,0
2,81041,0
0,81123,0
2,81205,0
1,81286,0
0,81286,1,81368
3,81286,1,81368
2,81450,0
1,81532,0
0,81614,0
2,81696,0
0,81778,0
3,81778,0
1,81778,0
0,81942,1,82024
1,81942,1,82024
2,82106,0
3,82106,0
3,82270,0
1,82270,0
0,82270,0
2,82352,0
0,82434,0
3,82434,0
1,82516,0
0,82598,0
2,82598,1,82680
3,82598,1,82680
1,82762,0
2,82844,0
0,82926,0
3,82926,0
1,83008,0
3,83090,0
0,83090,0
2,83090,0
0,83254,1,83336
1,83254,1,83336
3,83336,0
2,83418,0
1,83500,0
2,83582,0
0,83582,0
3,83582,0
1,83664,0
3,83746,0
0,83746,0
2,83827,0
1,83909,0
0,83909,1,83991
3,83909,1,83991
1,84073,0
2,84237,0
0,84237,0
3,84237,0
3,84401,0
0,84565,1,84647
1,84565,1,84647
2,84565,0
2,84729,0
0,84893,0
1,84893,0
3,84893,0
2,84975,0
0,85057,0
1,85057,0
2,85139,0
0,85221,1,85385
3,85221,1,85467
1,85221,0
1,85385,1,85467
2,85467,1,85549
3,85549,1,85713
0,85549,1,85795
1,85549,0
2,85713,1,85959
1,85795,1,85877
0,85877,1,86041
3,85877,1,86123
1,86041,1,86123
2,86123,1,86205
3,86205,1,86368
0,86205,1,86450
1,86205,0
1,86368,1,86614
2,86450,1,86532
0,86532,1,86696
3,86532,1,86778
2,86696,1,86778
1,86778,1,86942
3,86860,1,87024
0,86860,1,87106
2,86860,0
1,87024,1,87270
2,87106,1,87188
0,87188,1,87352
3,87188,1,87434
2,87352,1,87434
1,87434,1,87598
3,87516,1,87680
0,87516,1,87762
2,87516,0
1,87680,1,87926
2,87762,1,87844
0,87844,1,88008
3,87844,1,88090
2,88008,1,88090
1,88090,1,88172
2,88172,1,88336
0,88172,1,88418
3,88172,0
3,88336,1,88418
1,88418,1,88582
3,88500,1,88664
2,88500,1,88664
0,88664,1,88746
1,88746,1,88827
3,88827,1,88991
2,88827,1,89073
0,88827,0
1,88991,1,89155
3,89155,1,89319
0,89155,1,89401
1,89319,1,89401
2,89401,1,89483
1,89483,1,89647
3,89483,1,89729
0,89483,0
0,89647,1,89729
2,89729,1,89893
0,89811,1,89975
1,89811,1,89975
3,89975,1,90057
2,90057,1,90139
0,90139,0
1,90139,1,90303
2,90221,1,90385
3,90303,1,90385
0,90303,0
1,90385,1,90467
2,90467,1,90631
3,90467,0
0,90467,1,90631
3,90631,1,90713
2,90713,1,90795
0,90795,0
1,90795,1,90959
2,90877,1,90959
0,90959,1,91041
1,91041,1,91123
3,91123,0
2,91123,1,91286
0,91205,1,91286
1,91286,1,91368
2,91368,1,91450
0,91450,0
3,91450,1,91614
1,91532,1,91614
2,91614,1,91696
0,91696,1,91778
1,91778,0
3,91778,1,91942
2,91860,1,91942
0,91942,0
1,91942,1,92024
2,92024,1,92106
3,92106,0
0,92106,1,92270
1,92188,1,92270
3,92270,0
2,92270,1,92352
1,92352,1,92434
0,92434,1,92598
3,92434,0
2,92516,1,92598
1,92598,0
3,92598,1,92680
2,92680,1,92762
1,92762,1,92844
3,92762,0
0,92844,1,92926
2,92926,1,93008
1,92926,0
3,93008,1,93090
1,93090,0
0,93090,0
3,93144,0
2,93199,0
0,93254,0
3,93295,0
1,93336,0
2,93377,0
0,93418,0
3,93459,0
1,93500,0
2,93541,0
0,93582,0
3,93623,0
1,93664,0
2,93705,0
0,93746,0
3,93786,0
1,93827,0
2,93868,0
0,93909,0
1,93950,0
3,93991,0
2,94032,0
0,94073,0
1,94073,0
3,94114,0
2,94155,0
1,94196,0
0,94237,0
3,94278,0
2,94319,0
1,94360,0
0,94401,0
2,94401,0
3,94401,0
2,94511,0
2,94729,0
0,94729,0
2,94838,0
1,95057,0
3,95057,0
0,95385,1,95508
2,95385,1,95508
1,95467,1,95549
3,95467,1,95549
0,95713,0
1,95713,0
2,95713,0
3,95795,0
0,95806,0
1,95836,0
2,95877,0
3,95918,0
1,95968,0
3,96041,0
0,96041,0
2,96123,0
0,96205,0
3,96259,0
0,96286,0
1,96368,0
3,96450,0
3,96532,0
0,96532,0
1,96614,0
2,96642,0
0,96696,0
3,96696,0
2,96778,0
1,96806,0
3,96860,0
2,96888,0
1,96915,0
0,96942,0
2,97024,0
3,97024,0
3,97106,0
0,97118,0
1,97147,0
2,97188,0
1,97270,0
0,97352,0
1,97352,0
2,97434,0
3,97516,0
0,97571,0
3,97598,0
0,97680,0
1,97716,0
2,97753,0
0,97844,0
2,97844,0
0,97926,0
2,98008,0
3,98008,0
3,98090,0
1,98172,0
2,98172,0
1,98336,0
0,98336,0
3,98418,0
2,98459,0
0,98472,0
1,98527,0
2,98582,0
3,98664,0
0,98664,0
2,98746,0
0,98827,0
3,98882,0
0,98909,0
1,98991,0
3,99073,0
2,99073,0
3,99155,0
0,99155,0
1,99237,0
2,99265,0
0,99319,0
3,99319,0
2,99401,0
1,99429,0
3,99483,0
2,99511,0
1,99538,0
0,99565,0
2,99647,0
3,99647,0
1,99729,0
0,99756,0
3,99811,0
2,99838,0
0,99893,0
1,99920,0
2,99975,0
3,99975,0
1,100057,0
2,100084,0
3,100084,0
0,100139,0
1,100139,0
2,100194,0
3,100194,0
0,100248,0
1,100276,0
3,100303,0
2,100358,0
1,100412,0
0,100467,0
3,100467,0
2,100549,0
1,100590,0
0,100631,0
3,100631,1,100713
2,100672,1,100795
0,100795,1,100877
1,100836,1,100918
3,100959,0
2,100959,0
1,100959,0
0,101041,0
3,101052,0
2,101082,0
1,101123,0
0,101164,0
2,101214,0
3,101286,0
0,101286,0
1,101368,0
3,101450,0
0,101505,0
3,101532,0
2,101614,0
0,101696,0
0,101778,0
3,101778,0
2,101860,0
1,101888,0
3,101942,0
0,101942,0
1,102024,0
2,102052,0
0,102106,0
1,102133,0
2,102161,0
3,102188,0
1,102270,0
0,102270,0
0,102352,0
3,102364,0
2,102393,0
1,102434,0
2,102516,0
3,102598,0
2,102598,0
1,102680,0
0,102762,0
3,102817,0
0,102844,0
3,102926,0
2,102962,0
1,102999,0
3,103090,0
1,103090,0
3,103172,0
1,103254,0
0,103254,0
0,103336,0
2,103418,0
1,103418,0
2,103582,0
3,103582,0
0,103664,0
1,103705,0
3,103718,0
2,103773,0
1,103827,0
0,103909,0
3,103909,0
1,103991,0
3,104073,0
0,104128,0
3,104155,0
2,104237,0
0,104319,0
1,104319,0
0,104401,0
3,104401,0
2,104483,0
1,104511,0
3,104565,0
0,104565,0
1,104647,0
2,104674,0
0,104729,0
1,104756,0
2,104784,0
3,104811,0
0,104893,0
1,104893,0
2,104975,0
0,105057,0
1,105139,0
3,105221,0
2,105303,0
1,105385,0
0,105467,0
2,105549,0
1,105631,0
0,105713,0
1,105795,0
2,105877,0
3,105959,0
2,106041,0
1,106123,0
0,106205,0
3,106205,0
2,106205,0
2,106286,0
1,106327,0
0,106368,0
3,106387,0
2,106423,0
0,106478,0
3,106532,0
1,106532,0
2,106614,0
0,106696,0
2,106751,0
0,106778,0
1,106860,0
3,106942,0
3,107024,0
1,107024,0
0,107106,0
2,107133,0
3,107188,0
0,107188,0
2,107270,0
3,107311,0
1,107352,0
2,107379,0
0,107407,0
1,107434,0
3,107516,0
2,107516,0
3,107589,0
0,107598,0
2,107625,0
1,107662,0
1,107762,0
0,107844,0
2,107844,0
1,107926,0
3,108008,0
1,108062,0
3,108090,0
2,108172,0
3,108226,0
0,108254,0
2,108281,0
0,108336,0
1,108336,0
1,108418,0
2,108500,0
3,108500,0
3,108582,0
2,108664,0
1,108664,0
1,108827,0
0,108827,0
3,108909,0
2,108950,0
0,108964,0
1,109019,0
2,109073,0
0,109155,0
3,109155,0
1,109237,0
3,109319,0
1,109374,0
3,109401,0
2,109483,0
0,109565,0
2,109647,0
0,109647,0
3,109729,0
1,109756,0
0,109811,0
2,109811,0
1,109893,0
0,109934,0
2,109975,0
1,110002,0
3,110030,0
2,110057,0
1,110139,0
0,110139,0
2,110221,0
3,110241,0
0,110303,0
1,110323,0
3,110385,0
2,110405,0
1,110467,0
0,110467,0
2,110549,0
0,110576,0
3,110576,0
2,110631,0
1,110631,0
1,110754,0
0,110795,0
3,110795,0
2,110836,0
1,110877,0
3,110959,0
2,110959,0
1,111041,0
2,111082,0
3,111123,0
0,111123,1,111205
1,111164,1,111286
3,111286,1,111368
2,111327,1,111409
3,111450,0
0,111450,0
1,111450,0
1,111532,0
2,111573,0
3,111614,0
0,111633,0
1,111669,0
3,111724,0
0,111778,0
2,111778,0
1,111860,0
3,111942,0
1,111997,0
3,112024,0
2,112106,0
0,112188,0
0,112270,0
2,112270,0
3,112352,0
1,112379,0
0,112434,0
3,112434,0
1,112516,0
0,112557,0
1,112598,0
2,112639,0
3,112680,0
0,112762,0
1,112762,0
0,112835,0
3,112844,0
1,112871,0
2,112908,0
2,113008,0
3,113090,0
1,113090,0
2,113172,0
0,113254,0
2,113308,0
0,113336,0
1,113418,0
0,113472,0
3,113500,0
1,113527,0
3,113582,0
2,113582,0
2,113664,0
1,113746,0
0,113746,0
0,113827,0
1,113909,0
2,113909,0
2,114073,0
3,114073,0
0,114155,0
1,114196,0
3,114210,0
2,114265,0
1,114319,0
3,114401,0
0,114401,0
2,114401,0
3,114483,0
0,114565,0
1,114565,0
0,114647,0
2,114647,0
3,114647,0
1,114729,0
2,114811,0
0,114893,0
3,114893,0
1,114893,0
0,114975,0
3,115057,0
2,115057,0
1,115139,0
3,115139,0
0,115139,0
2,115221,0
1,115303,0
3,115385,0
0,115385,0
0,115549,0
3,115549,0
0,115713,0
3,115713,0
0,115877,0
3,115877,0
1,116041,0
0,116041,0
3,116041,0
0,116205,0
2,116205,0
3,116205,0
0,116368,0
2,116368,0
3,116368,0
0,116532,0
2,116532,0
3,116532,0
0,116696,0
3,116696,0
1,116751,0
2,116806,0
0,116842,0
1,116878,0
3,116915,0
2,116951,0
1,116997,0
0,117045,0
1,117352,0
2,117352,1,117461
3,117407,1,117516
0,117461,1,117571
1,117516,1,117625
2,117680,1,117789
3,117735,1,117844
0,117789,1,117899
1,117844,1,117953
0,118008,0
2,118008,0
3,118172,0
3,118281,0
3,118500,0
3,118609,0
1,118664,0
0,118664,0
0,118773,0
3,118991,0
3,119101,0
2,119319,0
0,119319,0
3,119483,0
3,119593,0
3,119811,0
3,119920,0
1,119975,0
0,119975,0
0,120084,0
3,120303,0
3,120412,0
2,120631,0
0,120631,0
3,120795,0
3,120904,0
3,121123,0
3,121232,0
1,121286,0
0,121286,0
2,121368,1,121450
1,121409,1,121491
0,121450,1,121532
3,121469,0
2,121505,0
1,121614,1,121696
2,121655,1,121737
3,121696,1,121778
0,121724,0
1,121760,0
0,121942,0
3,121942,0
1,121997,0
2,122052,0
0,122088,0
1,122124,0
3,122161,0
2,122197,0
1,122243,0
0,122291,0
1,122598,0
2,122598,1,122707
3,122653,1,122762
0,122707,1,122817
1,122762,1,122871
2,122926,1,123035
3,122980,1,123090
0,123035,1,123144
1,123090,1,123199
0,123254,0
2,123254,0
3,123418,0
3,123527,0
3,123746,0
3,123855,0
1,123909,0
0,123909,0
0,124019,0
3,124237,0
3,124347,0
0,124565,0
3,124565,0
1,124729,0
0,124811,0
3,124811,0
3,125057,0
0,125057,0
0,125221,0
3,125221,0
2,125385,0
3,125467,0
0,125467,0
0,125713,0
3,125713,0
0,125877,1,126000
1,125877,1,125959
3,125959,1,126041
2,126000,1,126082
1,126041,1,126123
0,126082,1,126164
3,126123,1,126286
2,126205,1,126368
1,126286,1,126478
0,126368,1,126587
2,126478,0
3,126587,1,126860
2,126696,1,126915
1,126806,1,126970
0,126915,1,127024
3,126970,1,127079
2,127024,1,127133
1,127079,1,127188
0,127133,1,127188
2,127188,1,127679
3,127188,0
0,127351,0
1,127515,1,127843
0,127679,0
3,127843,1,128171
2,127843,0
1,128171,1,128663
0,128171,0
3,128335,0
2,128499,1,128827
3,128663,0
0,128827,1,129155
1,128827,0
2,129155,1,129810
1,129155,0
3,129319,0
1,129483,1,129974
0,129483,0
3,129647,0
2,129974,0
0,129974,0
3,130138,1,130958
1,130138,0
0,130302,0
2,130466,1,131122
1,130466,0
0,130630,1,131122
1,131122,1,131614
3,131122,0
2,131286,0
0,131450,1,131942
3,131614,0
2,131860,0
1,131942,0
3,132024,0
2,132106,0
0,132106,1,132597
2,132269,0
3,132433,0
1,132433,1,132925
3,132597,0
2,132761,1,133417
0,132761,0
3,133089,1,135056
1,133089,0
0,133253,0
1,133417,0
2,133745,0
1,134032,0
0,134073,1,134974
2,134073,1,134565
1,134565,1,134974
1,135056,1,135548
0,135056,0
3,135220,0
2,135384,1,135712
3,135548,0
0,135712,1,136040
1,135712,0
2,136040,1,136532
3,136040,0
0,136204,0
1,136368,1,136696
0,136532,0
3,136696,1,137024
2,136696,0
1,137024,1,137679
2,137024,0
0,137188,0
2,137351,1,137843
3,137351,0
0,137515,0
1,137843,0
3,137843,0
0,138007,1,138827
2,138007,0
3,138171,0
1,138335,1,138991
2,138335,0
3,138499,1,138991
2,138991,1,139483
0,138991,0
1,139155,0
3,139319,1,139647
0,139483,0
1,139647,1,139974
3,139892,0
0,139974,0
2,139974,1,140466
3,140138,0
1,140302,0
0,140302,1,140630
1,140630,1,140794
3,140630,0
2,140794,0
3,140876,0
0,140958,1,142925
1,140958,0
3,141122,0
2,141286,0
1,141614,0
2,141614,1,141942
3,141942,1,142843
1,141942,1,142433
2,142433,1,142925
1,142925,0
3,142925,0
2,143253,0
0,143253,0
0,143581,0
2,143581,0
1,143909,0
2,144237,0
3,144237,0
2,144565,0
3,144565,0
1,144892,0
0,145220,0
2,145220,0
0,145548,0
2,145548,0
1,145876,0
2,146204,0
3,146204,0
2,146532,0
3,146532,0
2,146860,0
1,147187,0
0,147187,0
1,147515,0
0,147515,0
1,147843,0
3,147843,1,150138
0,148171,0
2,148171,0
0,148499,0
2,148499,0
1,148827,0
0,149155,0
1,149155,0
0,149483,0
1,149483,0
2,149810,0
0,150138,1,150466
1,150193,1,150548
2,150248,1,150630
3,150302,1,150712
3,150794,0
1,150794,1,150958
0,150794,0
2,150958,1,151122
0,151122,0
0,151286,0
3,151450,1,151778
0,151778,0
0,151942,0
1,152106,1,152270
2,152270,1,152434
0,152434,0
3,152598,1,152762
1,152762,0
0,152926,0
0,153090,1,153254
1,153417,1,153581
2,153581,1,153745
0,153745,0
0,153909,0
3,154073,1,154401
0,154401,0
0,154565,0
1,154729,1,154893
2,154893,1,155057
3,155057,0
1,155139,0
3,155221,0
0,155385,0
2,155467,0
0,155549,0
1,155631,0
3,155713,0
1,155795,0
3,155876,0
2,155958,0
1,156040,1,156204
0,156040,0
3,156040,0
2,156204,1,156368
0,156368,0
0,156532,0
3,156696,1,157024
0,157024,0
0,157188,0
1,157352,1,157516
2,157516,1,157680
0,157680,0
3,157844,1,158008
1,158008,0
0,158172,0
0,158335,1,158499
1,158663,1,158827
2,158827,1,158991
0,158991,0
3,158991,0
0,159155,0
3,159319,1,159647
0,159647,0
0,159811,0
3,159975,0
1,159975,0
3,160139,1,161122
0,160303,0
2,160303,0
0,160631,0
2,160631,0
1,160713,0
2,160795,0
0,160876,0
1,160958,0
2,161040,0
0,161122,0
1,161204,0
2,161286,0
3,161286,0
0,161286,0
2,161450,0
2,161532,0
0,161614,0
3,161614,0
1,161778,0
2,161860,0
0,161942,0
1,161942,0
3,161942,0
2,162106,0
0,162106,0
1,162270,0
1,162352,0
3,162434,0
0,162598,0
2,162598,0
3,162762,0
3,162844,0
0,162926,0
1,163090,0
3,163090,0
0,163254,0
2,163254,0
3,163254,0
2,163417,0
1,163499,0
0,163581,0
3,163581,0
1,163745,0
3,163745,0
3,163909,0
0,163909,0
1,163909,0
1,164073,0
1,164155,0
3,164237,0
0,164237,0
2,164401,0
1,164483,0
3,164565,0
2,164565,0
0,164565,0
1,164729,0
3,164729,0
2,164893,0
2,164975,0
0,165057,0
3,165221,0
1,165221,0
0,165385,0
0,165467,0
2,165549,0
2,165713,0
3,165713,0
1,165794,0
3,165876,0
0,165876,0
2,165876,0
1,166040,0
2,166122,0
3,166204,0
0,166204,0
2,166368,0
0,166368,0
0,166532,0
3,166532,0
2,166532,0
2,166696,0
2,166778,0
0,166860,0
3,166860,0
1,167024,0
2,167106,0
0,167188,0
1,167188,0
3,167188,0
2,167352,0
0,167352,0
1,167516,0
1,167598,0
3,167680,0
0,167844,0
2,167844,0
3,168008,0
3,168090,0
0,168172,0
1,168335,0
3,168335,0
0,168499,0
2,168499,0
3,168499,0
2,168663,0
1,168745,0
0,168827,0
3,168827,0
1,168991,0
3,168991,0
3,169155,0
0,169155,0
1,169155,0
1,169319,0
1,169401,0
3,169483,0
0,169483,0
2,169647,0
1,169729,0
3,169811,0
2,169811,0
0,169811,0
1,169975,0
3,169975,0
2,170139,0
2,170221,0
0,170303,0
3,170467,0
1,170467,0
0,170631,0
0,170713,0
2,170794,0
1,170958,0
3,170958,0
3,171122,0
0,171122,1,171368
1,171177,1,171478
2,171232,1,171587
3,171286,1,171696
0,171778,0
3,171778,1,171983
1,171819,1,171901
2,171901,1,172065
1,171983,1,172147
0,172065,1,172188
3,172106,0
2,172147,1,172229
1,172229,1,172393
0,172270,0
2,172311,1,172475
3,172393,1,172557
0,172434,0
1,172475,1,172557
2,172557,1,172721
1,172639,1,172803
0,172721,1,172844
3,172762,0
2,172803,1,172885
1,172885,1,173008
0,172926,0
2,172967,1,173090
3,173049,1,173172
1,173090,0
0,173131,1,173294
1,173213,1,173335
3,173254,0
2,173294,1,173458
0,173376,1,173499
1,173417,0
3,173458,1,173622
2,173540,1,173663
0,173581,0
1,173622,1,173786
3,173704,1,173868
2,173745,0
0,173786,1,173950
1,173868,1,174032
2,173950,1,174114
0,174032,1,174196
3,174073,0
1,174114,1,174278
3,174237,0
2,174278,1,174442
0,174401,0
1,174442,1,175385
3,174565,0
3,174647,0
0,174729,0
2,174893,0
0,175057,0
2,175057,0
3,175057,0
2,175385,0
3,175426,1,175590
0,175508,1,175631
2,175549,0
1,175590,1,175754
3,175672,1,175794
0,175713,0
2,175754,1,175917
1,175835,1,175999
3,175876,0
0,175917,1,176081
2,175999,1,176163
3,176040,0
1,176081,1,176245
3,176163,1,176327
0,176204,0
2,176245,1,176327
0,176327,1,176409
1,176368,0
3,176409,1,176573
1,176491,1,176655
2,176573,1,176737
0,176655,1,176778
3,176696,0
1,176737,1,176819
2,176819,1,176901
3,176860,0
0,176901,1,176983
1,176983,1,177065
3,177024,0
2,177024,0
0,177065,1,177721
2,177188,0
2,177270,0
1,177352,0
3,177516,0
3,177680,0
2,177680,0
1,177721,1,177885
0,177885,1,178049
1,178008,0
2,178049,1,178213
3,178172,0
1,178213,1,178376
0,178254,0
2,178335,0
3,178376,1,178540
1,178499,0
0,178540,1,178704
2,178581,0
3,178663,0
1,178704,1,178868
0,178827,0
2,178868,1,179032
1,178991,0
3,178991,0
0,179032,1,179196
3,179155,0
1,179196,0
1,179278,1,179360
2,179319,0
3,179360,1,179524
1,179483,0
0,179524,1,179688
1,179647,0
3,179647,0
2,179688,1,180426
0,179811,0
0,179893,0
3,179975,0
1,180139,0
1,180303,0
0,180303,0
3,180303,0
1,180508,1,180672
3,180631,0
2,180672,1,180754
0,180713,0
1,180794,0
2,180835,1,180917
0,180876,0
3,180958,0
0,180999,1,181163
3,181081,1,181204
1,181122,0
2,181163,1,181327
1,181245,1,181327
3,181286,0
0,181327,1,181491
1,181409,1,181573
2,181450,0
3,181491,1,181655
2,181573,1,181655
0,181614,0
1,181655,1,181819
0,181737,1,181860
3,181819,1,181983
2,181860,0
1,181901,1,182024
0,181942,0
2,181983,1,182147
0,182065,1,182188
1,182106,0
3,182147,1,182229
2,182229,1,182311
1,182270,0
0,182270,0
3,182311,1,183294
1,182434,0
1,182516,0
2,182598,0
0,182762,0
0,182926,0
1,182926,0
2,182926,0
0,183254,0
1,183294,1,183376
2,183376,1,183458
3,183417,0
0,183458,1,183540
1,183540,1,183622
3,183581,0
2,183622,1,184278
0,183745,0
0,183827,0
3,183909,0
1,184073,0
0,184237,0
3,184237,0
1,184278,1,184893
2,184401,0
3,184483,0
0,184565,0
2,184729,0
3,184893,0
2,184934,1,185098
0,185016,1,185180
1,185057,0
3,185098,1,185262
1,185180,1,185262
2,185221,0
0,185262,1,185426
2,185344,1,185508
3,185385,0
1,185426,1,185590
0,185508,1,185590
3,185549,0
2,185590,1,185754
1,185672,1,185835
3,185754,1,185917
0,185835,1,185917
2,185876,0
1,185917,1,186081
3,185999,1,186122
0,186040,0
2,186081,1,186245
1,186163,1,186245
3,186204,0
0,186245,1,186409
2,186327,1,186491
3,186368,0
1,186409,1,186573
0,186491,1,186573
3,186532,0
2,186573,1,186737
3,186655,1,186737
1,186696,0
0,186737,1,186901
1,186819,1,186901
3,186860,0
2,186901,1,186983
0,186983,1,187065
2,187065,1,187147
1,187147,1,187229
0,187188,0
3,187229,1,187311
2,187311,1,187393
1,187352,0
0,187393,1,187475
1,187475,1,187557
2,187516,0
3,187516,0
0,187557,1,188213
3,187680,0
3,187762,0
1,187844,0
2,188008,0
2,188172,0
3,188172,0
1,188213,1,188376
3,188376,1,188540
2,188499,0
0,188540,1,188704
1,188581,0
3,188663,0
2,188704,1,188868
1,188827,0
0,188868,1,189032
2,188991,0
1,189032,1,189196
3,189073,0
0,189155,0
2,189196,1,189360
1,189319,0
3,189360,1,189524
0,189483,0
2,189483,0
1,189524,1,189688
3,189647,0
2,189688,1,189770
0,189770,1,189852
3,189811,0
1,189852,1,190016
0,189975,0
2,190016,1,190180
1,190139,0
0,190139,0
3,190180,1,191163
1,190467,0
1,190549,0
0,190631,0
2,190631,0
0,190876,0
1,190958,0
2,191040,0
0,191122,0
1,191122,0
2,191163,1,191245
1,191245,1,191327
3,191286,0
0,191327,1,191409
3,191409,1,191491
1,191450,0
2,191450,0
0,191491,1,192680
2,191778,0
2,191860,0
1,191942,0
3,191942,1,192434
2,192270,0
1,192434,1,192680
2,192434,1,192680
3,192598,0
2,192762,0
3,192762,0
0,192803,1,193213
1,192885,1,193008
3,192926,0
2,192967,1,193049
3,193049,1,193213
1,193090,0
2,193131,1,193213
1,193213,1,193294
0,193294,1,193376
2,193376,1,193458
3,193417,0
1,193458,1,193868
3,193540,1,193663
0,193581,0
2,193622,1,193704
0,193704,1,193868
3,193745,0
2,193786,1,193868
3,193868,1,193950
1,193950,1,194032
2,194032,1,194114
0,194073,0
3,194114,1,194524
2,194196,1,194319
0,194237,0
1,194278,1,194360
0,194360,1,194524
2,194401,0
1,194442,1,194524
2,194524,1,194606
3,194606,1,194688
1,194688,1,194770
0,194729,0
2,194770,1,194934
3,194852,1,195016
1,194893,0
0,194934,1,195098
1,195016,1,195180
2,195057,0
3,195098,1,195262
2,195180,1,195344
1,195262,1,195385
0,195385,0
3,195426,1,195835
2,195508,1,195631
0,195549,0
1,195590,1,195672
0,195672,1,195835
2,195713,0
1,195754,1,195835
2,195835,1,195917
3,195917,1,195999
1,195999,1,196081
0,196040,0
2,196081,1,196491
0,196163,1,196286
3,196204,0
1,196245,1,196327
3,196327,1,196491
0,196368,0
1,196409,1,196491
0,196491,1,196573
2,196573,1,196655
1,196655,1,196737
3,196696,0
0,196737,1,197147
1,196819,1,196942
3,196860,0
2,196901,1,196983
3,196983,1,197147
1,197024,0
2,197065,1,197147
1,197147,1,197229
0,197229,1,197311
2,197311,1,197393
3,197352,0
1,197393,1,197557
0,197475,1,197598
2,197516,0
3,197557,1,197721
2,197639,1,197762
1,197680,0
0,197680,0
1,197762,0
0,197762,0
2,197844,0
3,197844,0
3,197926,0
2,197926,0
1,198008,0
0,198008,0
3,198049,1,198704
1,198172,0
2,198335,0
1,198335,0
0,198335,0
0,198499,0
1,198663,0
2,198704,1,198807
1,198807,1,198909
3,198827,0
0,198909,1,199032
1,198991,0
2,198991,0
3,199032,1,199135
1,199135,1,199237
0,199155,0
2,199237,1,199360
1,199319,0
3,199360,1,199463
0,199463,1,199565
1,199483,0
2,199565,1,199729
1,199647,0
0,199647,0
3,199729,0
0,199784,0
1,199838,0
2,199893,0
1,199948,0
3,199975,0
0,200002,0
2,200057,0
3,200111,0
0,200139,0
1,200166,0
2,200221,0
0,200275,0
3,200303,0
1,200330,0
2,200385,0
3,200439,0
2,200494,0
1,200549,0
0,200603,0
3,200631,0
2,200672,1,201327
1,200794,0
1,200958,0
0,200958,0
3,200958,0
0,201122,0
1,201286,0
3,201327,1,201983
2,201450,0
2,201614,0
1,201614,0
0,201614,0
0,201778,0
2,201942,0
1,201983,1,202311
3,202106,0
3,202270,0
2,202270,0
0,202311,1,202639
1,202434,0
3,202598,0
2,202639,1,202926
1,202762,0
1,202926,0
0,202926,0
3,202926,0
0,203008,0
1,203008,0
2,203090,0
3,203090,0
3,203172,0
2,203172,0
1,203254,0
0,203254,0
3,203254,0
2,203417,1,203499
3,203499,1,203581
0,203581,0
2,203581,0
1,203581,1,203663
3,203745,0
1,203827,1,203882
2,203909,1,203964
0,203909,0
1,204073,0
3,204155,1,204210
2,204237,0
1,204237,0
0,204237,0
2,204401,1,204456
3,204565,0
0,204565,0
1,204647,1,204702
2,204729,0
3,204893,0
1,204893,1,204948
0,204893,0
2,205057,0
1,205139,1,205193
0,205221,0
3,205221,0
1,205385,1,205439
2,205467,1,205521
3,205549,0
1,205549,0
0,205549,1,205631
2,205631,1,205713
1,205713,1,205794
0,205794,1,205876
3,205876,1,206040
2,205876,0
1,205958,1,206040
2,206040,1,206122
0,206122,1,206204
2,206204,0
3,206204,0
1,206204,1,206286
0,206286,1,206368
3,206368,1,206450
2,206450,1,206532
0,206532,1,206696
1,206532,0
2,206614,1,206696
3,206696,1,206778
1,206778,1,206860
2,206860,1,206942
3,206860,0
0,206860,0
1,206942,1,207024
0,207024,1,207106
3,207106,1,207188
1,207188,1,207352
2,207188,0
0,207270,1,207434
3,207352,1,207434
2,207434,1,207516
1,207516,1,207598
0,207516,0
3,207516,0
1,207680,1,207762
2,207762,1,207844
3,207844,1,208172
0,207844,0
1,208008,0
2,208172,0
1,208172,0
0,208172,0
1,208254,0
0,208254,0
2,208335,0
3,208335,0
3,208417,0
2,208417,0
3,208499,1,208827
0,208499,0
1,208499,1,208581
2,208581,1,208663
1,208663,1,208745
2,208745,1,208827
1,208827,0
0,208909,0
3,208991,0
1,208991,1,209319
2,208991,1,209237
3,209237,1,209401
0,209237,1,209401
2,209319,0
1,209401,0
0,209483,1,209565
2,209483,1,209811
3,209483,1,209565
0,209729,1,209811
3,209729,1,209811
1,209811,0
2,209893,0
3,209975,1,210385
1,209975,1,210057
0,209975,1,210057
0,210221,1,210303
2,210221,1,210303
1,210303,0
2,210385,0
1,210467,0
0,210467,1,210549
3,210467,1,210549
2,210631,1,210958
0,210794,0
1,210876,1,210958
0,210958,0
3,210958,1,211040
2,211040,1,211122
0,211122,0
3,211122,0
1,211122,0
2,211177,0
1,211232,0
0,211286,0
2,211341,0
1,211396,0
3,211450,0
2,211505,0
1,211560,0
0,211614,0
2,211614,0
3,211614,0
1,211669,0
3,211723,0
2,211778,0
1,211833,0
2,211887,0
0,211942,0
1,211997,0
2,212051,0
0,212106,0
1,212106,0
3,212106,0
2,212161,0
0,212215,0
1,212270,0
2,212325,0
1,212379,0
0,212434,0
3,212434,0
2,212475,1,212639
1,212557,1,212639
0,212639,1,212721
3,212721,1,212803
2,212762,0
1,212762,0
0,212803,1,212967
1,212885,1,212967
2,212967,1,213049
3,213049,1,213131
0,213090,0
1,213090,0
2,213131,1,213294
1,213213,1,213294
0,213294,1,213376
1,213376,1,213458
2,213417,0
3,213417,0
0,213458,1,213622
2,213540,1,213704
1,213622,1,213786
3,213704,1,213786
0,213745,0
2,213786,1,214442
1,213909,0
1,213991,0
3,214073,0
0,214237,0
1,214401,0
3,214401,0
0,214442,1,214606
3,214606,1,214770
1,214729,0
2,214770,1,214852
0,214852,1,214934
3,214893,0
1,214934,1,215098
0,215057,0
2,215098,1,215262
1,215221,0
3,215262,1,215426
0,215303,0
2,215385,0
1,215426,1,215487
0,215549,0
2,215590,1,215754
0,215713,0
3,215713,0
1,215754,1,215815
2,215876,0
1,215917,1,215979
3,216040,0
0,216081,1,216245
1,216122,0
2,216204,0
3,216245,1,216307
2,216368,0
0,216409,1,216737
3,216491,1,216573
1,216532,0
2,216573,1,216655
1,216655,1,216737
3,216696,0
2,216737,1,216901
0,216901,1,216983
1,216983,1,217065
2,217024,0
3,217065,1,217147
2,217147,1,217270
3,217229,1,217311
1,217311,1,217393
2,217352,0
3,217393,1,217557
0,217434,0
1,217516,0
2,217557,1,217721
1,217680,0
0,217721,1,217885
3,217844,0
1,217885,1,218049
2,217926,0
0,218008,0
3,218049,1,218110
2,218172,0
0,218213,1,218376
3,218335,0
2,218335,0
1,218376,1,218438
3,218540,1,218704
0,218663,0
1,218704,1,218868
3,218827,0
2,218868,1,219032
0,218991,0
3,218991,0
1,219032,1,219688
2,219155,0
2,219237,0
0,219319,0
3,219483,0
2,219647,0
0,219647,0
3,219688,1,219852
0,219852,1,220016
2,219975,0
1,220016,1,220098
3,220098,1,220180
0,220139,0
2,220180,1,220344
3,220303,0
1,220344,1,220508
2,220467,0
0,220508,1,220672
3,220549,0
1,220631,0
2,220672,1,220733
3,220794,0
1,220835,1,220999
3,220958,0
0,220958,0
2,220999,1,221061
1,221122,0
2,221163,1,221225
0,221204,0
1,221286,0
3,221327,1,221491
2,221450,0
1,221491,1,221553
0,221614,0
3,221655,1,221983
0,221737,1,221819
2,221778,0
1,221819,1,221901
2,221901,1,221983
0,221942,0
1,221983,1,222147
3,222147,1,222229
2,222229,1,222311
1,222270,0
0,222311,1,222393
1,222393,1,222516
0,222475,1,222557
2,222557,1,222639
1,222598,0
0,222639,1,222803
3,222680,0
2,222762,0
1,222803,1,222967
2,222926,0
3,222926,0
0,222967,1,223540
2,223294,1,223704
3,223622,1,224032
0,223704,1,223786
1,223786,1,223868
2,223868,1,223950
0,223950,1,224114
1,224032,1,224155
2,224114,1,224196
3,224196,1,224278
1,224237,0
0,224237,0
2,224278,1,224483
1,224360,1,224524
0,224442,1,224606
3,224524,1,224852
2,224565,0
1,224606,1,224688
0,224688,1,224811
1,224770,1,225016
2,224852,1,224934
0,224893,0
3,224934,1,225139
2,225016,1,225180
0,225057,0
1,225098,1,225262
0,225180,1,225385
3,225221,0
2,225262,1,225426
1,225344,1,225508
3,225426,1,225590
2,225508,1,225631
0,225549,0
1,225590,1,225754
3,225672,1,225835
2,225713,0
0,225754,1,225917
2,225835,1,225917
1,225876,0
3,225917,1,226081
1,225999,1,226122
2,226081,1,226245
0,226163,1,226245
1,226204,0
3,226245,1,226409
0,226327,1,226491
2,226368,0
1,226409,1,226491
2,226491,1,226573
3,226532,0
0,226573,1,226737
1,226655,1,226737
2,226737,1,226819
3,226819,1,226901
1,226860,0
0,226860,0
2,226901,1,227065
1,226983,1,227147
3,227024,0
0,227065,1,227147
3,227147,1,227229
2,227188,0
1,227229,1,227393
0,227311,1,227434
3,227393,1,227475
2,227475,1,227557
0,227516,0
1,227557,1,227721
3,227639,1,227803
2,227680,0
0,227721,1,227803
2,227803,1,227885
1,227844,0
0,227885,1,228049
1,227967,1,228090
2,228049,1,228131
3,228131,1,228213
1,228172,0
0,228213,1,228376
2,228294,1,228417
3,228335,0
1,228376,1,228540
3,228458,1,228622
2,228499,0
0,228540,1,228704
1,228622,1,228786
2,228704,1,228868
0,228827,0
3,228868,1,229155
2,228991,0
1,229155,0
0,229155,0
2,229155,0
1,229237,0
0,229237,0
2,229319,0
3,229319,0
2,229401,0
3,229401,0
1,229483,0
0,229483,0
2,229524,1,230180
3,229647,0
3,229811,0
1,229811,0
0,229811,0
1,229975,0
3,230139,0
0,230180,1,230344
1,230303,0
3,230344,1,230426
1,230426,1,230590
2,230467,0
0,230590,1,230672
3,230631,0
2,230672,1,230835
0,230794,0
1,230835,1,230999
3,230958,0
0,230999,1,231081
2,231081,1,231245
1,231122,0
3,231245,1,231327
0,231286,0
1,231327,1,231491
3,231450,0
2,231491,1,231655
1,231614,0
0,231655,1,231737
3,231737,1,231901
1,231778,0
2,231901,1,231983
0,231942,0
1,231983,1,232106
2,232106,0
3,232106,0
0,232147,1,232229
1,232229,1,232393
0,232311,1,232475
3,232393,1,232475
2,232434,0
1,232475,1,232557
2,232557,1,232721
1,232639,1,232803
3,232721,1,232803
0,232762,0
2,232803,1,232885
3,232885,1,233049
2,232967,1,233131
0,233049,1,233131
1,233090,0
3,233131,1,233213
0,233213,1,233294
3,233294,1,233376
0,233376,1,233540
1,233417,0
2,233417,0
3,233458,1,233622
1,233540,1,233663
0,233622,1,233786
2,233704,1,233868
1,233745,0
3,233786,1,233950
0,233909,0
1,233909,0
2,233950,1,234032
0,234032,1,234155
1,234114,1,234278
2,234196,1,234319
0,234237,0
3,234278,1,234442
1,234360,1,234483
2,234401,0
0,234442,1,234606
3,234524,1,234606
1,234565,0
2,234606,1,234729
3,234688,1,234934
0,234729,1,235467
1,234729,1,235057
3,235098,1,235467
1,235467,1,235794
0,235794,1,236122
2,236122,1,236778
1,236778,1,237461
2,237461,1,238663
0,238704,0
1,238745,0
2,238909,0
3,238950,0
1,239073,0
2,239155,0
1,239196,0
0,239237,0
2,239292,0
3,239346,0
0,239374,0
2,239442,0
1,239504,0
2,239565,0
0,239647,0
3,239647,0
1,239852,0
2,239893,0
3,239934,0
1,239975,0
0,239975,0
3,240344,1,240713
1,240713,1,241040
0,241040,1,241368
2,241368,1,242024
1,242024,1,242734
0,242734,1,243909
3,243909,0
2,243964,0
1,244003,0
0,244032,0
2,244106,0
3,244172,0
0,244237,0
1,244319,0
3,244401,0
2,244456,0
0,244483,0
1,244524,0
2,244565,0
3,244606,0
1,244674,0
0,244729,0
3,244747,0
2,244784,0
1,244820,0
0,244893,0
3,244893,0
1,244975,0
2,245016,0
3,245057,0
1,245111,0
2,245166,0
3,245221,0
0,245221,0
3,245590,1,245958
1,245958,1,246286
0,246286,1,246614
2,246614,1,247270
1,247270,1,247953
2,247953,1,249155
0,249155,0
2,249237,0
3,249278,0
1,249319,0
2,249374,0
1,249428,0
0,249483,0
3,249592,0
2,249647,0
1,249702,0
3,249811,0
2,249866,0
1,249920,0
3,249951,0
2,249998,0
0,250045,0
2,250139,0
3,250193,0
0,250232,0
1,250279,0
2,250326,0
0,250373,0
1,250420,0
3,250467,0
2,250467,0
3,250835,1,251204
1,251204,1,251532
0,251532,1,251860
2,251860,1,252516
1,252516,1,253226
0,253226,1,254401
0,254483,1,254538
3,254565,1,254620
3,254674,1,254729
2,254756,1,254811
3,254838,1,254893
0,255002,1,255057
2,255002,1,255057
1,255166,1,255221
3,255166,1,255221
0,255303,1,255357
2,255303,1,255357
0,255467,1,255508
3,255467,1,255508
0,255549,1,255590
3,255549,1,255590
2,255713,0
3,255713,0
0,255767,0
1,255822,0
2,255876,0
1,255931,0
2,255968,0
3,256004,0
1,256040,0
0,256040,0
0,256122,0
3,256286,0
3,256368,0
2,256368,0
0,256450,0
1,256532,0
2,256532,0
1,256614,0
3,256696,0
0,256743,0
1,256790,0
3,256837,0
0,256883,0
2,256930,0
3,256977,0
1,257024,0
0,257024,0
1,257106,0
2,257147,0
0,257188,0
3,257188,0
1,257270,0
3,257352,0
2,257407,0
3,257461,0
2,257498,0
1,257543,0
0,257598,0
3,257680,0
2,257680,0
3,257762,0
1,257844,0
0,257844,0
2,257926,0
1,257967,0
0,258008,0
2,258044,0
3,258080,0
1,258117,0
2,258153,0
0,258199,0
1,258254,0
2,258335,0
3,258335,0
0,258390,0
1,258445,0
2,258499,0
1,258554,0
2,258590,0
3,258627,0
1,258663,0
0,258663,0
0,258745,0
3,258909,0
2,258991,0
3,258991,0
0,259073,0
1,259155,0
2,259155,0
1,259237,0
3,259319,0
0,259366,0
1,259413,0
3,259460,0
0,259506,0
2,259553,0
3,259600,0
0,259647,0
1,259647,0
0,259729,0
3,259741,0
1,259811,0
3,259866,0
2,259920,0
0,259975,0
1,259975,0
0,260057,0
1,260098,0
3,260139,0
2,260139,0
2,260221,0
1,260303,0
0,260303,0
3,260357,0
0,260412,0
2,260426,0
3,260485,0
0,260549,0
1,260549,0
2,260603,0
3,260658,0
1,260672,0
2,260713,0
1,260794,0
0,260794,0
3,260849,0
0,260904,0
2,260958,0
3,260958,0
1,261013,0
0,261068,0
2,261122,0
1,261177,0
2,261213,0
3,261250,0
1,261286,0
0,261286,0
0,261368,0
3,261532,0
3,261614,0
2,261614,0
0,261696,0
2,261778,0
1,261778,0
1,261860,0
2,261942,0
3,261989,0
2,262036,0
1,262088,0
0,262147,0
3,262188,0
0,262270,0
1,262270,0
1,262352,0
0,262434,0
3,262434,0
2,262516,0
3,262516,0
1,262598,0
0,262598,0
2,262762,0
0,262844,0
1,262844,0
3,262926,0
2,262926,0
2,263008,0
0,263090,0
3,263090,0
1,263172,0
3,263254,0
2,263308,0
0,263347,0
1,263394,0
3,263436,0
0,263472,0
2,263509,0
3,263545,0
1,263581,0
0,263581,0
2,263636,0
3,263691,0
1,263745,0
2,263800,0
1,263836,0
0,263873,0
2,263909,0
3,263909,0
3,263991,0
0,264019,0
1,264055,0
2,264091,0
3,264128,0
1,264237,0
0,264237,0
0,264319,0
2,264401,0
3,264401,0
1,264456,0
2,264492,0
3,264529,0
0,264565,0
1,264601,0
1,264729,0
3,264752,0
0,264770,0
1,264811,0
2,264893,0
3,264893,0
0,264975,0
2,264987,0
3,265033,0
1,265080,0
0,265127,0
3,265174,0
0,265221,0
2,265221,0
1,265385,0
2,265385,0
2,265467,0
0,265549,0
3,265549,0
0,265631,0
3,265631,0
1,265713,0
0,265794,0
3,265794,0
2,265876,0
3,265958,0
3,266040,0
0,266040,0
1,266122,0
2,266204,0
3,266204,0
0,266259,0
1,266314,0
3,266345,0
2,266392,0
3,266450,0
2,266491,0
1,266532,0
0,266532,0
0,266614,0
3,266778,0
3,266860,0
2,266860,0
0,266942,0
1,267024,0
2,267024,0
1,267106,0
3,267188,0
2,267243,0
1,267297,0
3,267328,0
2,267375,0
1,267422,0
0,267469,0
2,267516,0
3,267516,0
2,267598,0
0,267680,0
3,267680,0
0,267762,0
1,267762,0
2,267844,0
3,267844,0
1,268008,0
2,268090,0
3,268090,0
1,268172,0
0,268172,0
0,268254,0
1,268281,0
3,268335,0
2,268335,0
1,268376,0
0,268417,0
3,268458,0
2,268499,0
1,268546,0
0,268593,0
2,268640,0
1,268696,0
2,268734,0
3,268780,0
1,268827,0
0,268827,0
3,268882,0
2,268937,0
0,268968,0
1,269015,0
0,269073,0
1,269114,0
2,269155,0
3,269155,0
3,269237,0
0,269401,0
0,269483,0
1,269483,0
3,269565,0
2,269647,0
1,269647,0
2,269729,0
0,269811,0
1,269866,0
2,269920,0
0,269951,0
1,269998,0
2,270045,0
3,270092,0
1,270139,0
0,270139,0
3,270200,0
2,270241,0
1,270282,0
2,270323,0
1,270364,0
0,270405,0
3,270467,0
2,270467,0
1,270549,0
2,270590,0
0,270631,0
3,270631,0
0,270713,0
1,270754,0
2,270794,0
3,270794,0
3,270876,0
1,270917,0
2,270917,0
0,270958,0
1,271040,0
0,271040,0
2,271122,0
3,271163,0
0,271163,0
1,271204,0
2,271286,0
3,271286,0
2,271368,0
1,271409,0
3,271450,0
0,271450,0
2,271505,0
1,271560,0
3,271614,0
1,271655,0
2,271696,0
3,271737,0
0,271778,0
1,271778,0
0,271860,0
3,272024,0
0,272106,0
3,272106,0
2,272188,0
1,272270,0
0,272270,0
1,272352,0
2,272434,0
3,272461,0
0,272488,0
1,272516,0
2,272598,0
1,272680,0
0,272707,0
3,272734,0
2,272762,0
2,272844,0
0,272926,0
3,272926,0
1,273008,0
0,273008,0
2,273090,0
3,273090,0
0,273254,0
2,273335,0
3,273335,0
1,273417,0
0,273417,0
1,273499,0
0,273581,0
3,273581,0
2,273663,0
0,273745,0
1,273792,0
2,273839,0
0,273868,0
1,273909,0
2,273950,0
3,273991,0
2,274032,0
0,274073,0
3,274073,0
1,274128,0
2,274182,0
0,274237,0
2,274278,0
1,274319,0
0,274360,0
3,274401,0
2,274401,0
3,274483,0
0,274510,0
1,274547,0
2,274583,0
3,274620,0
0,274729,0
1,274729,0
3,274811,0
2,274893,0
1,274893,0
1,274975,0
2,275016,0
0,275057,0
3,275057,0
2,275166,0
1,275221,0
2,275248,0
3,275275,0
1,275385,0
0,275385,0
1,275458,0
2,275494,0
0,275494,0
3,275530,0
3,275619,0
2,275666,0
1,275713,0
0,275759,0
1,275806,0
2,275853,0
3,275900,0
2,275947,0
1,275994,0
2,276040,0
3,276087,0
0,276134,0
1,276172,0
3,276204,0
0,276223,0
2,276259,0
3,276303,0
0,276368,0
0,276450,0
2,276471,0
1,276532,0
2,276614,0
0,276696,0
3,276696,0
1,276743,0
2,276790,0
0,276842,0
1,276878,0
2,276915,0
3,276951,0
1,277024,0
0,277024,0
0,277106,0
3,277270,0
3,277352,0
2,277352,0
0,277434,0
1,277516,0
2,277516,0
1,277598,0
3,277680,0
0,277727,0
1,277773,0
3,277820,0
0,277867,0
2,277914,0
3,277961,0
1,278008,0
0,278008,0
2,278090,0
0,278172,0
3,278172,0
1,278254,0
0,278254,0
3,278335,0
2,278335,0
1,278376,1,278622
3,278417,0
0,278499,0
3,278581,0
2,278581,0
3,278663,0
0,278663,0
1,278745,0
3,278827,0
0,278827,0
2,278909,0
0,278991,0
1,278991,0
2,279032,1,279278
0,279073,0
3,279155,0
1,279237,0
0,279237,0
0,279319,0
3,279319,0
2,279483,0
2,279565,0
0,279647,0
1,279647,0
1,279729,0
3,279893,0
3,279975,0
2,279975,0
0,280057,0
1,280139,0
2,280139,0
1,280221,0
3,280303,0
0,280303,0
3,280385,0
1,280467,0
3,280549,0
2,280549,0
3,280631,0
0,280631,0
0,280713,1,280849
1,280713,0
2,280794,0
3,280849,0
1,280904,0
3,280958,0
2,280958,0
1,281040,0
2,281061,0
0,281122,0
3,281122,0
1,281204,0
2,281225,0
1,281286,0
0,281286,0
3,281368,0
2,281379,0
3,281450,0
2,281461,0
0,281532,0
1,281532,0
3,281614,0
2,281625,0
0,281669,0
1,281680,0
3,281723,0
2,281734,0
1,281778,0
0,281778,0
2,281860,0
3,281860,0
3,281942,0
0,281942,0
1,281989,0
2,282036,0
0,282088,0
1,282124,0
2,282161,0
3,282197,0
1,282270,0
0,282270,0
0,282352,0
3,282516,0
3,282598,0
2,282598,0
1,282671,0
2,282707,0
3,282743,0
0,282762,0
1,282762,0
0,282926,0
2,282926,0
1,282967,0
3,283008,0
2,283049,0
1,283090,0
2,283144,0
0,283172,0
0,283254,0
1,283254,0
2,283335,0
0,283417,0
3,283417,0
1,283499,0
2,283499,0
2,283581,0
3,283581,0
0,283745,0
2,283827,0
3,283827,0
0,283909,0
1,283909,0
1,283991,0
0,284073,0
3,284073,0
2,284155,0
1,284237,0
3,284292,0
2,284346,0
0,284378,0
1,284424,0
2,284471,0
0,284518,0
3,284565,0
2,284565,0
0,284647,0
3,284729,0
1,284770,0
3,284811,0
2,284852,0
1,284893,0
0,284893,0
0,284975,0
3,285002,0
2,285039,0
1,285075,0
0,285111,0
2,285221,0
3,285221,0
2,285303,0
0,285385,0
3,285385,0
1,285467,0
2,285549,0
2,285713,0
1,285794,0
0,285876,0
3,285876,0
2,285958,0
3,285999,0
0,286013,0
1,286040,0
3,286081,0
2,286122,0
1,286163,0
0,286204,0
3,286204,0
1,286368,0
2,286368,0
0,286532,0
3,286532,0
3,286614,0
0,286614,0
2,286696,0
0,286778,0
3,286778,0
1,286860,0
0,286942,0
0,287024,0
3,287024,0
1,287106,0
2,287188,0
3,287188,0
0,287243,0
1,287297,0
2,287352,0
0,287393,0
2,287434,0
3,287475,0
1,287516,0
0,287516,0
1,287598,0
3,287762,0
3,287844,0
2,287844,0
0,287926,0
1,288008,0
2,288008,0
1,288090,0
3,288172,0
0,288218,0
1,288265,0
3,288312,0
0,288359,0
2,288406,0
3,288453,0
1,288499,0
0,288499,0
1,288581,0
0,288663,0
3,288663,0
2,288745,0
3,288745,0
1,288827,0
0,288827,0
3,288991,0
2,289012,0
1,289073,0
0,289073,0
3,289155,0
2,289155,0
2,289237,0
1,289278,0
0,289319,0
3,289319,0
2,289401,0
3,289442,0
0,289447,1,289629
1,289483,1,289592
2,289519,1,289556
2,289647,0
1,289674,0
0,289702,0
1,289811,0
0,289811,0
3,289866,0
2,289920,0
1,289975,0
3,290016,0
1,290057,0
0,290098,0
2,290139,0
3,290139,0
2,290221,0
0,290385,0
0,290467,0
1,290467,0
3,290549,0
2,290631,0
1,290631,0
2,290713,0
0,290794,0
3,290841,0
2,290888,0
0,290935,0
3,290982,0
1,291029,0
0,291076,0
2,291122,0
3,291122,0
0,291184,0
1,291225,0
2,291266,0
1,291307,0
2,291348,0
3,291389,0
0,291450,0
1,291450,0
2,291532,0
1,291573,0
3,291614,0
0,291614,0
3,291696,0
2,291737,0
1,291778,0
0,291778,0
0,291860,0
2,291901,0
1,291901,0
3,291942,0
2,292024,0
3,292024,0
1,292106,0
0,292147,0
3,292147,0
2,292188,0
1,292270,0
0,292270,0
1,292352,0
2,292393,0
0,292434,0
3,292434,0
1,292488,0
2,292543,0
0,292598,0
2,292639,0
1,292680,0
0,292721,0
3,292762,0
2,292762,0
3,292844,0
2,292898,0
0,292898,0
3,292953,0
1,292953,0
0,293008,0
3,293090,0
0,293090,0
1,293172,0
2,293254,0
3,293254,0
2,293335,0
1,293417,0
0,293445,0
3,293472,0
2,293499,0
1,293581,0
2,293663,0
3,293691,0
0,293718,0
1,293745,0
1,293827,0
3,293909,0
0,293909,0
3,293991,0
0,294073,0
1,294128,0
2,294182,0
3,294237,0
2,294292,0
3,294346,0
1,294401,0
0,294401,0
1,294483,0
3,294565,0
0,294565,0
2,294647,0
0,294729,0
2,294770,0
3,294811,0
1,294852,0
2,294893,0
0,294948,0
1,295002,0
3,295057,0
0,295057,0
2,295111,0
1,295166,0
3,295221,0
1,295262,0
2,295303,0
3,295344,0
0,295385,0
1,295385,0
0,295467,0
3,295494,0
2,295530,0
1,295567,0
0,295603,0
3,295713,0
2,295713,0
0,295794,0
1,295876,0
2,295876,0
2,295958,0
1,295999,0
0,296040,0
3,296040,0
1,296150,0
2,296204,0
1,296232,0
0,296259,0
2,296368,0
3,296368,0
2,296441,0
1,296478,0
3,296478,0
0,296514,0
0,296602,0
1,296649,0
2,296696,0
3,296743,0
2,296790,0
1,296837,0
0,296883,0
1,296930,0
2,296977,0
1,297024,0
0,297071,0
3,297118,0
2,297155,0
0,297188,0
3,297206,0
1,297243,0
0,297286,0
3,297352,0
3,297434,0
1,297454,0
2,297516,0
1,297598,0
3,297680,1,303254
0,297680,0
0,303254,1,308090
1,304565,1,308090
2,305876,1,308090
3,307188,1,308090
0,308172,0
1,308172,0
2,308172,0
3,308172,0
3,308499,0
0,308499,0
1,308499,0
2,308663,0
0,308663,0
1,308745,0
3,308827,0
0,308827,0
2,308909,0
3,308991,0
1,308991,0
0,308991,0
1,309155,0
2,309155,0
3,309237,0
0,309319,0
2,309319,0
1,309401,0
0,309483,0
2,309483,0
3,309483,0
1,309647,0
3,309647,0
1,309811,0
0,309811,0
3,309893,0
2,309975,0
0,309975,0
1,310057,0
0,310139,0
2,310139,0
3,310139,0
3,310303,0
1,310303,0
0,310303,0
2,310467,0
3,310467,0
0,310494,0
1,310521,0
2,310549,0
3,310590,0
1,310631,0
0,310631,0
0,310794,0
2,310794,0
3,310794,0
1,310958,0
0,311122,0
2,311122,0
3,311122,0
1,311286,0
3,311286,0
2,311368,0
0,311450,0
3,311450,0
1,311532,0
0,311614,0
2,311614,0
3,311614,0
2,311778,0
1,311778,0
0,311860,0
1,311942,0
3,311942,0
2,312024,0
0,312106,0
3,312106,0
1,312106,0
2,312270,0
0,312270,0
2,312434,0
3,312434,0
0,312516,0
3,312598,0
1,312598,0
2,312680,0
0,312762,0
3,312762,0
1,312762,0
2,312926,0
3,312926,0
0,312926,0
0,313090,0
1,313090,0
3,313117,0
2,313144,0
1,313172,0
0,313213,0
2,313254,0
3,313254,0
1,313335,0
0,313335,0
0,313417,0
2,313417,0
3,313417,0
0,313745,0
1,313745,0
3,313745,0
2,313909,0
0,313909,0
1,313991,0
3,314073,0
0,314073,0
2,314155,0
3,314237,0
1,314237,0
0,314237,0
2,314401,0
1,314401,0
3,314483,0
2,314565,0
0,314565,0
1,314647,0
0,314729,0
2,314729,0
3,314729,0
1,314893,0
0,315057,0
2,315057,0
3,315057,0
3,315221,0
1,315221,0
2,315303,0
3,315385,0
0,315385,0
1,315467,0
0,315549,0
2,315549,0
3,315549,0
1,315713,0
2,315713,0
0,315794,0
1,315876,0
3,315876,0
2,315958,0
3,316040,0
1,316040,0
0,316040,0
2,316368,0
3,316368,0
1,316368,0
2,316696,0
1,316696,0
0,316696,0
2,317024,0
1,317024,0
0,317024,0
0,317352,1,318581
2,317352,0
1,317352,0
3,318172,1,318581
0,318663,0
3,318663,0
2,318718,0
0,318773,0
1,318827,0
0,318882,0
1,318937,0
2,319073,0
3,319155,0
2,319210,0
3,319292,0
0,319319,1,319374
1,319319,1,319346
2,319374,1,319401
3,319374,1,319428
1,319428,1,319483
0,319428,1,319456
2,319483,1,319538
3,319483,1,319510
1,319538,1,319565
0,319538,1,319592
2,319592,1,319620
3,319592,1,319647
0,319647,1,319674
1,319647,1,319702
2,319729,1,319784
3,319729,1,319756
0,319811,1,319866
1,319838,1,319893
0,319920,1,320002
1,319948,1,320029
3,320029,1,320084
2,320057,1,320111
3,320139,1,320221
2,320166,1,320248
1,320248,1,320303
0,320275,1,320330
1,320357,1,320439
0,320385,1,320467
2,320467,1,320521
3,320494,1,320549
2,320576,1,320658
3,320603,1,320685
2,320740,1,320822
3,320767,1,320849
2,320904,1,320958
3,320931,1,320986
2,321040,1,321122
3,321068,1,321232
1,321286,0
0,321286,0
3,321341,0
2,321368,0
1,321396,0
0,321432,0
2,321491,0
1,321549,0
0,321614,0
2,321680,0
3,321737,0
1,321778,0
2,321819,0
0,321860,0
1,321901,0
3,321942,0
2,321942,0
1,322188,0
3,322270,0
1,322270,0
2,322516,0
2,322598,0
0,322598,0
3,322652,0
1,322707,0
2,322762,0
1,322803,0
0,322844,0
2,322926,0
3,322926,0
0,323172,0
0,323254,0
2,323254,0
3,323499,0
3,323581,0
1,323581,0
0,323827,0
0,323909,0
3,323909,0
1,323964,0
3,324019,0
2,324073,0
3,324128,0
2,324182,0
1,324319,0
0,324360,0
2,324419,0
1,324492,0
3,324565,1,324620
2,324565,1,324592
1,324620,1,324647
0,324620,1,324674
2,324674,1,324729
3,324674,1,324702
1,324729,1,324784
0,324729,1,324756
2,324784,1,324811
3,324784,1,324838
1,324838,1,324866
0,324838,1,324893
3,324893,1,324920
2,324893,1,324948
1,324975,1,325029
0,324975,1,325002
3,325057,1,325111
2,325084,1,325139
3,325166,1,325248
2,325193,1,325275
0,325275,1,325330
1,325303,1,325357
0,325385,1,325467
1,325412,1,325494
2,325494,1,325549
3,325521,1,325576
2,325603,1,325685
3,325631,1,325713
1,325713,1,325767
0,325740,1,325794
1,325822,1,325904
0,325849,1,325931
1,325986,1,326068
0,326013,1,326095
1,326150,1,326204
0,326177,1,326232
1,326286,1,326368
0,326314,1,326478
3,326532,0
2,326532,0
2,326614,0
1,326669,0
0,326723,0
3,326737,0
2,326778,0
1,326819,0
0,326860,0
2,326954,0
3,327001,0
1,327047,0
2,327094,0
0,327141,0
1,327188,0
3,327188,0
1,327434,0
1,327516,0
3,327516,0
0,327598,0
2,327680,0
1,327734,0
3,327789,0
2,327844,0
0,327880,0
1,327917,0
2,327953,0
3,327989,0
2,328031,0
1,328078,0
0,328125,0
2,328172,0
3,328172,0
0,328499,0
2,328499,0
1,328565,1,328696
1,328773,0
0,328827,0
3,328827,0
3,328909,0
1,328991,0
1,329073,0
3,329155,0
0,329155,0
1,329210,0
3,329264,0
2,329319,0
3,329374,0
2,329428,0
0,329565,0
1,329647,0
0,329729,0
3,329811,1,329866
2,329811,1,329838
1,329866,1,329920
0,329866,1,329893
2,329920,1,329975
3,329920,1,329948
1,329975,1,330002
0,329975,1,330029
2,330029,1,330057
3,330029,1,330084
1,330084,1,330139
0,330084,1,330111
3,330139,1,330166
2,330139,1,330193
1,330221,1,330248
0,330221,1,330275
3,330303,1,330357
2,330330,1,330385
3,330412,1,330494
2,330439,1,330521
0,330521,1,330576
1,330549,1,330603
0,330631,1,330713
1,330658,1,330740
2,330740,1,330794
3,330767,1,330822
2,330849,1,330931
3,330876,1,330958
1,330958,1,331013
0,330986,1,331040
1,331068,1,331150
0,331095,1,331177
1,331232,1,331314
0,331259,1,331341
1,331396,1,331450
0,331423,1,331478
1,331532,1,331614
0,331560,1,331723
2,331778,0
3,331778,0
0,331833,0
1,331860,0
2,331887,0
3,331924,0
1,331983,0
2,332040,0
3,332106,0
1,332172,0
0,332229,0
2,332270,0
1,332311,0
3,332352,0
2,332393,0
0,332434,0
1,332434,0
2,332680,0
0,332762,0
2,332762,0
1,333008,0
1,333090,0
3,333090,0
0,333144,0
2,333199,0
1,333254,0
2,333294,0
3,333335,0
1,333417,0
0,333417,0
3,333663,0
3,333745,0
1,333745,0
0,333991,0
0,334073,0
2,334073,0
3,334319,0
0,334401,0
3,334401,0
2,334456,0
0,334510,0
1,334565,0
0,334620,0
1,334674,0
2,334811,0
3,334852,0
1,334911,0
2,334984,0
0,335057,1,335111
1,335057,1,335084
2,335111,1,335166
3,335111,1,335139
1,335166,1,335221
0,335166,1,335193
2,335221,1,335248
3,335221,1,335275
1,335275,1,335303
0,335275,1,335330
2,335330,1,335385
3,335330,1,335357
0,335385,1,335412
1,335385,1,335439
2,335467,1,335494
3,335467,1,335521
0,335549,1,335603
1,335576,1,335631
0,335658,1,335740
1,335685,1,335767
3,335767,1,335822
2,335794,1,335849
3,335876,1,335958
2,335904,1,335986
1,335986,1,336040
0,336013,1,336068
1,336095,1,336177
0,336122,1,336204
2,336204,1,336259
3,336232,1,336286
2,336314,1,336396
3,336341,1,336423
2,336478,1,336560
3,336505,1,336587
2,336641,1,336696
3,336669,1,336723
2,336778,1,336860
3,336805,1,336969
0,337024,0
1,337024,0
1,337106,0
2,337161,0
3,337215,0
0,337229,0
1,337270,0
2,337311,0
3,337352,0
0,337417,0
1,337483,0
2,337549,0
1,337614,0
3,337680,0
2,337680,0
0,337844,0
3,337844,0
2,338008,0
0,338008,0
3,338073,0
1,338139,0
3,338172,0
2,338226,0
1,338281,0
3,338335,0
0,338335,0
1,338499,0
3,338663,0
1,338663,0
2,338827,0
0,338909,0
2,338991,0
1,339032,0
2,339073,0
3,339114,0
1,339155,0
2,339210,0
1,339264,0
0,339319,0
3,339340,0
2,339442,0
1,339463,0
0,339565,0
3,339585,0
1,339647,0
2,339647,0
0,339702,0
2,339756,0
1,339811,0
2,339866,0
0,339975,0
3,339975,1,340248
2,340057,1,340221
1,340139,1,340193
1,340303,0
0,340344,0
2,340385,0
1,340426,0
3,340467,0
2,340521,0
1,340576,0
0,340631,0
0,340713,0
3,340794,0
3,340876,0
2,340958,0
0,340958,1,341040
1,340986,1,341013
3,341040,0
1,341095,1,341177
0,341122,1,341150
2,341177,0
0,341232,1,341314
1,341259,1,341286
3,341314,0
1,341368,1,341450
0,341396,1,341423
2,341450,0
1,341532,0
0,341614,0
3,341614,1,341696
2,341641,1,341669
1,341696,0
2,341751,1,341833
3,341778,1,341805
0,341833,0
3,341887,1,341969
2,341915,1,341942
1,341969,0
2,342024,1,342106
3,342051,1,342079
0,342106,0
2,342188,0
0,342270,1,342352
3,342270,0
1,342297,1,342325
2,342352,0
1,342407,1,342488
0,342434,1,342461
3,342488,0
0,342543,1,342625
1,342570,1,342598
3,342598,0
2,342625,0
1,342680,1,342762
0,342707,1,342734
3,342762,0
2,342844,0
0,342926,0
3,342926,1,343008
2,342953,1,342980
1,343008,0
2,343062,1,343144
3,343090,1,343117
0,343144,0
3,343199,1,343281
2,343226,1,343254
0,343254,0
1,343281,0
2,343335,1,343417
3,343363,1,343390
0,343417,0
1,343499,0
2,343581,0
0,343618,0
1,343654,0
2,343691,0
0,343722,0
1,343769,0
2,343816,0
3,343862,0
1,343909,0
3,343956,0
2,344003,0
1,344050,0
3,344106,0
0,344155,0
2,344172,0
0,344237,0
1,344237,0
2,344319,0
3,344360,0
0,344401,0
1,344456,0
2,344510,0
0,344565,0
3,344565,1,344647
1,344647,0
2,344729,0
1,344811,0
0,344893,1,344975
3,344893,0
2,344948,0
1,345002,0
3,345057,0
2,345111,0
0,345221,0
3,345221,1,345303
0,345467,0
0,345549,1,345631
3,345549,0
2,345603,0
3,345658,0
2,345713,0
0,345767,0
1,345822,0
0,345876,0
1,345913,0
2,345949,0
3,346040,0
2,346095,0
3,346150,0
2,346204,0
0,346204,1,346286
1,346232,1,346259
3,346286,0
1,346341,1,346423
0,346368,1,346396
2,346423,0
0,346478,1,346560
1,346505,1,346532
3,346560,0
1,346614,1,346696
0,346641,1,346669
2,346696,0
1,346778,0
0,346860,0
3,346860,1,346942
2,346887,1,346915
1,346942,0
2,346997,1,347079
3,347024,1,347051
0,347079,0
3,347133,1,347215
2,347161,1,347188
1,347215,0
2,347270,1,347352
3,347297,1,347325
0,347352,0
2,347434,0
0,347516,1,347598
3,347516,0
1,347543,1,347570
2,347570,0
3,347625,0
1,347652,1,347734
0,347680,1,347707
2,347734,0
0,347789,1,347871
1,347816,1,347844
2,347844,0
3,347871,0
1,347926,1,348008
0,347953,1,347980
3,348008,0
2,348090,0
0,348172,0
3,348172,1,348254
2,348199,1,348226
1,348254,0
2,348308,1,348390
3,348335,1,348363
0,348390,0
3,348445,1,348527
2,348472,1,348499
1,348527,0
2,348581,1,348663
3,348609,1,348636
0,348663,0
1,348745,0
2,348827,0
3,348882,0
1,348909,0
2,348964,0
1,349009,0
0,349073,0
3,349155,0
2,349264,0
1,349319,0
2,349374,0
3,349428,0
0,349483,0
1,349483,0
2,349565,0
3,349606,0
0,349647,0
1,349702,0
2,349756,0
0,349811,0
3,349811,1,349893
1,349893,0
2,349975,0
1,350057,0
0,350139,1,350221
3,350139,0
2,350180,0
1,350221,0
2,350303,0
1,350373,0
2,350487,0
2,350651,0
2,350815,0
2,350999,0
3,351040,0
1,351081,0
2,351122,0
3,351163,0
0,351286,0
1,351341,0
0,351396,0
1,351450,0
3,351450,1,351532
2,351478,1,351505
0,351532,0
2,351587,1,351669
3,351614,1,351641
1,351669,0
3,351723,1,351805
2,351751,1,351778
0,351805,0
2,351860,1,351942
3,351887,1,351915
1,351942,0
2,352024,0
3,352106,0
0,352106,1,352188
1,352133,1,352161
2,352188,0
1,352243,1,352325
0,352270,1,352297
3,352325,0
0,352379,1,352461
1,352407,1,352434
2,352461,0
1,352516,1,352598
0,352543,1,352570
3,352598,0
1,352680,0
3,352762,1,352844
0,352762,0
2,352789,1,352816
1,352844,0
2,352898,1,352980
3,352926,1,352953
0,352980,0
3,353035,1,353117
2,353062,1,353090
0,353090,0
1,353117,0
2,353172,1,353254
3,353199,1,353226
0,353254,0
1,353335,0
3,353417,0
0,353417,1,353499
1,353445,1,353472
2,353499,0
1,353554,1,353636
0,353581,1,353609
3,353636,0
0,353691,1,353773
1,353718,1,353745
3,353745,0
2,353773,0
1,353827,1,353909
0,353855,1,353882
3,353909,0
2,353991,0
1,354073,0
0,354073,0
3,354114,0
0,354155,0
1,354196,0
2,354255,0
3,354328,0
0,354401,0
2,354467,0
1,354532,0
3,354565,0
2,354606,0
1,354647,0
0,354688,0
2,354729,0
3,354729,0
3,354811,0
2,354852,0
1,354893,0
0,354934,0
3,355002,0
2,355057,0
0,355057,1,355139
1,355139,0
3,355221,0
0,355303,0
3,355385,1,355467
1,355385,0
2,355439,0
0,355494,0
1,355549,0
2,355603,0
0,355713,1,355794
3,355713,0
3,355958,0
3,356040,1,356122
0,356040,0
1,356095,0
0,356150,0
1,356204,0
3,356259,0
2,356314,0
3,356368,0
2,356405,0
1,356441,0
0,356532,0
1,356587,0
0,356641,0
1,356696,0
3,356696,1,356778
2,356723,1,356751
0,356778,0
2,356833,1,356915
3,356860,1,356887
1,356915,0
3,356969,1,357051
2,356997,1,357024
0,357051,0
2,357106,1,357188
3,357133,1,357161
1,357188,0
2,357270,0
3,357352,0
0,357352,1,357434
1,357379,1,357407
2,357434,0
1,357488,1,357570
0,357516,1,357543
3,357570,0
0,357625,1,357707
1,357652,1,357680
2,357707,0
1,357762,1,357844
0,357789,1,357816
3,357844,0
1,357926,0
3,358008,1,358090
0,358008,0
2,358035,1,358062
1,358117,0
2,358144,1,358226
3,358172,1,358199
0,358226,0
3,358281,1,358363
2,358308,1,358335
0,358335,0
1,358363,0
2,358417,1,358499
3,358445,1,358472
0,358499,0
1,358581,0
3,358663,0
0,358663,1,358745
1,358691,1,358718
2,358745,0
1,358800,1,358882
0,358827,1,358855
3,358882,0
0,358937,1,359019
1,358964,1,358991
2,359019,0
1,359073,1,359155
0,359101,1,359128
3,359155,0
2,359237,0
1,359319,0
0,359374,0
2,359401,0
1,359456,0
2,359501,0
3,359565,0
0,359647,0
1,359647,0
2,359811,0
1,359893,0
3,359975,0
0,359975,0
3,360057,0
1,360139,0
0,360139,0
1,360303,0
2,360385,0
0,360467,0
2,360467,0
0,360549,0
2,360631,0
3,360631,0
0,360794,0
2,360794,0
1,360876,0
0,360958,0
3,360958,0
3,361040,0
1,361122,0
0,361122,0
2,361286,0
3,361450,0
2,361450,0
0,361614,0
3,361614,0
0,361696,0
1,361778,0
2,361778,0
1,361942,0
0,361942,0
2,361942,0
3,361942,0
3,362372,0
2,362434,0
1,362525,0
0,362634,0
3,362762,0
3,362871,0
0,362980,0
0,363090,0
3,363199,0
3,363363,0
0,363581,0
0,363909,0
2,364237,0
2,364729,0
1,365385,0
1,366368,0
1,367516,0
0,368827,1,373144
3,373144,0
2,373235,0
0,375713,1,376368
1,376040,0
2,376163,0
3,376245,0
1,376314,0
3,376368,1,378991
2,376368,0
1,376860,0
0,377352,0
1,377680,0
2,377721,0
2,378172,0
1,378335,1,378991
0,378663,0
0,378991,0
2,378991,1,380303
3,379647,0
0,380303,0
3,380303,0
1,380631,0
0,380958,0
2,380958,0
3,381286,0
1,381573,0
2,381614,0
3,381614,1,381669
0,381655,0
2,382106,1,382161
1,382106,0
0,382598,0
1,382598,1,382652
2,382926,0
0,383090,1,383144
1,383417,0
0,383581,1,383636
0,383909,0
3,384237,1,384292
2,384237,0
1,384278,0
3,384729,1,384784
2,384729,0
2,385221,1,385275
1,385221,0
0,385549,0
3,385549,0
1,385713,1,385767
2,385904,0
3,385986,0
2,386068,0
0,386204,1,386259
1,386204,0
3,386204,1,386860
0,386532,0
0,386860,1,389483
1,386860,0
3,387352,0
1,387844,0
3,388172,0
1,388663,0
2,388827,1,389483
3,389155,0
1,389483,1,390794
3,389483,0
0,390139,0
0,390794,0
3,390794,0
2,391122,0
0,391450,0
3,391450,0
1,391778,0
2,392106,0
3,392106,0
1,392598,0
2,393090,0
3,393417,0
0,393417,0
2,393745,0
0,394101,0
1,394182,0
0,394264,0
3,394401,0
0,394729,1,396040
3,394729,0
1,394729,1,394784
2,395221,1,395275
1,395385,1,396696
3,395713,1,395767
2,396040,1,397270
3,396040,0
3,396696,1,397270
0,396696,1,397270
3,397352,1,399811
2,397352,0
0,397352,1,397516
1,397352,0
1,397680,1,397844
2,398008,1,398335
0,398663,0
2,398663,1,398827
1,398991,1,399155
2,399319,1,399975
0,399319,1,399647
1,399647,0
1,399975,1,400139
3,399975,0
0,399975,1,401286
2,400303,1,400467
3,400631,1,400958
3,401286,1,401450
1,401286,1,401942
2,401614,1,401778
3,401942,1,402270
0,401942,1,402598
1,402598,1,402680
2,402598,1,402680
3,402598,1,402926
2,403090,1,403172
1,403090,1,403172
0,403090,1,403417
1,403581,0
0,403581,1,403663
2,403909,0
3,403909,1,403991
0,403909,0
2,404401,1,404483
1,404401,0
1,404893,1,404975
0,404893,0
0,405221,1,405549
1,405221,1,405303
2,405221,1,405303
1,405713,1,405794
2,405713,1,405794
3,405713,1,406040
1,406204,0
2,406204,1,406286
0,406532,0
1,406532,1,406614
3,406532,0
2,406860,1,406942
0,407188,1,407270
2,407188,1,407844
0,407844,1,410303
1,407844,0
3,407844,1,408008
2,408172,1,408335
1,408499,1,408827
3,409155,0
1,409155,1,409319
2,409483,1,409647
1,409811,1,410467
3,409811,1,410139
2,410139,0
2,410467,1,410631
0,410467,0
3,410467,1,411778
1,410794,1,410958
0,411122,1,411450
0,411778,1,411942
2,411778,1,412434
1,412106,1,412270
0,412434,1,412762
3,412434,1,413090
2,413090,1,413172
1,413090,1,413172
0,413090,1,413417
1,413581,1,413663
2,413581,1,413663
3,413581,1,413909
2,414073,0
3,414073,1,414155
1,414401,0
0,414401,1,414483
3,414401,0
1,414893,1,414975
2,414893,0
2,415385,1,415467
3,415385,0
3,415713,1,416040
2,415713,1,415794
1,415713,1,415794
2,416204,1,416286
1,416204,1,416286
0,416204,1,416532
2,416696,0
1,416696,1,416778
3,417024,0
2,417024,1,417106
0,417024,0
1,417352,1,417434
3,417680,1,417762
0,417680,0
1,418008,0
2,418008,0
1,418172,0
2,418172,0
0,418335,0
2,418335,0
3,418335,0
3,418704,1,419073
1,419073,1,419401
0,419401,1,419729
2,419729,1,420385
1,420385,1,420958
3,420958,0
0,420958,0
2,421286,0
0,421286,0
1,421396,0
1,421505,0
0,421614,0
3,421614,0
2,421833,0
1,421942,0
2,422051,0
3,422161,0
0,422161,0
1,422215,0
3,422270,0
2,422270,0
2,422488,0
0,422598,0
1,422707,0
3,422816,0
1,422816,0
2,422926,0
3,422926,0
3,423144,0
1,423144,0
0,423254,0
2,423363,0
0,423472,0
2,423472,0
3,423581,0
1,423581,0
0,423581,0
3,423950,1,424319
1,424319,1,424647
0,424647,1,424975
2,424975,1,425631
1,425631,1,426204
0,426204,0
3,426204,0
3,426423,0
0,426532,0
2,426532,0
1,426641,0
1,426751,0
3,426860,0
0,426860,0
1,427079,0
0,427188,0
3,427188,0
2,427297,0
0,427407,0
3,427407,0
1,427461,0
2,427516,0
3,427516,0
0,427734,0
1,427844,0
3,427844,0
2,427953,0
2,428062,0
0,428062,0
1,428172,0
0,428172,0
3,428390,0
0,428390,0
2,428499,0
1,428609,0
3,428718,0
1,428718,0
0,428827,0
2,428827,0
3,428827,0
3,429196,1,429565
1,429565,1,429893
0,429893,1,430221
2,430221,1,430876
1,430876,1,431450
3,431450,0
0,431450,0
0,431778,0
2,431778,0
1,431887,0
1,431997,0
0,432106,0
3,432106,0
2,432325,0
1,432434,0
2,432543,0
3,432652,0
0,432652,0
1,432707,0
3,432762,0
2,432762,0
2,432980,0
0,433090,0
1,433199,0
3,433308,0
1,433308,0
2,433417,0
3,433417,0
3,433636,0
1,433636,0
0,433745,0
2,433855,0
0,433964,0
2,433964,0
3,434073,0
1,434073,0
0,434073,0
3,434442,1,434811
1,434811,1,435139
0,435139,1,435467
2,435467,1,436122
1,436122,1,436696
0,436696,0
3,436696,0
0,437024,0
2,437024,0
1,437133,0
1,437243,0
3,437352,0
0,437352,0
1,437570,0
0,437680,0
3,437680,0
2,437789,0
0,437898,0
3,437898,0
1,437953,0
2,438008,0
3,438008,0
0,438226,0
1,438335,0
3,438335,0
2,438445,0
2,438554,0
0,438554,0
1,438663,0
0,438663,0
3,438827,0
0,438882,0
2,438909,0
1,438991,0
3,439073,0
2,439155,0
1,439237,0
0,439319,0
3,439319,0
2,439319,0
1,439647,0
2,439770,0
3,439811,0
2,440139,0
1,440303,0
0,440467,0
1,440631,1,441286
2,440631,0
3,440794,0
0,441122,0
0,441614,0
1,441778,0
2,441942,0
0,441942,1,441997
3,441942,1,442598
1,442434,1,442488
0,442434,0
3,442762,0
2,442762,1,442816
3,443254,0
0,443254,1,443909
1,443254,1,443308
2,443581,0
1,443909,0
0,444237,0
1,444319,0
2,444401,0
3,444483,0
2,444565,1,444725
0,444565,0
1,444885,0
2,445046,1,445206
0,445046,0
3,445367,0
2,445687,0
1,445848,1,446008
0,446008,0
1,446329,1,446490
3,446329,0
1,446810,0
2,446971,0
0,447131,1,447285
3,447131,0
1,447131,1,447182
0,447594,1,447749
2,447594,0
3,447594,1,447646
1,447904,0
2,447904,1,447955
0,448058,1,448213
3,448368,1,448518
2,448368,0
0,448368,1,448418
1,448668,0
3,448818,1,448968
0,448968,0
1,449268,0
2,449418,0
3,449493,0
2,449568,0
1,449568,0
0,449568,0
3,449718,0
0,449718,0
2,449868,0
1,449868,0
0,450018,0
2,450018,0
3,450168,0
1,450168,0
1,450318,0
2,450318,0
0,450468,0
3,450468,1,450543
2,450543,1,450618
0,450618,0
1,450618,1,450693
3,450693,1,450768
2,450768,0
1,450768,0
2,450918,0
0,450918,0
0,451068,0
3,451068,0
3,451218,0
1,451218,0
1,451368,0
2,451368,0
2,451518,0
0,451518,0
3,451668,0
0,451668,1,451743
1,451743,1,451818
3,451818,0
2,451818,1,451893
0,451893,1,451968
1,451968,0
2,451968,1,452043
1,452118,0
3,452118,1,452193
3,452268,0
2,452268,1,452343
2,452418,0
0,452418,1,452493
0,452568,0
1,452568,0
3,452718,0
1,452718,1,452793
3,452868,0
2,452868,1,452943
0,453018,1,453093
1,453018,0
3,453168,1,453318
2,453168,0
1,453318,0
0,453318,0
2,453393,1,453543
0,453468,0
1,453468,0
3,453543,1,453618
1,453618,1,453768
2,453618,0
2,453768,1,453993
3,453768,0
0,453918,1,454068
1,453918,0
3,454068,1,454143
1,454068,0
2,454143,1,454218
1,454218,1,454293
3,454218,0
0,454293,1,454368
2,454368,0
3,454368,0
1,454443,0
0,454443,0
2,454518,0
3,454518,0
1,454593,0
0,454668,0
3,454668,0
2,454743,0
1,454743,0
0,454818,0
3,454818,0
2,454893,0
1,454968,0
0,454968,0
2,455043,0
3,455043,0
1,455118,0
0,455118,0
2,455193,0
3,455268,0
1,455268,0
2,455343,0
0,455343,0
1,455418,0
3,455418,0
0,455493,0
2,455568,0
3,455568,0
1,455643,0
0,455643,0
2,455718,0
3,455718,0
1,455793,0
2,455868,0
0,455868,0
1,455943,0
3,455943,0
0,456018,0
2,456093,0
3,456093,0
0,456168,0
1,456168,0
2,456243,0
3,456243,0
1,456318,0
0,456393,0
3,456393,0
2,456468,0
1,456468,0
0,456543,0
3,456543,0
2,456618,0
1,456618,0
0,456693,0
3,456693,0
1,456768,0
2,456768,0
3,456805,0
0,456843,0
1,456880,0
2,456918,0
3,456955,0
1,456993,0
0,457030,0
3,457068,0
2,457105,0
1,457143,0
0,457180,0
2,457218,0
3,457255,0
0,457293,0
1,457330,0
2,457368,0
3,457405,0
1,457443,0
0,457480,0
3,457518,0
2,457555,0
1,457593,0
0,457630,0
2,457668,0
3,457705,0
0,457743,0
1,457780,0
2,457818,0
3,457855,0
0,457893,0
1,457930,0
2,457968,1,458043
0,458868,1,459018
1,458943,1,459093
2,459018,1,459093
3,459093,1,459168
1,459168,1,459243
0,459168,1,459318
2,459168,0
1,459318,1,459468
3,459318,1,459393
0,459393,1,459468
3,459468,1,459693
2,459468,1,459543
2,459618,1,459768
1,459668,1,459818
3,459768,0
0,459768,1,459868
2,459843,1,459918
1,459918,1,459993
0,459918,1,459968
3,459993,1,460068
1,460068,1,460143
2,460068,1,460218
3,460143,1,460293
0,460218,1,460293
1,460293,1,460368
2,460368,1,460443
3,460368,1,460518
2,460518,1,460668
0,460518,1,460593
3,460593,1,460668
0,460668,1,460893
1,460668,1,460743
1,460818,1,460968
2,460868,1,461018
0,460968,0
3,460968,1,461068
1,461043,1,461118
2,461118,1,461193
3,461118,1,461168
0,461193,1,461268
2,461268,1,461343
1,461268,1,461418
0,461343,1,461493
3,461418,1,461493
2,461493,1,461568
0,461568,1,461643
1,461568,1,461718
0,461718,1,461868
2,461718,1,461793
1,461793,1,461868
2,461868,1,462093
3,461868,1,461943
3,462018,1,462243
0,462018,1,462093
1,462168,1,462243
0,462168,1,462318
1,462318,1,462468
3,462318,1,462393
0,462393,1,462468
3,462468,1,462693
2,462468,1,462543
2,462618,1,462768
0,462618,1,462693
0,462768,1,462993
1,462768,1,462818
3,462843,1,462893
2,462918,1,463068
1,462993,1,463068
3,463068,1,463293
0,463068,1,463118
1,463143,1,463293
2,463218,1,463293
0,463293,1,463343
3,463368,1,463518
1,463368,1,463418
2,463443,1,463493
0,463518,1,463668
1,463518,1,463593
3,463593,1,463643
1,463668,1,463718
2,463668,1,463743
0,463743,1,463818
2,463818,1,463893
1,463893,1,463968
3,463968,1,464043
0,463968,0
2,463968,1,464118
3,464118,1,464268
1,464118,1,464193
2,464193,1,464268
1,464268,1,464493
0,464268,1,464343
0,464418,1,464568
2,464468,1,464618
3,464568,1,464668
1,464568,0
0,464643,1,464718
3,464718,1,464768
2,464718,1,464793
1,464793,1,464868
0,464868,1,464943
3,464868,1,465018
1,464943,1,465093
2,465018,1,465093
3,465093,1,465168
0,465168,1,465243
1,465168,1,465318
0,465318,1,465468
2,465318,1,465393
1,465393,1,465468
2,465468,1,465693
3,465468,1,465543
3,465618,1,465768
1,465668,1,465818
0,465768,1,465868
2,465768,0
3,465843,1,465893
0,465918,1,465993
1,465918,1,465968
2,465993,1,466043
0,466068,1,466293
3,466068,1,466118
2,466143,1,466293
1,466218,1,466368
3,466293,1,466343
2,466368,1,466518
0,466368,0
3,466518,1,466593
0,466518,1,466668
2,466593,1,466743
1,466668,1,466893
3,466668,0
0,466743,1,466893
3,466818,1,466968
1,466968,1,467043
2,466968,1,467118
1,467118,1,467268
3,467118,1,467193
2,467193,1,467268
3,467268,1,467493
0,467268,1,467343
0,467418,1,467568
2,467418,1,467493
3,467568,1,467793
2,467568,1,467618
0,467643,1,467693
1,467718,1,467868
2,467793,1,467868
0,467868,1,468093
3,467868,1,467918
2,467943,1,468093
1,468018,1,468093
3,468093,1,468143
0,468168,1,468318
2,468168,1,468218
1,468243,1,468293
3,468318,1,468468
2,468318,1,468393
0,468393,1,468443
1,468468,1,468543
2,468468,1,468518
3,468543,1,468618
1,468618,1,468693
2,468693,1,468768
0,468768,1,468843
3,468768,0
1,468768,1,468918
0,468918,1,469068
2,468918,1,468993
1,468993,1,469068
2,469068,1,469293
3,469068,1,469143
3,469218,1,469368
1,469268,1,469418
0,469368,1,469468
2,469368,0
3,469443,1,469518
0,469518,1,469568
1,469518,1,469593
2,469593,1,469668
3,469668,1,469743
0,469668,1,469818
2,469743,1,469893
1,469818,1,469893
0,469893,1,469968
3,469968,1,470043
2,469968,1,470118
3,470118,1,470268
1,470118,1,470193
2,470193,1,470268
1,470268,1,470493
0,470268,1,470343
0,470418,1,470568
2,470468,1,470618
3,470568,1,470668
1,470568,0
0,470643,1,470718
2,470718,1,470793
3,470718,1,470768
1,470793,1,470868
3,470868,1,471018
0,470868,1,470943
1,470943,1,471093
2,471018,1,471093
3,471093,1,471168
1,471168,1,471243
0,471168,1,471318
1,471318,1,471468
2,471318,1,471393
0,471393,1,471468
2,471468,1,471693
3,471468,1,471543
3,471618,1,471843
1,471618,1,471693
0,471768,1,471843
1,471768,1,471918
0,471918,1,472068
3,471918,1,471993
1,471993,1,472068
3,472068,1,472293
2,472068,1,472143
2,472218,1,472368
0,472218,1,472293
0,472368,1,472593
1,472368,1,472418
3,472443,1,472493
2,472518,1,472668
1,472593,1,472668
3,472668,1,472893
0,472668,1,472718
1,472743,1,472893
2,472818,1,472893
0,472893,1,472943
2,472968,1,473193
1,472968,1,473018
0,473118,1,473268
3,473118,1,473193
1,473268,1,473343
2,473268,0
3,473343,1,473418
1,473418,1,473493
2,473493,1,473568
0,473568,1,473643
3,473568,0
1,473568,1,473718
3,473718,1,473793
0,473718,1,473868
1,473793,1,473868
3,473868,1,474093
2,473868,1,473943
2,474018,1,474168
1,474068,1,474218
3,474168,0
0,474168,1,474268
2,474243,1,474318
1,474318,1,474393
0,474318,1,474368
3,474393,1,474468
1,474468,1,474543
2,474468,1,474618
3,474543,1,474693
0,474618,1,474693
1,474693,1,474768
3,474768,1,474843
0,474768,0
2,474768,1,474918
0,474918,1,474993
3,474918,1,475068
2,474993,1,475068
0,475068,1,475293
1,475068,1,475143
1,475218,1,475368
2,475268,1,475418
0,475368,0
3,475368,1,475468
1,475443,1,475518
2,475518,1,475593
3,475518,1,475568
0,475593,1,475668
1,475668,1,475893
2,475668,1,475743
0,475743,1,475893
3,475818,1,475893
2,475968,0
1,475968,1,476418
3,475968,1,477093
0,476118,1,476268
0,476418,1,476718
2,476418,1,476568
1,476718,1,476868
2,476718,1,477093
0,477018,1,477168
2,477168,0
3,477168,0
0,477218,0
1,477218,0
3,477268,0
2,477268,0
1,477318,0
0,477318,0
2,477393,0
3,477393,0
1,477468,0
0,477468,0
1,477543,0
0,477543,0
2,477618,0
3,477618,0
3,477693,0
2,477693,0
2,477868,0
3,477868,0
1,478043,0
0,478043,0
1,478218,0
0,478218,0
2,478293,0
3,478368,0
0,478368,0
2,478518,0
1,478668,0
3,478818,0
1,478968,1,479043
2,479118,0
3,479268,0
0,479343,0
1,479418,0
2,479493,0
3,479568,0
0,479568,0
2,479718,0
1,479868,0
3,480018,0
0,480168,1,480243
1,480318,0
3,480468,0
2,480543,0
1,480618,0
2,480693,0
3,480768,0
0,480768,0
2,480918,0
1,481068,0
2,481218,0
3,481218,1,481518
0,481518,1,481818
1,481668,1,481893
2,481818,1,481968
0,481968,0
1,481968,0
3,481968,0
3,482193,0
2,482193,0
0,482193,0
2,482418,0
1,482418,0
0,482418,0
3,482568,1,482793
1,482568,0
0,482568,0
2,482718,1,482868
0,482868,0
1,482868,1,482943
3,482868,0
2,482943,1,483018
1,483018,1,483093
3,483093,1,483168
0,483168,1,483243
2,483168,0
1,483168,1,483318
0,483318,1,483468
3,483318,1,483393
1,483393,1,483468
3,483468,1,483693
2,483468,1,483543
2,483618,1,483768
1,483668,1,483818
3,483768,0
0,483768,1,483868
2,483843,1,483918
1,483918,1,483993
0,483918,1,483968
3,483993,1,484068
1,484068,1,484143
2,484068,1,484218
3,484143,1,484293
0,484218,1,484293
1,484293,1,484368
3,484368,1,484443
2,484368,1,484518
3,484518,1,484668
0,484518,1,484593
2,484593,1,484668
0,484668,1,484893
1,484668,1,484743
1,484818,1,484968
2,484868,1,485018
0,484968,0
3,484968,1,485068
1,485043,1,485118
2,485118,1,485193
3,485118,1,485168
0,485193,1,485268
2,485268,1,485343
1,485268,1,485418
0,485343,1,485493
3,485418,1,485493
2,485493,1,485568
0,485568,1,485793
1,485568,1,485718
2,485718,1,485793
3,485793,1,485943
2,485868,0
0,485868,1,486018
1,485943,1,486018
3,486018,1,486168
2,486018,1,486243
1,486168,1,486243
0,486168,1,486318
1,486318,1,486468
3,486318,1,486393
0,486393,1,486468
3,486468,1,486693
2,486468,1,486543
2,486618,1,486768
0,486618,1,486693
0,486768,1,486993
1,486768,1,486818
3,486843,1,486893
2,486918,1,487068
1,486993,1,487068
3,487068,1,487293
0,487068,1,487118
1,487143,1,487293
2,487218,1,487293
0,487293,1,487343
3,487368,1,487518
1,487368,1,487418
2,487443,1,487493
0,487518,1,487668
1,487518,1,487593
3,487593,1,487643
2,487668,1,487743
1,487668,0
0,487743,1,487818
2,487818,1,487893
1,487893,1,487968
0,487968,0
3,487968,1,488193
2,487968,1,488118
0,488118,1,488268
1,488193,1,488268
3,488268,1,488418
2,488268,1,488343
2,488418,1,488568
1,488468,1,488618
0,488568,1,488793
3,488568,1,488618
2,488643,1,488693
3,488718,1,488868
1,488718,1,488768
2,488793,1,488868
1,488868,1,488943
0,488868,1,489018
1,489018,1,489168
2,489068,1,489218
0,489168,1,489393
3,489168,1,489268
3,489318,1,489468
2,489393,1,489468
1,489468,1,489543
0,489468,1,489618
1,489618,1,489768
2,489668,1,489818
3,489768,1,489993
0,489768,1,489818
1,489843,1,489893
0,489918,1,490068
2,489918,1,489968
1,489993,1,490068
3,490068,1,490218
2,490068,1,490143
2,490218,1,490368
1,490268,1,490418
3,490368,1,490518
0,490368,1,490418
2,490443,1,490593
0,490518,1,490668
1,490593,1,490668
2,490668,1,490818
3,490668,1,490718
1,490743,1,490893
3,490818,1,490968
2,490893,1,490968
1,490968,1,491043
0,490968,1,491118
1,491118,1,491268
2,491118,1,491193
0,491193,1,491268
2,491268,1,491493
3,491268,1,491343
3,491418,1,491568
0,491418,1,491493
0,491568,1,491793
1,491568,1,491618
3,491643,1,491693
2,491718,1,491868
1,491793,1,491868
3,491868,1,492093
0,491868,1,491918
1,491943,1,492093
2,492018,1,492093
0,492093,1,492143
2,492168,1,492393
1,492168,1,492218
3,492318,1,492393
0,492318,1,492468
1,492468,1,492543
2,492468,0
3,492543,1,492618
1,492618,1,492693
2,492693,1,492768
1,492768,0
0,492768,0
3,492768,0
3,492918,0
2,492918,0
1,492993,0
0,493068,0
3,493068,0
1,493143,0
0,493218,1,493443
2,493218,1,493443
3,493218,0
1,493443,1,493518
2,493518,1,493593
3,493518,1,493593
0,493593,1,493668
1,493668,1,493743
3,493668,0
2,493743,1,493818
3,493818,0
1,493818,1,493893
0,493893,1,493968
1,493968,0
2,493968,0
3,493968,0
0,494118,0
1,494118,0
2,494193,0
0,494268,0
3,494268,0
2,494343,0
0,494418,0
1,494418,1,494643
3,494418,1,494643
2,494643,1,494718
1,494718,1,494793
0,494718,1,494793
3,494793,1,494868
0,494868,0
2,494868,0
3,494943,0
0,495018,0
2,495018,0
3,495093,0
1,495168,0
0,495168,1,495618
1,495618,1,496068
3,496068,1,496968
2,496368,1,497493
0,496368,0
0,496668,0
0,496968,1,497493
1,496968,0
3,497118,0
1,497268,0
3,497268,0
0,497568,0
2,497568,0
3,497568,0
1,497618,0
3,497668,0
2,497718,0
1,497768,0
0,497818,0
2,497868,0
3,497905,0
1,497943,0
2,497980,0
0,498018,0
1,498055,0
3,498093,0
2,498130,0
1,498168,0
0,498205,0
2,498243,0
1,498280,0
3,498318,0
2,498355,0
0,498393,0
1,498430,0
2,498468,0
3,498518,0
1,498568,0
2,498618,0
0,498693,0
1,498768,0
3,498768,0
2,498818,0
1,498868,0
0,498918,0
3,498918,0
2,498993,0
3,499068,0
1,499068,0
0,499068,0
2,499218,0
0,499218,0
1,499268,0
2,499318,0
3,499368,0
1,499443,0
2,499518,0
3,499518,0
0,499668,0
1,499668,0
2,499668,0
3,499718,0
0,499768,0
1,499818,0
2,499968,0
3,499968,0
0,500018,0
1,500068,0
3,500118,0
2,500168,0
1,500218,0
0,500268,0
2,500305,0
3,500343,0
1,500380,0
2,500418,0
0,500455,0
1,500493,0
3,500530,0
2,500568,0
0,500605,0
3,500643,0
1,500680,0
2,500718,0
0,500755,0
3,500793,0
2,500830,0
1,500868,0
3,500918,0
0,500968,0
1,501018,0
2,501093,0
3,501168,0
0,501168,0
1,501218,0
3,501268,0
2,501318,0
0,501318,0
1,501393,0
2,501468,0
3,501468,0
0,501468,0
1,501618,0
3,501618,0
2,501668,0
1,501718,0
0,501768,0
2,501843,0
3,501918,0
0,501918,0
2,502068,0
3,502068,0
0,502118,0
2,502168,0
1,502218,0
0,502218,0
3,502218,0
0,502368,0
2,502368,0
3,502368,0
1,502418,0
3,502468,0
2,502518,0
0,502568,0
1,502618,0
3,502668,0
2,502705,0
0,502743,0
3,502780,0
1,502818,0
0,502855,0
2,502893,0
3,502930,0
0,502968,0
1,503005,0
3,503043,0
2,503080,0
0,503118,0
3,503155,0
1,503193,0
2,503230,0
0,503268,0
3,503318,0
1,503368,0
2,503418,0
3,503493,0
0,503568,0
1,503568,0
2,503618,0
1,503668,0
3,503718,0
0,503718,0
2,503793,0
3,503868,0
1,503868,0
0,503868,0
2,504018,0
0,504068,0
2,504118,0
3,504168,0
1,504243,0
0,504318,0
3,504318,0
0,504468,0
1,504468,0
2,504468,1,504543
3,504543,1,504618
0,504618,0
1,504618,1,504693
2,504693,1,504768
1,504768,0
0,504768,1,504993
3,504768,1,504918
2,504843,1,504993
1,504918,1,505068
3,504993,1,505143
2,505068,1,505143
0,505068,0
1,505143,1,505218
3,505218,0
0,505218,1,505518
2,505218,1,505368
1,505293,1,505443
3,505368,1,505443
2,505443,1,505593
3,505518,0
1,505518,1,505593
0,505593,1,505668
2,505668,0
1,505668,1,505818
3,505668,1,505893
0,505743,1,505893
2,505818,1,505893
1,505893,1,505968
3,505968,0
0,505968,1,506193
2,505968,1,506118
1,506043,1,506193
3,506118,1,506193
2,506193,1,506268
0,506268,0
1,506268,1,506418
3,506268,1,506493
2,506343,1,506493
0,506418,1,506493
1,506493,1,506568
0,506568,0
2,506568,1,506643
3,506568,1,506643
1,506718,0
3,506868,0
1,506868,1,506943
0,506868,1,506943
2,507018,0
3,507168,0
1,507168,0
0,507168,0
2,507218,0
0,507268,0
1,507318,0
2,507368,0
3,507418,0
1,507468,0
0,507505,0
2,507543,0
1,507580,0
3,507618,0
2,507655,0
0,507693,0
1,507730,0
2,507768,0
3,507805,0
1,507843,0
2,507880,0
0,507918,0
1,507955,0
3,507993,0
2,508030,0
1,508068,0
0,508118,0
2,508168,0
1,508218,0
3,508293,0
2,508368,0
0,508368,0
1,508418,0
2,508468,0
3,508518,0
0,508518,0
1,508593,0
0,508668,0
2,508668,0
3,508668,0
1,508818,0
3,508818,0
2,508868,0
1,508918,0
0,508968,0
2,509043,0
1,509118,0
0,509118,0
3,509268,0
2,509268,0
1,509268,0
0,509318,0
3,509368,0
2,509418,0
1,509568,0
0,509568,0
3,509618,0
2,509668,0
0,509718,0
1,509768,0
2,509818,0
3,509868,0
1,509905,0
0,509943,0
2,509980,0
1,510018,0
3,510055,0
2,510093,0
0,510130,0
1,510168,0
3,510205,0
0,510243,0
2,510280,0
1,510318,0
3,510355,0
0,510393,0
1,510430,0
2,510468,0
0,510518,0
3,510568,0
2,510618,0
1,510693,0
0,510768,0
3,510768,0
2,510818,0
0,510868,0
1,510918,0
3,510918,0
2,510993,0
1,511068,0
0,511068,0
3,511068,0
2,511218,0
0,511218,0
1,511268,0
2,511318,0
3,511368,0
1,511443,0
0,511518,0
3,511518,0
1,511668,0
0,511668,0
3,511718,0
1,511768,0
2,511818,0
3,511818,0
0,511818,0
3,511968,0
1,511968,0
0,511968,0
2,512018,0
0,512068,0
1,512118,0
3,512168,0
2,512218,0
0,512268,0
1,512305,0
3,512343,0
0,512380,0
2,512418,0
3,512455,0
1,512493,0
0,512530,0
3,512568,0
2,512605,0
0,512643,0
1,512680,0
3,512718,0
0,512755,0
2,512793,0
1,512830,0
3,512868,0
0,512918,0
2,512968,0
1,513018,0
0,513093,0
3,513168,0
2,513168,0
1,513218,0
2,513268,0
0,513318,0
3,513318,0
1,513393,0
0,513468,0
2,513468,0
3,513468,0
1,513618,0
3,513668,0
1,513718,0
0,513768,0
2,513843,0
3,513918,0
0,513918,0
3,514068,0
2,514068,0
1,514068,1,514143
0,514143,1,514218
3,514218,0
2,514218,1,514293
1,514293,1,514368
0,514368,0
2,514368,0
3,514368,0
1,514418,0
3,514468,0
2,514518,0
1,514593,0
0,514668,0
3,514668,0
2,514743,0
3,514818,0
1,514818,0
0,514818,0
2,514868,0
0,514918,0
1,514968,0
2,515043,0
3,515118,0
0,515118,0
1,515193,0
0,515268,0
2,515268,0
3,515268,0
1,515318,0
3,515368,0
2,515418,0
0,515418,0
1,515493,1,515568
2,515568,0
3,515568,0
0,515568,1,515718
2,515643,1,515718
1,515718,1,515793
3,515793,1,515868
0,515868,1,515943
1,515868,0
2,515943,1,516018
0,516018,0
1,516018,0
3,516018,1,516168
1,516093,1,516168
0,516168,1,516243
2,516243,1,516318
3,516318,1,516393
0,516318,0
1,516393,1,516468
2,516468,0
0,516468,1,516543
3,516468,1,516618
2,516543,1,516618
1,516618,1,516693
0,516618,0
3,516693,1,516768
0,516768,0
1,516768,0
2,516768,0
3,516843,0
2,517068,0
1,517368,0
0,517668,0
2,517668,0
1,517943,0
3,517968,0
2,518268,0
0,518268,0
0,518568,0
1,518568,0
1,518868,0
3,518868,0
2,519143,0
0,519168,0
1,519468,0
0,519468,0
2,519768,0
1,519993,0
3,520068,0
0,520218,0
2,520343,0
1,520368,0
1,521268,0
2,521418,0
3,521568,0
0,521568,0
1,521868,0
3,521868,0
2,522168,0
0,522168,0
1,522468,0
0,522468,0
1,522768,0
3,522805,0
2,523068,0
0,523068,0
3,523134,0
2,523201,0
1,523368,0
3,523368,0
2,523668,0
0,523668,0
1,523968,0
0,523968,0
2,524193,0
3,524268,0
1,524268,0
2,524568,0
0,524568,0
1,524868,0
2,525018,0
3,525168,0
0,525168,1,526068
1,526068,1,526218
2,526218,1,526368
3,526368,1,527568
1,526368,0
0,526368,0
1,527568,1,528168
0,527568,0
0,528168,1,528468
3,528168,0
2,528468,1,528768
1,528768,1,529368
0,528768,0
3,528768,0
2,529368,1,529593
3,529368,0
0,529593,1,529818
1,529593,0
1,529818,1,529968
3,529818,0
0,529968,0
2,529968,0
3,529968,1,530718
1,531093,0
0,531168,0
3,531168,0
2,531468,0
1,531768,0
3,531768,0
0,532068,0
3,532368,0
2,532368,0
0,532668,0
1,532668,0
1,532968,0
3,532968,0
0,533268,0
2,533268,0
3,533568,0
2,533568,0
1,533643,0
3,533718,0
1,533793,0
3,533868,0
1,533943,0
3,534018,0
1,534093,0
2,534168,0
0,534243,0
2,534318,0
0,534393,0
2,534468,0
0,534543,0
2,534618,0
0,534693,0
3,534768,0
1,534768,0
2,535668,0
0,535743,0
1,535818,0
2,535893,0
0,535968,0
3,535968,0
1,536045,0
3,536122,0
1,536199,0
3,536277,0
1,536354,0
3,536431,0
1,536509,0
3,536586,0
1,536663,0
2,536741,0
3,536741,0
1,536973,0
0,536973,0
0,537205,1,538132
3,537205,1,538132
2,538132,0
1,538287,0
0,538429,0
2,538429,0
3,538429,0
1,538810,0
3,538810,0
2,538937,0
2,539064,0
0,539191,0
0,539318,0
1,539445,0
3,539445,0
2,539700,0
2,539827,0
0,539954,0
0,540081,0
1,540208,0
1,540335,0
2,540462,0
3,540462,0
1,540590,0
0,540653,0
2,540717,0
2,540844,0
3,540844,0
0,540971,0
0,541098,0
3,541225,0
3,541352,0
1,541479,0
0,541479,0
1,541606,0
1,541734,0
3,541861,0
3,541988,0
2,541988,0
3,542115,0
0,542242,0
0,542369,0
1,542369,0
1,542496,0
0,542496,0
2,542496,0
3,542623,0
3,542878,0
2,542878,0
0,543005,0
0,543132,0
2,543259,0
2,543386,0
0,543513,0
1,543513,0
1,543640,0
3,543767,0
3,543895,0
2,544022,0
0,544022,0
0,544149,0
2,544276,0
2,544403,0
1,544530,0
0,544530,0
2,544657,0
3,544721,0
1,544784,0
1,544912,0
0,544912,0
3,545039,0
3,545166,0
0,545293,0
0,545420,0
2,545547,0
3,545547,0
3,545674,0
3,545801,0
1,545929,0
1,546056,0
0,546056,0
1,546183,0
2,546183,0
2,546310,0
3,546310,0
0,546437,0
3,546437,0
1,546564,0
0,546564,0
2,546564,0
2,546691,0
1,546755,0
3,546818,1,546882
3,546945,0
0,546945,0
2,547073,0
0,547073,0
1,547200,1,547263
2,547263,0
0,547327,0
0,547454,0
3,547454,0
1,547581,0
3,547581,1,547645
2,547708,0
1,547772,0
3,547835,0
3,547962,0
0,547962,1,548026
2,548090,0
0,548090,0
1,548217,0
2,548280,0
0,548344,1,548407
1,548407,0
0,548471,0
3,548471,1,548534
2,548534,0
3,548598,0
1,548598,1,548662
0,548725,0
2,548789,0
1,548852,1,548916
1,548979,0
2,548979,0
0,549106,0
2,549106,0
3,549234,1,549297
1,549297,0
2,549361,0
1,549488,0
2,549488,0
3,549615,0
1,549615,1,549679
0,549742,0
2,549806,0
1,549869,0
1,549996,0
2,549996,1,550060
2,550123,0
0,550123,0
3,550251,0
1,550314,0
2,550378,1,550441
3,550378,0
0,550441,0
2,550505,0
1,550505,1,550568
3,550568,0
1,550632,0
0,550632,0
2,550695,0
3,550759,0
1,550759,0
0,550823,0
2,550886,0
3,550886,0
0,550950,0
2,551013,0
1,551013,0
3,551077,0
1,551140,0
0,551140,0
3,551204,0
0,551267,0
2,551267,0
1,551331,0
2,551395,0
3,551395,0
0,551458,0
2,551522,0
1,551522,0
3,551585,0
1,551649,0
0,551649,0
2,551712,0
3,551776,0
0,551776,0
1,551840,0
2,551903,0
3,551903,0
1,551967,0
0,552030,0
3,552030,0
2,552094,0
1,552157,0
0,552157,0
2,552221,0
3,552284,0
0,552284,0
1,552348,0
2,552412,0
3,552412,0
1,552475,0
3,552539,0
0,552539,0
2,552602,0
1,552666,0
0,552666,0
2,552729,0
3,552729,0
1,552793,0
0,552793,0
2,552856,0
3,552856,0
1,552920,0
0,552920,0
2,552984,0
3,552984,0
1,553047,0
0,553047,0
2,553111,0
3,553111,0
1,553174,0
0,553174,0
2,553238,0
3,553238,0
1,553301,0
0,553301,0
2,553365,0
3,553365,0
1,553429,0
0,553429,0
2,553492,0
3,553492,0
1,553556,0
0,553556,0
2,553619,0
3,553619,0
1,553683,0
0,553683,0
3,553937,0
3,554191,0
3,554445,0
0,554445,0
2,554445,0
1,554700,0
0,554700,0
2,554731,0
1,554827,0
2,554827,0
3,554859,0
2,554954,0
3,554954,0
0,554986,1,555081
1,555017,1,555129
2,555049,1,555176
0,555208,0
3,555272,0
2,555288,0
0,555335,0
1,555351,0
2,555399,0
3,555415,0
1,555462,0
2,555526,0
3,555542,0
1,555590,0
0,555605,0
3,555653,0
2,555669,0
0,555717,0
3,555780,0
2,555801,0
0,555844,0
1,555865,0
2,555907,0
3,555929,0
1,555971,0
2,556034,0
3,556056,0
1,556098,0
0,556119,0
3,556162,0
2,556183,0
0,556225,0
3,556289,0
2,556320,0
0,556352,0
1,556384,0
2,556416,0
3,556448,0
1,556479,0
0,556479,0
0,556734,0
2,556734,0
3,556784,0
1,556835,0
2,556886,0
3,556937,0
1,556988,0
0,556988,0
3,557030,0
2,557073,0
1,557115,0
0,557157,0
3,557242,0
1,557242,0
2,557306,0
0,557306,0
0,557433,0
2,557433,0
3,557496,0
1,557496,0
2,557560,0
1,557623,0
0,557623,0
2,557666,0
3,557666,0
2,557751,0
3,557751,0
1,557766,0
0,557782,0
0,557878,0
1,557894,0
2,557909,0
2,558005,0
3,558005,0
1,558021,0
0,558037,0
0,558132,0
1,558148,0
2,558164,0
3,558180,0
0,558259,0
1,558259,0
1,558354,0
2,558354,0
2,558450,0
3,558450,0
1,558513,0
0,558513,0
2,558577,0
3,558577,0
1,558640,0
0,558640,0
2,558704,0
3,558704,0
0,558767,0
1,558767,0
0,558840,0
0,558958,0
1,558958,0
3,559022,0
2,559022,0
2,559094,0
0,559191,0
1,559191,0
1,559264,0
3,559361,0
2,559361,0
3,559433,0
0,559530,0
1,559530,0
0,559603,0
3,559700,0
2,559700,0
3,559784,0
2,559784,0
2,560039,0
1,560039,0
2,560111,0
0,560293,1,560388
3,560293,0
1,560325,1,560420
2,560356,1,560484
3,560388,1,560547
0,560547,0
2,560590,0
0,560632,0
3,560674,0
1,560717,0
3,560759,0
2,560801,0
0,560801,0
0,560874,0
0,560992,0
1,560992,0
2,561056,0
3,561056,0
2,561128,0
0,561225,0
1,561225,0
0,561298,0
2,561395,0
3,561395,0
2,561467,0
0,561564,0
1,561564,0
1,561637,0
3,561734,0
2,561734,0
3,561818,0
2,561818,0
1,561945,0
1,562327,0
2,562412,0
0,562454,0
2,562539,0
0,562581,0
3,562581,0
1,562581,0
2,562835,0
3,562835,0
0,562878,0
1,562908,0
2,562944,0
3,562984,0
1,563026,0
0,563068,0
3,563090,0
2,563132,0
1,563174,0
0,563344,0
2,563344,0
3,563395,0
1,563445,0
3,563496,0
2,563547,0
0,563598,0
1,563630,0
0,563725,0
3,563725,0
2,563852,0
1,563895,0
0,563937,0
2,563979,0
1,564043,0
0,564106,0
3,564106,0
1,564157,0
2,564208,0
3,564259,0
1,564310,0
3,564361,0
0,564361,0
2,564403,0
1,564445,0
2,564513,0
1,564564,0
0,564615,0
3,564615,0
0,564869,0
3,564869,0
2,564920,0
3,564971,0
1,564996,0
2,565039,0
0,565073,0
1,565123,0
3,565123,0
3,565378,0
1,565378,0
0,565429,0
2,565479,0
0,565530,0
1,565581,0
3,565632,0
2,565664,0
0,565759,0
3,565759,0
1,565886,0
3,565950,0
2,566013,0
3,566077,0
1,566140,0
2,566204,0
3,566267,0
2,566331,0
1,566395,0
0,566395,0
3,566458,0
2,566522,0
3,566585,0
1,566649,0
2,566712,0
3,566776,0
2,566840,0
1,566903,0
0,566903,0
3,566945,0
2,566976,0
1,567012,0
0,567051,0
2,567094,0
3,567136,0
0,567157,0
1,567200,0
2,567242,0
3,567412,0
1,567412,0
0,567462,0
2,567513,0
0,567564,0
1,567615,0
3,567666,0
2,567698,0
3,567793,0
0,567793,0
1,567920,0
2,567962,0
3,568005,0
1,568047,0
2,568111,0
3,568174,0
0,568174,0
2,568225,0
1,568276,0
0,568327,0
2,568378,0
0,568429,0
3,568429,0
1,568471,0
2,568513,0
1,568581,0
2,568632,0
3,568683,0
0,568683,0
1,568746,0
2,568810,0
3,568873,0
0,568937,0
1,568937,0
3,568979,0
2,569022,0
1,569064,0
2,569128,0
3,569128,0
1,569191,0
0,569191,0
0,569318,0
3,569318,0
2,569445,0
3,569445,0
1,569509,0
2,569573,0
1,569636,0
0,569636,0
2,569700,0
3,569700,0
3,569827,0
0,569827,0
0,569954,0
1,569954,1,570145
1,570208,1,570399
1,570462,1,570653
1,570717,1,570844
2,570759,1,570865
3,570801,1,570886
0,570971,0
3,570971,0
1,571034,0
2,571098,0
1,571162,0
0,571225,0
3,571225,0
2,571257,0
1,571289,0
0,571320,0
2,571352,0
1,571416,0
0,571479,0
2,571511,0
1,571606,0
3,571606,0
0,571638,0
2,571670,0
1,571702,0
0,571734,0
2,571797,0
0,571861,0
1,571924,0
0,571988,0
3,571988,0
2,572020,0
1,572051,0
0,572083,0
2,572115,0
1,572179,0
0,572242,0
1,572306,0
2,572369,0
3,572369,0
0,572401,0
1,572433,0
2,572465,0
0,572496,0
1,572560,0
2,572623,0
1,572687,0
0,572751,0
3,572751,0
2,572782,0
1,572814,0
0,572846,0
2,572878,0
3,572909,0
1,572941,0
2,572973,0
3,573005,0
0,573005,0
1,573068,0
2,573132,0
3,573195,0
1,573259,0
0,573259,0
3,573291,0
2,573323,0
1,573354,0
3,573386,0
2,573450,0
1,573513,0
2,573577,0
3,573640,0
0,573640,0
1,573672,0
2,573704,0
3,573736,0
1,573767,0
2,573831,0
3,573895,0
2,573958,0
1,574022,0
0,574022,0
3,574054,0
2,574085,0
1,574117,0
3,574149,0
2,574212,0
1,574276,0
2,574340,0
3,574403,0
0,574403,0
1,574435,0
2,574467,0
3,574498,0
1,574530,0
2,574594,0
3,574657,0
2,574721,0
3,574784,0
0,574784,0
1,574816,0
2,574848,0
3,574880,0
1,574912,0
0,574943,0
2,574975,0
1,575007,0
0,575039,0
3,575039,0
2,575102,0
0,575166,0
1,575229,0
0,575293,0
3,575293,0
2,575325,0
1,575356,0
0,575388,0
2,575420,0
1,575484,0
0,575547,0
2,575579,0
1,575674,0
3,575674,0
0,575706,0
2,575738,0
1,575770,0
0,575801,0
2,575865,0
0,575929,0
1,575992,0
0,576056,0
3,576056,0
2,576087,0
1,576119,0
0,576151,0
2,576183,0
1,576246,0
0,576310,0
1,576373,0
2,576437,0
3,576437,0
0,576469,0
1,576501,0
2,576532,0
0,576564,0
1,576628,0
2,576691,0
1,576755,0
0,576818,0
3,576818,0
2,576850,0
1,576882,0
0,576914,0
2,576945,0
3,576977,0
1,577009,0
2,577041,0
0,577073,1,577327
3,577073,1,577327
1,577962,0
1,578090,0
0,578090,0
3,578090,0
2,578217,0
2,578344,0
0,578344,0
3,578344,0
1,578471,0
1,578598,0
0,578598,0
2,578662,0
3,578662,0
1,578725,0
0,578725,0
2,578789,0
3,578789,0
0,578852,0
3,578979,0
2,579106,0
3,579106,0
0,579106,0
1,579170,0
2,579234,0
3,579234,0
0,579297,0
1,579361,0
2,579361,0
3,579361,0
3,579424,0
1,579488,0
0,579488,0
2,579551,0
1,579615,0
0,579615,0
3,579615,0
2,579679,0
0,579742,0
1,579742,0
1,579806,0
2,579869,0
3,579869,0
0,579869,0
1,579933,0
2,579996,0
3,579996,0
0,580060,0
1,580123,0
2,580123,0
3,580123,0
2,580187,0
0,580251,0
3,580251,0
2,580314,0
0,580378,0
3,580378,0
1,580378,0
2,580441,0
1,580505,0
0,580505,0
0,580568,0
1,580632,0
2,580632,0
3,580632,0
0,580695,0
2,580759,0
3,580759,0
1,580823,0
0,580886,0
2,580886,0
3,580886,0
2,580950,0
1,581013,0
0,581013,0
1,581077,0
2,581140,0
3,581140,0
0,581140,0
1,581204,0
2,581267,0
3,581267,0
0,581331,0
1,581395,0
2,581395,0
3,581395,0
3,581458,0
1,581522,0
0,581522,0
2,581585,0
1,581649,0
0,581649,0
3,581649,0
2,581712,0
0,581776,0
1,581776,0
1,581840,0
2,581903,0
3,581903,0
0,581903,0
1,581967,0
2,582030,0
3,582030,0
0,582094,0
1,582157,0
2,582157,0
3,582157,0
2,582221,0
0,582284,0
3,582284,0
2,582348,0
0,582412,0
3,582412,0
1,582412,0
2,582475,0
1,582539,0
0,582539,0
0,582602,0
1,582666,0
2,582666,0
3,582666,0
0,582729,0
2,582793,0
3,582793,0
1,582856,0
0,582920,0
2,582920,0
3,582920,0
2,582984,0
3,582984,0
1,583047,0
0,583047,0
1,583111,0
0,583111,0
2,583174,0
3,583174,0
0,583238,0
3,583301,0
2,583301,0
1,583365,0
0,583429,0
2,583429,0
3,583429,0
2,583492,0
1,583556,0
0,583556,0
3,583619,0
2,583683,0
0,583683,0
1,583683,0
3,583746,0
1,583810,0
0,583810,0
1,583873,0
2,583937,0
3,583937,0
0,583937,0
1,584001,0
2,584064,0
3,584064,0
0,584128,0
1,584191,0
2,584191,0
3,584191,0
3,584255,0
0,584318,0
1,584318,0
2,584382,0
1,584445,0
0,584445,0
3,584445,0
2,584509,0
0,584573,0
1,584573,0
0,584636,0
2,584700,0
3,584700,0
1,584700,0
0,584763,0
2,584827,0
3,584827,0
1,584890,0
0,584954,0
2,584954,0
3,584954,0
2,585017,0
1,585081,0
0,585081,0
1,585145,0
0,585208,0
2,585208,0
3,585208,0
1,585335,0
2,585335,0
2,585462,0
0,585462,0
3,585462,0
2,585526,0
0,585590,0
3,585590,0
1,585590,0
1,585717,0
2,585717,0
0,585844,0
1,585844,0
2,585844,0
0,585907,0
1,585971,0
2,585971,0
3,585971,0
2,586098,0
3,586098,0
1,586225,0
2,586225,0
3,586225,0
3,586289,0
0,586352,0
1,586352,0
2,586479,0
0,586479,0
3,586479,0
2,586606,0
0,586606,0
1,586606,0
1,586670,0
2,586734,0
3,586734,0
0,586861,0
3,586861,0
1,586988,0
0,586988,0
0,587051,0
1,587051,0
2,587115,0
3,587115,0
2,587179,0
3,587179,0
0,587255,1,588336
3,588408,1,589436
0,588408,1,589436
3,589508,1,590518
1,589508,1,590518
0,589508,1,590518
3,590590,1,591798
2,590590,1,591798
1,590590,1,591798
0,590590,1,591798
1,591870,0
0,591870,0
2,591870,0
3,591870,0
