1,19775,1,24425
2,19775,1,19925
3,19925,1,20225
0,20075,1,20225
2,20225,1,20525
3,20375,1,20525
0,20525,1,20825
3,20675,1,20825
2,20825,1,21125
0,20975,1,21125
3,21125,1,21425
2,21275,1,21425
0,21425,1,21725
3,21575,1,21725
2,21725,1,22025
0,21875,1,22025
3,22025,1,22325
0,22175,1,22325
2,22325,1,22625
3,22475,1,22625
0,22625,1,22925
3,22775,1,22925
2,22925,1,23225
0,23075,1,23225
3,23225,1,23525
2,23375,1,23525
0,23525,1,23825
3,23675,1,23825
2,23825,1,24125
0,23975,1,24125
3,24125,1,24425
2,24275,1,24425
0,24425,1,24725
2,24575,1,24725
3,24575,1,26975
1,24725,1,25025
0,24875,1,25025
2,25025,1,25325
1,25175,1,25325
0,25325,1,25625
2,25475,1,25625
1,25625,1,25925
0,25775,1,25925
2,25925,1,26225
1,26075,1,26225
0,26225,1,26525
2,26375,1,26525
1,26525,1,26825
2,26675,1,26825
0,26825,1,27125
1,26975,1,27125
2,26975,1,29375
3,27125,1,27425
0,27275,1,27425
1,27425,1,27725
3,27575,1,27725
0,27725,1,28025
1,27875,1,28025
3,28025,1,28325
0,28175,1,28325
1,28325,1,28625
3,28475,1,28625
0,28625,1,28925
1,28775,1,28925
3,28925,1,29225
0,29075,1,29225
1,29225,1,29375
0,29375,1,29675
3,29375,0
2,29525,0
1,29675,1,29975
2,29675,0
3,29825,0
0,29975,0
3,29975,1,30275
1,30125,0
1,30275,0
2,30275,1,30575
0,30425,0
0,30575,1,30875
3,30575,0
1,30725,1,30875
2,30875,1,31175
3,30875,1,31025
0,31025,1,31175
1,31175,1,31475
3,31175,1,31475
0,31475,1,31775
2,31475,1,31775
1,31775,1,32075
3,31775,0
3,31925,0
0,32075,0
2,32075,1,32375
0,32225,0
1,32375,0
3,32375,1,32675
1,32525,0
0,32675,1,32975
2,32675,0
2,32825,0
1,32975,1,33275
0,33125,1,33275
2,33275,1,33425
3,33275,1,33575
1,33425,1,33575
0,33575,1,33875
2,33575,1,33875
1,33875,1,34175
3,33875,1,34175
0,34175,1,34325
2,34175,0
2,34325,0
3,34325,1,34475
0,34475,0
1,34475,1,34625
0,34625,0
2,34625,1,34775
1,34775,1,34925
3,34775,0
2,34925,0
3,34925,1,35075
0,35075,1,35225
1,35075,0
1,35225,1,35375
3,35225,0
0,35375,0
2,35375,1,35525
0,35525,1,35675
1,35525,1,35600
2,35675,1,35750
3,35675,1,35825
1,35825,1,35975
2,35825,1,35900
0,35975,1,36050
3,35975,1,36125
0,36125,0
1,36125,1,36275
2,36275,1,36350
3,36275,1,36425
0,36425,1,36575
2,36425,0
1,36575,0
3,36575,1,36650
2,36650,0
0,36725,1,36800
1,36800,0
3,36875,1,36950
0,36950,0
2,37025,1,37100
1,37100,0
3,37175,1,37250
0,37250,0
1,37325,1,37400
2,37400,0
3,37475,1,37550
2,37550,0
1,37625,1,37700
0,37700,0
2,37775,0
3,37775,1,37850
0,37850,0
1,37850,0
2,37925,1,38000
3,37925,0
0,38000,0
1,38000,0
2,38075,1,38150
3,38075,0
0,38150,0
1,38150,0
2,38225,1,38300
3,38225,0
0,38300,0
1,38300,0
2,38375,0
3,38375,1,38450
0,38450,0
1,38450,0
2,38525,1,38600
3,38525,0
0,38600,0
1,38600,0
2,38675,0
3,38675,1,38750
0,38750,0
1,38750,0
2,38825,1,38900
3,38825,0
0,38900,0
1,38900,0
2,38975,0
3,38975,1,42575
0,39875,0
2,40025,0
0,40175,0
2,40325,0
0,40475,0
2,40625,0
0,40775,0
2,40925,0
0,41075,0
2,41225,0
0,41375,0
2,41525,0
0,41675,0
2,41825,0
0,41975,0
2,41975,1,43175
1,42125,0
0,42275,0
1,42425,0
0,42575,0
1,42575,1,43625
3,42725,0
0,42875,0
3,43025,0
0,43175,1,43625
3,43325,0
2,43475,0
3,43625,0
0,43775,1,43925
1,43775,1,45875
2,43775,0
0,44075,0
3,44075,1,44225
0,44225,0
2,44225,1,44375
0,44525,1,44675
2,44525,0
2,44675,0
3,44675,0
2,44825,1,44975
3,44825,0
0,44975,1,45125
3,44975,0
0,45275,0
3,45275,1,45575
0,45425,0
2,45425,0
0,45575,0
2,45725,0
0,45875,1,46175
2,45875,0
3,45875,0
1,46175,0
2,46175,1,47375
3,46175,0
0,46475,1,46625
3,46475,0
1,46625,1,46775
3,46625,0
0,46925,0
1,46925,1,47075
0,47075,0
3,47075,0
1,47225,1,47375
3,47225,0
0,47375,0
3,47375,1,48575
0,47675,1,47975
1,47675,0
1,47825,0
2,47825,0
2,47975,0
1,48125,0
0,48275,0
1,48275,0
2,48275,0
0,48575,0
1,48575,0
2,48575,1,49475
0,48725,0
1,48725,0
0,49025,0
3,49025,0
1,49175,0
3,49175,0
0,49325,0
1,49325,0
0,49475,1,49775
3,49475,0
1,49625,0
3,49625,0
1,49775,1,50375
2,49775,0
2,49925,0
3,49925,0
0,50075,0
3,50075,0
0,50225,0
2,50225,0
2,50375,0
3,50375,1,50975
0,50525,0
1,50525,0
0,50675,0
1,50675,0
1,50825,0
2,50825,0
0,50975,1,52175
1,50975,0
2,50975,0
2,51125,0
3,51125,0
1,51425,0
2,51425,0
1,51575,0
3,51575,0
2,51725,0
3,51725,0
1,51875,0
2,51875,0
3,52175,1,52775
2,52325,1,52775
1,52475,1,52775
0,52775,1,52850
2,52850,1,52925
1,52925,1,53000
3,53000,1,53075
0,53075,0
1,53112,0
2,53150,0
3,53187,0
0,53225,0
1,53275,0
2,53325,0
0,53375,0
1,53375,0
3,53375,0
2,53525,0
3,53525,0
0,53675,0
2,53675,0
0,53825,0
1,53825,0
3,53825,0
0,53975,0
2,53975,0
1,54125,0
2,54125,0
3,54125,0
1,54275,0
3,54275,0
0,54425,0
1,54425,0
2,54425,0
0,54575,0
2,54575,0
3,54575,0
0,54725,0
1,54725,0
1,54875,0
2,54875,0
3,54875,0
2,55025,0
3,55025,0
0,55175,0
2,55175,0
1,55325,0
2,55325,0
0,55475,0
1,55475,0
3,55475,0
0,55625,0
2,55625,0
0,55775,0
1,55775,0
3,55775,0
1,55925,0
3,55925,0
2,56075,0
3,56075,0
0,56225,0
1,56225,0
2,56225,0
0,56375,0
1,56375,0
1,56525,0
2,56525,0
3,56525,0
2,56675,0
3,56675,0
0,56825,0
1,56825,0
2,56825,0
0,56975,0
1,56975,0
3,56975,0
3,57125,0
0,57275,0
1,57275,0
2,57275,0
0,57425,0
1,57425,0
0,57575,0
2,57575,0
0,57725,0
1,57725,0
0,57875,0
3,57875,0
0,58025,0
2,58025,0
2,58175,0
3,58175,0
0,58250,0
1,58325,0
3,58400,0
0,58475,0
2,58550,0
0,58625,0
3,58625,0
1,58700,0
3,58775,0
2,58850,0
0,58925,0
1,58925,0
3,59000,0
0,59075,0
1,59150,0
2,59225,0
3,59225,0
0,59300,0
2,59375,0
3,59375,0
1,59450,0
0,59525,0
3,59600,0
0,59675,0
1,59675,0
2,59750,0
0,59825,0
3,59825,0
1,59900,0
2,59975,0
3,59975,0
0,60050,0
3,60125,0
2,60200,0
0,60275,0
1,60275,0
2,60350,0
0,60425,0
3,60425,0
1,60500,0
2,60575,0
3,60575,0
1,60650,0
0,60725,0
2,60725,0
3,60800,0
1,60875,0
0,60950,0
1,61025,0
3,61025,0
0,61100,0
2,61175,0
3,61175,0
0,61250,0
1,61250,0
2,61325,0
3,61325,0
0,61400,0
1,61400,0
2,61475,0
3,61475,0
0,61550,0
1,61550,0
2,61625,0
3,61625,0
0,61700,0
1,61700,0
2,61775,0
3,61775,0
1,62975,0
2,64175,1,66575
1,65450,1,67100
0,66575,1,67175
2,67175,0
3,67175,0
1,67250,0
0,67325,0
2,67325,0
0,67475,0
1,67475,0
3,67475,0
2,67550,0
0,67625,0
1,67625,0
2,67700,0
0,67775,1,68075
3,67775,0
2,67825,0
1,67875,0
3,67925,0
2,67975,0
1,68025,0
3,68075,1,68225
0,68150,0
1,68225,1,68375
2,68300,1,68375
0,68375,0
3,68450,0
2,68468,0
0,68525,0
1,68543,0
2,68600,0
3,68618,0
0,68675,1,68750
1,68675,1,68750
2,68750,1,68825
1,68825,1,68900
3,68825,1,68900
0,68900,1,68975
1,68975,0
3,68975,0
2,69012,0
0,69050,0
1,69087,0
2,69125,0
3,69175,0
0,69225,0
1,69275,1,69350
2,69275,1,69312
3,69312,1,69350
0,69350,1,69387
2,69387,1,69425
1,69425,1,69462
0,69475,1,69500
2,69525,1,69575
0,69575,0
1,69575,0
3,69612,0
2,69650,0
1,69687,0
0,69725,0
2,69775,0
3,69825,0
0,69875,1,69912
1,69875,1,69950
2,69912,1,69950
3,69950,1,69987
1,70025,1,70100
2,70025,1,70062
0,70062,1,70100
3,70100,1,70137
2,70175,1,70475
1,70225,0
0,70275,0
3,70325,0
1,70375,0
0,70425,0
3,70475,1,70625
2,70550,0
0,70625,0
1,70643,0
2,70700,0
3,70718,0
1,70775,1,70850
0,70812,1,70850
2,70850,1,70887
1,70925,1,71000
2,70962,1,71000
3,71000,1,71037
0,71075,1,71150
1,71112,1,71187
2,71150,1,71225
3,71187,1,71262
0,71225,1,71300
1,71262,1,71337
2,71300,1,71375
3,71337,1,71375
0,71375,0
1,71450,0
2,71468,0
3,71525,0
0,71543,0
2,71600,0
1,71618,0
3,71675,0
2,71712,0
0,71750,0
3,71825,0
2,71843,0
0,71900,0
1,71918,0
3,71975,1,72125
2,72050,1,72125
0,72125,1,72275
1,72200,1,72275
2,72275,1,72425
3,72350,1,72425
1,72425,1,72575
0,72500,1,72575
3,72575,1,72675
2,72625,1,72725
1,72675,1,72775
0,72725,1,72775
3,72775,1,72875
2,72825,1,72875
0,72875,0
1,72912,0
2,72950,0
3,72987,0
1,73025,0
2,73062,0
3,73100,0
0,73137,0
1,73175,0
2,73175,0
3,73250,0
0,73268,0
1,73325,0
2,73343,0
3,73400,0
0,73418,0
2,73475,0
1,73512,0
3,73550,0
0,73625,0
1,73643,0
3,73700,0
2,73718,0
0,73775,0
1,73775,0
2,73850,0
3,73850,0
0,73925,0
1,73925,0
2,74000,0
3,74000,0
0,74075,1,74150
1,74075,1,74225
2,74150,0
0,74225,0
3,74225,0
1,74300,0
2,74300,0
0,74375,0
3,74375,0
1,74450,0
2,74450,0
0,74525,1,74600
1,74525,1,74600
3,74525,1,74600
0,74675,1,74750
2,74675,1,74750
3,74675,1,74750
0,74825,1,74900
1,74825,1,74900
2,74825,1,74900
3,74825,1,74900
1,74975,1,75275
2,75025,0
3,75075,0
0,75125,0
2,75175,0
3,75225,0
0,75275,1,75425
1,75350,0
3,75425,0
2,75443,0
1,75500,0
0,75518,0
3,75575,1,75675
2,75625,1,75725
1,75675,1,75775
0,75725,1,75775
3,75775,1,75875
2,75825,1,75875
0,75875,1,75975
1,75925,1,76025
2,75975,1,76075
3,76025,1,76075
0,76075,1,76175
1,76125,1,76175
2,76175,1,76275
3,76175,1,76275
0,76325,0
1,76343,0
3,76400,0
2,76418,0
0,76475,0
1,76475,0
3,76550,0
0,76625,0
1,76625,0
2,76625,0
3,76700,0
0,76775,0
2,76775,0
1,76850,0
0,76925,0
3,76925,0
2,76962,0
1,77000,0
0,77075,1,77150
3,77075,0
1,77112,1,77187
2,77150,1,77187
3,77187,1,77262
0,77225,1,77275
2,77275,1,77325
1,77325,1,77375
3,77375,1,77450
2,77412,1,77487
1,77450,1,77525
0,77487,1,77562
3,77525,1,77600
2,77562,1,77637
1,77600,1,77675
0,77637,1,77675
3,77675,0
2,77725,0
1,77775,0
0,77825,0
3,77875,0
2,77925,0
0,77975,0
1,77975,0
3,78050,0
0,78125,0
2,78125,0
1,78200,0
0,78275,0
2,78275,0
1,78350,0
0,78425,0
2,78425,0
3,78500,0
0,78575,1,78650
1,78575,1,78612
3,78612,1,78650
2,78650,1,78687
1,78725,1,78762
3,78725,1,78800
2,78762,1,78800
0,78800,1,78837
1,78837,1,78875
2,78875,0
3,78875,1,79025
1,78950,0
0,79025,0
2,79025,0
1,79100,0
0,79175,1,79275
3,79175,0
1,79225,1,79325
2,79275,1,79375
3,79325,1,79362
0,79362,1,79400
1,79400,1,79437
3,79437,1,79475
0,79475,1,79625
2,79475,1,79550
1,79625,1,79700
3,79625,1,79775
1,79775,0
2,79775,0
0,79825,0
3,79875,0
2,79925,0
1,79975,0
0,80025,0
2,80075,1,80150
3,80112,1,80150
0,80150,1,80187
1,80225,1,80300
2,80262,1,80300
0,80300,1,80337
1,80375,1,80525
3,80375,1,80450
0,80525,1,80600
2,80525,1,80675
0,80675,1,80775
1,80725,1,80825
2,80775,1,80875
3,80825,1,80925
0,80862,1,80900
1,80900,0
2,80937,0
0,80975,0
1,80993,0
3,81050,0
2,81068,0
0,81125,0
1,81125,0
2,81200,0
3,81218,0
1,81275,0
0,81293,0
3,81350,0
2,81368,0
0,81425,0
1,81425,0
2,81500,0
3,81500,0
0,81575,1,81875
1,81575,1,81650
1,81725,1,81800
3,81725,1,81800
2,81875,1,81950
3,81875,1,81950
0,81950,1,82025
1,81950,1,82025
2,82025,1,82100
3,82025,1,82100
0,82175,1,82250
3,82175,0
1,82212,1,82287
2,82250,1,82325
3,82287,1,82362
0,82325,0
1,82375,0
2,82425,0
1,82475,0
3,82475,1,82550
0,82512,1,82550
2,82550,1,82587
1,82587,1,82625
0,82625,1,82662
3,82662,1,82700
2,82700,1,82737
1,82737,1,82775
0,82775,0
3,82775,0
1,82850,0
2,82868,0
3,82925,0
0,82943,0
2,83000,0
1,83018,0
0,83075,0
3,83075,0
2,83112,0
1,83150,0
0,83225,0
2,83225,0
1,83300,0
3,83300,0
0,83375,1,83525
2,83375,1,83450
2,83525,1,83675
3,83525,1,83600
0,83675,1,83825
1,83675,1,83975
3,83675,1,83975
0,83975,1,84050
2,83975,1,84125
0,84125,1,84275
1,84125,1,84200
1,84275,1,84350
2,84275,1,84350
3,84275,1,84350
0,84425,0
1,84425,0
2,84500,0
3,84500,0
0,84575,0
1,84575,0
3,84612,0
2,84650,0
1,84687,0
0,84725,0
2,84800,0
1,84837,0
0,84875,0
3,84875,0
2,84975,0
1,85025,0
3,85025,0
0,85075,0
1,85175,0
3,85175,0
2,85212,0
0,85250,0
3,85287,0
1,85325,0
0,85400,0
2,85400,0
1,85475,0
3,85475,0
0,85625,1,85700
1,85625,1,85700
2,85775,1,85850
3,85775,1,85850
1,85925,1,86000
3,85925,1,86000
2,86075,1,86150
3,86075,1,86150
1,86225,1,86300
3,86225,1,86300
2,86375,1,86450
3,86375,1,86450
2,86525,1,86600
3,86525,1,86600
0,86675,1,86825
1,86693,1,86825
2,86712,1,86825
3,86731,1,86825
0,86975,0
1,86975,1,87275
2,86975,0
0,87275,0
3,87275,0
2,87350,0
1,87425,0
3,87500,0
1,87575,0
2,87575,0
0,87650,0
0,87800,0
1,87875,0
2,87875,0
3,87950,0
1,88025,0
1,88175,0
3,88175,0
0,88250,0
0,88400,0
2,88475,0
3,88475,0
1,88550,0
3,88625,0
0,88775,0
3,88775,0
2,88850,0
2,89000,0
0,89075,0
3,89075,0
1,89150,0
3,89225,0
0,89375,0
1,89375,0
2,89450,0
1,89525,0
3,89600,0
0,89675,0
1,89675,0
0,89825,0
1,89900,0
2,89975,0
3,89975,0
0,90050,0
1,90200,0
0,90275,0
2,90275,0
1,90350,0
3,90425,0
1,90575,0
2,90575,0
0,90650,0
0,90800,0
2,90875,0
3,90875,0
1,90950,0
3,91025,0
0,91175,0
3,91175,0
2,91250,0
1,91400,0
0,91475,1,91775
2,91475,0
1,91775,0
3,91775,1,92075
0,92075,1,92225
2,92075,0
1,92150,1,92300
3,92225,1,92300
2,92300,1,92375
1,92375,1,92525
3,92375,0
0,92450,1,92525
0,92600,1,92675
2,92675,1,92825
3,92675,0
1,92750,1,92900
3,92825,1,92900
0,92975,0
3,92975,1,93125
2,93050,1,93125
2,93200,1,93350
0,93275,1,93425
1,93275,0
3,93350,1,93500
1,93425,1,93500
0,93575,0
1,93575,1,93725
2,93650,1,93725
3,93800,1,93950
0,93875,0
1,93875,1,94025
2,93950,1,94100
0,94025,1,94100
0,94175,1,94325
3,94175,0
2,94250,1,94400
1,94325,1,94475
3,94400,1,94475
0,94475,0
2,94475,0
0,94625,1,94775
1,94700,1,94775
2,94775,0
3,94775,1,94925
0,94850,1,94925
2,95000,1,95150
0,95075,1,95225
1,95150,1,95300
3,95225,1,95300
2,95375,1,95450
0,95450,1,95525
1,95525,1,95600
2,95600,1,95675
3,95675,1,95750
3,95825,1,95900
2,95900,1,95975
0,95975,0
1,95975,1,96125
0,96125,1,96200
2,96200,0
3,96275,1,96425
2,96293,1,96425
1,96312,1,96425
0,96331,1,96425
0,96575,0
1,96575,1,96800
0,96875,1,97025
2,96875,0
1,96950,1,97100
3,97025,1,97100
2,97100,1,97175
1,97175,1,97325
3,97175,0
0,97250,1,97325
2,97325,1,97400
0,97400,1,97475
2,97475,1,97625
3,97475,0
1,97550,1,97700
3,97625,1,97700
0,97700,1,97775
1,97775,0
3,97775,1,97925
2,97850,1,97925
1,97925,1,98000
2,98000,1,98150
0,98075,1,98225
1,98075,0
3,98150,1,98300
1,98225,1,98300
2,98300,1,98375
0,98375,0
1,98375,1,98525
3,98450,1,98525
0,98525,1,98600
2,98600,1,98750
0,98675,0
1,98675,1,98825
3,98750,1,98900
0,98825,1,98900
1,98900,1,98975
0,98975,1,99125
3,98975,0
2,99050,1,99200
1,99125,1,99275
3,99200,1,99275
0,99275,0
2,99275,0
1,99350,1,99425
0,99425,1,99575
2,99500,1,99575
1,99575,0
3,99575,1,99725
0,99650,1,99725
1,99725,1,99800
2,99800,1,99950
0,99875,1,100025
1,99950,1,100100
3,100025,1,100100
2,100100,1,100175
0,100175,1,100325
1,100175,0
3,100250,1,100325
2,100325,1,100400
1,100400,1,100550
3,100475,1,100625
2,100550,1,100700
0,100625,1,100700
1,100700,1,100775
2,100775,0
3,100775,1,100925
0,100850,1,100925
1,100925,1,101000
2,101000,1,101075
0,101075,1,101375
3,101075,0
1,101375,0
3,101375,1,101675
0,101675,1,101825
2,101675,0
1,101750,1,101900
3,101825,1,101900
2,101900,1,101975
1,101975,1,102125
3,101975,0
0,102050,1,102125
0,102200,1,102275
2,102275,1,102425
3,102275,0
1,102350,0
0,102425,0
3,102425,1,102500
1,102500,1,102575
2,102500,0
0,102575,0
3,102575,1,102725
2,102650,1,102725
2,102800,1,102950
0,102875,1,103025
1,102875,0
3,102950,1,103100
1,103025,1,103100
0,103175,0
1,103175,1,103250
2,103250,1,103325
0,103325,0
1,103325,0
2,103400,0
3,103400,1,103550
0,103475,0
1,103475,1,103625
2,103550,1,103700
0,103625,1,103700
3,103625,0
1,103775,0
3,103775,0
0,103975,0
1,103975,0
0,104175,0
3,104175,0
2,104375,0
3,104375,0
0,104475,0
1,104475,0
2,104575,0
3,104575,0
0,104675,0
1,104725,0
2,104775,0
3,104825,0
0,104875,0
1,104925,0
2,104975,1,105575
3,104975,0
0,105575,0
3,105575,1,106175
2,105675,0
0,105725,0
1,105775,0
2,105825,0
0,105875,0
1,105875,0
0,106175,0
1,106175,1,106250
2,106250,1,106325
3,106325,1,106400
1,106400,1,106475
0,106475,1,106550
2,106475,0
3,106550,1,106625
1,106625,1,106700
2,106700,1,106775
1,106775,1,106925
3,106775,0
0,106850,0
2,106925,1,107000
3,107000,1,107150
0,107075,0
2,107075,0
1,107150,1,107225
0,107225,1,107300
2,107300,1,107375
1,107375,1,107675
3,107375,0
0,107450,0
2,107525,0
3,107600,0
0,107675,0
2,107675,1,107825
3,107750,0
0,107825,1,107900
1,107900,1,107975
2,107975,0
3,107975,1,108125
0,108050,0
1,108125,1,108200
0,108200,1,108275
2,108275,1,108425
3,108275,0
1,108350,0
0,108425,0
3,108425,1,108725
2,108500,0
0,108575,0
1,108575,0
2,108650,0
0,108725,1,108875
1,108800,0
2,108875,1,109025
3,108875,0
1,108950,0
0,109025,1,109175
3,109100,0
1,109175,0
2,109175,1,109375
3,109275,1,109475
1,109375,1,109475
0,109475,1,109775
2,109475,1,109625
1,109550,0
3,109625,0
2,109700,0
1,109775,0
3,109775,1,110075
2,109850,0
1,109925,1,110000
0,110000,1,110150
2,110075,0
1,110150,1,110225
3,110225,1,110375
2,110300,0
0,110375,1,110450
1,110375,0
2,110450,1,110525
0,110525,0
3,110525,1,110600
1,110600,1,110675
2,110675,1,110750
3,110675,1,110750
0,110750,1,110825
1,110750,1,110825
2,110825,1,110900
3,110825,1,110900
0,110900,1,110975
1,110900,1,110975
2,110975,1,111125
3,110975,1,111275
0,111050,0
1,111125,0
0,111200,0
2,111275,1,111425
1,111350,0
0,111425,1,111500
3,111425,0
1,111500,1,111575
2,111537,1,111575
3,111575,1,111725
0,111650,0
1,111725,1,111875
0,111800,0
2,111875,1,112025
3,111875,0
1,111950,0
0,112025,1,112175
2,112100,0
1,112175,0
3,112175,1,112400
2,112250,0
0,112325,0
1,112400,1,112475
0,112475,0
2,112475,1,112625
3,112550,0
0,112625,0
1,112625,1,112775
2,112700,0
0,112775,1,112925
3,112775,0
1,112850,0
2,112925,0
3,112925,1,113075
0,113000,0
1,113075,0
2,113075,1,113225
3,113150,0
0,113225,1,113375
1,113300,0
2,113375,0
3,113375,1,113575
0,113575,0
2,113575,1,113775
0,113775,0
1,113775,1,113975
0,113975,1,114175
3,113975,0
2,114175,1,114375
3,114175,0
0,114375,1,114575
1,114375,0
1,114575,0
3,114575,1,115025
2,114650,0
0,114725,0
1,114800,0
0,114875,0
2,114875,0
1,114950,0
0,115025,0
2,115025,1,115175
1,115100,0
0,115175,1,115475
3,115175,0
2,115250,0
3,115325,0
2,115400,0
1,115475,1,115625
3,115475,0
0,115550,0
2,115625,1,115700
3,115625,0
0,115700,0
1,115700,1,115775
2,115775,1,115850
3,115775,0
0,115850,1,115925
1,115925,1,116000
3,115925,0
2,116000,0
0,116075,1,116150
1,116075,0
2,116150,1,116225
1,116225,1,116300
3,116300,1,116375
0,116375,1,116525
2,116375,0
1,116450,0
2,116525,1,116600
1,116600,1,116750
2,116675,0
3,116675,0
0,116750,1,116825
2,116825,1,116900
3,116900,1,116975
0,116975,1,117275
1,116975,0
2,117050,0
3,117125,0
1,117200,0
2,117275,0
3,117275,1,117425
1,117350,0
0,117425,1,117500
2,117500,1,117575
0,117575,0
1,117575,1,117725
3,117650,0
0,117725,1,117800
1,117800,1,117875
0,117875,1,118025
3,117875,1,117950
2,117950,1,118025
1,118025,1,118100
3,118025,1,118100
0,118100,1,118175
2,118100,1,118175
1,118175,1,118325
3,118175,1,118250
2,118250,0
0,118325,1,118475
3,118400,0
1,118475,1,118625
2,118475,0
3,118550,0
2,118625,1,118700
0,118700,0
2,118775,1,118850
3,118775,0
0,118850,1,118925
1,118850,0
2,118925,0
3,118925,1,119000
0,119000,0
1,119000,1,119075
2,119075,1,119150
3,119075,0
0,119150,1,119225
1,119150,0
2,119225,1,119300
3,119225,0
0,119300,0
1,119300,1,119375
2,119375,0
3,119375,1,119575
0,119575,1,119775
1,119575,0
1,119775,1,119975
3,119775,0
2,119975,1,120175
3,119975,0
0,120175,0
1,120175,1,120375
0,120375,0
3,120375,1,120575
0,120575,1,121175
1,120575,0
2,120650,0
1,120725,0
3,120725,0
2,120800,0
1,120875,0
3,120875,0
2,120950,0
3,121025,0
1,121100,0
2,121175,1,121250
3,121175,0
1,121250,1,121325
2,121325,1,121400
0,121400,1,121475
1,121475,1,121550
3,121475,0
2,121550,1,121625
3,121625,1,121700
0,121700,1,121775
1,121775,0
3,121775,1,121925
2,121850,0
0,121925,1,122000
1,121925,1,122000
2,122000,1,122075
3,122000,1,122075
0,122075,1,122375
1,122075,1,122150
2,122150,0
3,122225,0
1,122300,0
2,122375,0
3,122375,1,122475
1,122425,1,122525
0,122475,1,122575
2,122525,1,122625
3,122575,1,122675
0,122625,1,122725
1,122675,1,122775
2,122675,0
3,122725,1,122825
0,122775,1,122875
2,122825,1,122925
1,122875,1,122975
0,122925,1,122975
2,122975,1,123125
3,122975,0
1,123050,0
3,123125,1,123200
0,123200,1,123350
1,123200,1,123275
2,123275,0
3,123275,0
1,123350,1,123425
0,123425,1,123575
3,123425,1,123575
2,123500,0
1,123575,1,123725
0,123650,0
2,123725,1,123800
0,123800,1,123950
3,123800,0
1,123875,0
2,123875,0
3,123950,1,124025
1,124025,0
2,124025,1,124175
0,124100,0
1,124175,1,124325
3,124175,0
2,124325,1,124400
3,124325,1,124400
0,124400,1,124475
1,124400,1,124475
2,124475,0
3,124475,0
0,124550,1,124625
1,124550,1,124625
2,124625,1,124700
3,124625,1,124700
0,124700,0
1,124700,0
2,124775,1,124850
3,124775,0
1,124850,0
3,124925,1,125000
2,124962,1,125000
0,125000,1,125075
1,125037,1,125075
2,125075,1,125150
3,125075,1,125150
0,125150,1,125225
1,125150,1,125225
3,125225,1,125300
2,125262,1,125300
1,125300,1,125375
0,125337,1,125375
2,125375,1,125450
3,125375,1,126275
0,125450,1,125525
1,125450,1,125525
2,125525,0
0,125600,0
1,125675,0
2,125675,0
0,125750,0
1,125825,0
2,125900,0
0,125975,0
1,125975,0
2,126050,0
0,126125,0
1,126200,0
0,126275,1,126350
2,126275,0
1,126350,1,126425
2,126425,1,126575
0,126500,0
3,126575,1,126875
0,126650,0
1,126725,0
2,126800,0
1,126875,1,127175
0,126950,0
2,127025,0
3,127100,0
0,127175,1,127475
2,127175,0
3,127250,0
1,127325,0
2,127400,0
1,127475,1,127625
3,127475,0
0,127550,0
3,127625,1,127700
2,127662,1,127700
0,127700,1,127775
1,127737,1,127775
2,127775,1,128000
3,127775,0
0,127850,0
3,127925,0
0,128000,1,128075
1,128000,1,128075
2,128075,0
3,128075,0
1,128150,0
0,128225,1,128375
3,128225,0
2,128300,0
1,128375,1,128525
3,128450,0
0,128525,0
2,128525,0
3,128600,0
1,128675,1,128975
2,128675,0
3,128750,0
0,128825,0
2,128900,0
0,128975,0
3,128975,1,129575
2,129050,0
1,129125,0
0,129200,0
2,129275,0
0,129350,0
1,129425,0
2,129500,0
0,129575,1,129875
1,129575,0
2,129650,0
1,129725,0
3,129725,0
2,129800,0
1,129875,0
3,129875,1,130175
2,129950,0
0,130025,0
1,130025,0
2,130100,0
0,130175,1,130475
1,130175,0
2,130250,0
3,130325,0
1,130400,0
2,130475,1,130625
3,130475,0
1,130550,0
0,130625,0
3,130625,1,130925
1,130700,0
2,130775,0
1,130850,0
0,130925,1,131075
2,131000,0
1,131075,1,131225
3,131075,0
0,131150,0
2,131225,1,131375
0,131300,0
3,131375,1,131675
1,131450,0
0,131525,0
2,131600,0
1,131675,1,131975
0,131750,0
3,131825,0
2,131900,0
0,131975,1,132275
3,131975,0
2,132050,0
1,132125,0
3,132200,0
1,132275,1,132350
2,132275,0
0,132350,1,132425
3,132350,1,132500
2,132425,0
0,132500,1,132575
1,132500,1,132575
2,132575,1,132875
3,132575,0
1,132650,0
0,132725,0
3,132725,0
1,132800,0
0,132875,1,133175
3,132875,0
1,132950,0
2,133025,0
3,133100,0
1,133175,1,133475
2,133175,0
3,133250,0
0,133325,0
2,133400,0
0,133475,0
3,133475,1,133775
2,133550,0
0,133625,0
1,133700,0
0,133775,1,134225
2,133775,0
1,133850,0
2,133925,0
3,133925,0
1,134000,0
2,134075,0
3,134075,0
1,134150,0
2,134225,1,134300
3,134225,0
1,134300,1,134375
2,134375,1,134450
3,134375,1,134450
0,134450,1,134525
1,134450,1,134525
2,134525,1,134600
3,134525,1,134600
0,134600,0
1,134600,0
2,134675,1,134750
3,134675,1,134750
0,134750,1,134825
1,134750,1,134825
2,134825,1,134900
3,134825,1,134900
0,134900,1,134975
1,134900,1,134975
2,134975,1,135050
3,134975,0
1,135050,1,135125
3,135125,1,135200
0,135200,1,135275
2,135275,1,135350
3,135275,0
1,135350,1,135425
2,135425,0
3,135425,0
0,135500,1,135575
1,135500,0
2,135575,0
3,135575,1,135650
1,135650,1,135725
0,135725,1,135800
2,135800,1,135875
1,135875,1,135950
3,135875,0
0,135950,1,136025
2,136025,1,136100
3,136025,1,136100
0,136100,1,136175
1,136100,1,136175
2,136175,1,136250
3,136175,1,136250
1,136250,1,136325
0,136325,1,136400
3,136325,0
2,136400,1,136475
0,136475,1,136550
3,136475,0
1,136550,1,136625
2,136625,1,136700
3,136625,0
0,136700,0
2,136775,0
3,136775,1,136825
1,136825,1,136875
0,136875,1,136925
2,136925,1,136975
3,136925,0
1,136975,1,137025
0,137025,1,137075
2,137075,1,137125
3,137075,0
1,137125,1,137175
3,137175,1,137225
0,137225,1,137300
1,137262,1,137300
3,137300,1,137375
2,137337,1,137375
0,137375,1,137475
1,137375,1,137425
2,137475,1,137575
3,137475,1,137525
0,137575,1,137625
1,137575,1,137675
2,137675,1,137725
3,137675,1,137775
0,137775,1,137825
1,137775,1,137875
2,137875,1,137975
3,137875,1,137925
0,137975,1,138075
1,137975,1,138025
2,138075,1,138175
3,138075,1,138125
0,138175,1,138225
1,138175,1,138275
2,138275,1,138375
3,138275,1,138325
0,138375,1,138475
1,138375,1,138425
2,138475,1,138525
3,138475,1,138575
0,138575,1,138650
1,138575,0
2,138650,1,138725
1,138725,1,138800
0,138800,1,138875
2,138875,1,138950
3,138875,0
1,138950,1,139025
0,139025,1,139100
3,139100,1,139175
0,139175,1,139212
1,139175,1,139250
2,139250,1,139287
3,139250,1,139325
0,139325,1,139362
1,139325,1,139400
2,139400,1,139475
3,139400,1,139437
0,139475,1,139550
1,139475,1,139512
2,139550,1,139625
3,139550,1,139587
0,139625,1,139662
1,139625,1,139700
2,139700,1,139737
3,139700,1,139775
0,139775,1,139850
1,139775,0
2,139850,1,139925
0,139925,0
3,139925,1,140000
1,140000,1,140075
0,140075,1,140150
3,140075,0
1,140150,1,140225
2,140225,1,140300
3,140225,1,140262
0,140300,1,140337
1,140300,1,140375
2,140375,1,140412
3,140375,1,140450
0,140450,1,140525
1,140450,1,140487
2,140525,0
3,140525,1,140600
1,140600,1,140675
0,140675,1,140750
3,140675,0
2,140750,1,140825
0,140825,1,140862
1,140825,1,140900
2,140900,1,140975
3,140900,1,140937
0,140975,0
1,140975,1,141050
3,141050,1,141125
0,141125,1,141200
1,141125,0
2,141200,1,141275
0,141275,0
3,141275,1,141350
1,141350,1,141425
2,141425,1,141500
3,141425,0
0,141500,1,141575
2,141575,0
3,141575,0
1,141625,1,141675
0,141675,1,141725
2,141725,1,141775
3,141725,1,141775
1,141775,1,141825
0,141800,1,141837
2,141875,1,141950
3,141875,1,141950
0,141950,1,142025
2,142025,1,142062
3,142025,1,142100
0,142100,1,142137
1,142100,1,142175
2,142175,1,142212
3,142175,1,142250
0,142250,1,142287
1,142250,1,142325
2,142325,1,142362
3,142325,1,142400
0,142400,1,142475
1,142400,1,142437
2,142475,1,142550
3,142475,1,142512
0,142550,1,142625
1,142550,1,142587
2,142625,1,142662
3,142625,1,142700
0,142700,1,142737
1,142700,1,142775
2,142775,1,142850
3,142775,1,142812
0,142850,1,142925
1,142850,1,142887
2,142925,1,143000
3,142925,1,142962
0,143000,1,143037
1,143000,1,143075
2,143075,1,143112
3,143075,1,143150
0,143150,1,143225
1,143150,1,143187
2,143225,1,143262
3,143225,1,143300
0,143300,1,143337
1,143300,1,143375
2,143375,1,143412
3,143375,1,143450
0,143412,1,143487
1,143450,1,143525
2,143487,1,143562
3,143525,1,143600
0,143562,1,143637
1,143600,1,143675
2,143637,1,143712
3,143675,1,143750
0,143712,1,143787
1,143750,1,143825
2,143787,1,143862
3,143825,1,143900
0,143862,1,143900
1,143900,1,143975
2,143937,1,144012
0,143975,1,144575
3,143975,1,144575
1,144575,1,146975
