0,5462,1,5805
6,5462,0
1,5976,1,6319
2,6490,1,7690
5,7690,0
3,7862,0
1,8033,1,9233
4,9233,0
6,9405,1,10433
3,10433,0
5,10605,0
3,10776,1,11976
6,11976,1,16262
0,12148,1,16262
4,12319,0
2,12405,0
4,12490,0
2,12576,0
3,16005,1,16262
0,16433,0
1,16433,1,16776
4,16433,0
5,16948,0
2,17119,1,17462
6,17462,0
4,17805,1,18662
0,18662,0
1,18833,0
2,19005,1,20205
4,20205,0
6,20376,1,21405
3,21405,0
5,21576,0
0,21748,1,27319
3,21748,1,22948
2,22948,0
5,23119,1,24319
3,24319,0
6,24490,1,27319
3,26033,1,27319
1,27405,1,32890
3,27405,0
5,27405,1,32890
3,30148,1,31519
2,32890,0
4,33062,0
6,33233,1,34776
1,33576,0
1,34948,0
5,34948,1,35462
4,35633,1,36319
1,36319,0
3,36662,1,37690
1,37690,1,38376
5,37690,0
0,38376,0
6,38376,0
3,38548,0
2,38719,0
5,38890,0
4,39062,1,39233
1,39148,0
6,39233,0
2,39405,0
4,39576,0
5,39748,0
3,39919,0
2,40090,0
0,40262,0
4,40433,1,40605
1,40519,0
6,40605,0
2,40776,0
4,40948,0
1,41119,0
3,41290,0
4,41462,0
6,41633,0
2,41805,1,41976
5,41890,0
0,41976,0
4,42148,0
3,42319,0
1,42490,0
3,42662,0
4,42833,0
6,43005,0
2,43176,1,43348
4,43262,0
0,43348,0
5,43519,0
3,43690,0
0,43862,1,44033
4,43862,0
1,44033,1,44205
2,44205,1,44376
5,44205,0
3,44376,1,44548
1,44548,1,44719
6,44548,0
4,44633,0
2,44719,1,44890
3,44890,1,45062
5,44890,0
4,45062,1,45233
0,45233,0
2,45233,1,45405
3,45405,1,45576
1,45576,0
4,45576,1,45748
5,45748,1,45919
2,45919,0
3,45919,1,46090
0,46005,0
4,46090,1,46262
1,46262,0
5,46262,1,46433
6,46433,1,46605
2,46605,0
3,46605,1,46948
5,46776,1,46948
1,46948,0
2,46948,1,47290
0,47119,1,47290
3,47290,1,47633
4,47290,0
6,47376,0
1,47462,1,47633
0,47633,0
4,47633,1,47976
6,47805,1,47976
1,47976,1,48662
3,47976,0
5,47976,1,48233
2,48233,0
3,48233,1,48662
4,48405,0
5,48405,1,48662
0,48662,0
6,48662,0
0,49348,1,49862
4,49348,0
5,49348,0
2,49519,0
4,49690,0
5,49690,0
2,49862,0
0,50033,0
1,50033,0
3,50033,1,54148
4,50205,0
0,50376,0
1,50376,0
4,50548,0
5,50719,0
6,50719,0
2,50890,0
5,51062,0
6,51062,0
2,51233,0
0,51405,0
1,51405,0
4,51576,0
0,51748,0
1,51748,0
4,51919,0
5,52005,0
6,52005,0
0,52090,0
2,52090,0
5,52262,0
0,52433,0
2,52433,0
5,52605,0
4,52776,0
6,52776,0
1,52948,0
4,53119,0
6,53119,0
1,53290,0
0,53462,0
2,53462,0
4,53548,0
6,53548,0
0,53633,0
2,53633,0
1,53805,0
5,53805,0
5,53976,0
0,54148,0
4,54148,0
6,54148,0
2,54319,1,54490
0,54490,1,54662
3,54662,0
1,54748,0
4,54833,0
6,54833,0
3,54919,0
0,55005,0
2,55005,0
4,55090,0
1,55176,0
5,55176,0
3,55262,0
4,55348,0
6,55348,0
2,55433,0
0,55519,0
5,55519,0
3,55605,0
1,55690,0
4,55690,0
6,55690,0
2,55776,0
0,55862,0
3,55862,0
5,55862,0
0,56205,0
2,56205,0
3,56290,0
4,56376,0
6,56376,0
2,56462,0
1,56548,0
5,56548,0
3,56633,0
0,56719,0
2,56719,0
4,56805,0
1,56890,0
6,56890,0
3,56976,0
0,57062,0
2,57062,0
5,57062,0
4,57148,0
1,57233,0
3,57233,0
6,57233,0
3,57576,1,58948
6,57576,0
4,57662,0
0,57748,0
2,57833,0
6,57919,0
4,58005,0
0,58090,0
2,58176,0
6,58262,0
4,58348,0
0,58433,0
2,58519,0
6,58605,0
4,58690,0
0,58776,0
2,58862,0
4,58948,0
5,58948,0
6,58948,0
2,59290,1,59462
3,59290,0
5,59462,0
2,59633,1,59805
3,59633,0
5,59805,0
1,59976,0
3,59976,1,60319
0,60319,0
1,60319,0
2,60319,0
3,60490,0
2,60662,0
4,60662,0
6,60662,0
0,60833,0
2,61005,0
4,61005,0
6,61005,0
5,61176,0
0,61262,0
1,61262,0
3,61262,0
1,61433,0
3,61519,0
5,61519,0
6,61519,0
2,61690,0
0,61776,0
4,61776,0
6,61776,0
3,61862,0
2,61948,0
0,62033,0
4,62033,0
6,62033,0
3,62205,0
0,62376,0
2,62376,0
4,62462,0
2,62548,0
6,62548,0
3,62633,0
0,62719,0
1,62719,0
5,62719,0
2,62890,0
4,62890,0
0,63062,1,63405
4,63062,0
6,63062,0
3,63148,0
2,63233,1,63405
1,63405,0
4,63405,0
6,63405,0
3,63576,0
5,63576,1,63748
0,63748,0
2,63748,1,63919
6,63833,0
4,63919,1,64090
3,64005,0
0,64090,0
1,64090,0
5,64090,0
6,64262,1,64433
4,64433,0
3,64476,0
2,64519,1,64776
0,64605,1,64776
5,64605,0
4,64776,0
6,64776,0
1,64862,0
4,64948,0
6,64948,0
0,65119,1,65290
2,65119,1,65290
5,65119,0
3,65290,0
0,65376,1,65548
2,65376,1,65548
5,65376,0
3,65462,0
4,65548,0
6,65548,0
0,65633,0
2,65633,0
3,65719,0
0,65805,1,66062
1,65805,1,65890
5,65805,1,65890
6,65805,1,66062
3,65890,1,65976
2,65976,1,66062
4,65976,1,66062
0,66148,0
1,66148,0
1,66319,1,66490
3,66405,0
5,66490,0
6,66490,0
5,66662,1,66833
3,66748,0
0,66833,0
1,66833,0
2,66919,0
4,67005,0
1,67090,0
3,67176,1,67348
5,67176,0
1,67348,0
5,67348,1,67519
4,67519,1,67690
6,67519,0
2,67605,0
0,67690,0
6,67690,1,67862
3,67776,0
1,67862,0
5,67862,1,68033
0,68033,0
2,68119,0
4,68205,0
6,68205,0
2,68376,0
0,68548,0
3,68548,0
6,68548,0
5,68633,0
4,68719,0
5,68805,0
0,68890,0
2,68890,0
6,68890,0
3,68976,0
4,69062,0
1,69148,0
5,69233,0
3,69319,0
2,69405,0
4,69405,0
1,69490,0
0,69576,0
5,69576,0
6,69576,0
2,69662,0
3,69748,0
4,69833,0
1,69919,0
6,69919,0
2,70005,0
4,70090,0
3,70176,0
0,70262,0
2,70262,0
6,70262,0
4,70348,0
5,70433,0
3,70519,0
0,70605,0
2,70605,0
5,70605,0
3,70776,0
1,70862,0
4,70862,0
6,70862,0
3,71033,0
0,71119,0
2,71119,0
5,71119,0
0,71290,1,71462
4,71290,0
6,71290,1,71633
2,71376,1,71548
4,71462,1,71633
1,71633,1,71976
3,71633,0
0,71805,1,71976
4,71805,0
5,71976,1,72148
2,72062,0
3,72148,0
0,72233,0
1,72233,0
4,72319,0
6,72319,1,72662
5,72490,1,72662
0,72662,0
2,72662,0
4,72748,0
2,72833,0
4,72919,0
1,73005,0
5,73005,0
3,73090,0
1,73176,0
3,73262,0
0,73348,0
5,73348,0
2,73433,0
0,73519,0
2,73605,0
4,73690,0
6,73690,0
1,73776,0
3,73776,0
5,73862,0
2,74033,0
4,74033,1,74376
6,74033,1,74376
3,74205,1,74376
0,74376,0
2,74376,0
1,74548,0
3,74633,0
6,74719,1,74976
4,74805,1,74976
2,74890,0
0,74976,0
4,75062,0
5,75062,0
6,75062,0
2,75148,0
0,75233,1,75490
2,75319,1,75490
4,75405,0
6,75490,0
2,75576,0
4,75576,0
0,75748,0
2,75748,0
6,75748,1,76090
3,75833,0
1,75919,0
4,75919,1,76090
0,76090,0
2,76090,0
5,76176,0
4,76219,0
3,76262,0
0,76348,0
2,76348,0
6,76348,0
4,76433,0
0,76519,0
2,76519,0
6,76519,0
3,76605,0
4,76690,0
0,76776,1,77119
1,76776,0
5,76776,1,76948
3,76862,1,77033
1,76948,1,77119
2,77119,1,77290
5,77119,0
6,77119,0
4,77205,1,77376
6,77290,1,77462
0,77462,1,77805
2,77462,0
4,77548,0
1,77633,1,77805
3,77633,0
5,77719,0
2,77805,0
4,77805,0
4,77976,0
6,77976,0
0,78148,0
1,78148,0
3,78233,0
1,78319,0
5,78319,0
3,78405,0
0,78490,1,78662
2,78490,1,78662
6,78490,0
4,78748,0
6,78748,0
1,78833,0
3,78833,0
5,78919,0
1,79005,0
3,79005,0
4,79090,0
0,79176,0
2,79176,0
6,79176,0
3,79348,0
0,79519,0
4,79519,0
6,79519,0
1,79605,0
3,79690,0
4,79776,0
0,79862,0
2,79862,0
6,79862,0
5,79948,0
3,80033,0
1,80119,0
4,80205,0
2,80290,0
5,80376,0
6,80376,0
3,80462,0
0,80548,0
1,80548,0
4,80548,0
2,80633,0
5,80719,0
3,80805,0
0,80890,0
4,80890,0
1,80976,0
3,81062,0
5,81148,0
0,81233,0
2,81233,0
6,81233,0
3,81319,0
5,81405,0
2,81490,0
1,81576,0
4,81576,0
6,81576,0
3,81748,0
0,81833,0
2,81833,0
4,81833,0
3,82005,0
2,82090,0
4,82090,0
6,82090,0
1,82262,0
3,82262,0
5,82262,0
0,82605,1,82776
2,82605,1,82776
5,82605,0
2,82948,0
4,82948,1,83119
6,82948,1,83119
1,83119,0
2,83205,0
4,83205,0
6,83205,0
5,83376,0
0,83462,1,83633
2,83462,1,83633
3,83462,0
5,83633,0
0,83719,0
2,83719,0
4,83719,0
1,83890,0
3,83976,0
4,83976,1,84148
6,83976,1,84148
1,84148,0
2,84233,0
4,84233,0
6,84233,0
5,84405,0
0,84490,1,84662
2,84490,1,84662
3,84490,0
5,84662,0
1,84919,0
3,85005,0
4,85005,1,85176
6,85005,1,85176
1,85176,0
2,85262,0
4,85262,0
6,85262,0
5,85433,0
0,85519,1,85690
1,85519,0
2,85519,1,85690
3,85690,0
5,85690,0
6,85690,0
5,85805,0
6,85805,0
2,85919,0
4,85919,0
0,86033,0
1,86033,0
3,86033,0
0,86148,0
1,86148,0
3,86262,0
5,86262,0
2,86376,0
4,86376,0
6,86376,0
4,86490,0
6,86490,0
1,86605,0
3,86605,0
0,86719,0
2,86719,0
5,86719,0
0,86833,0
2,86833,0
4,86948,0
6,86948,0
0,87062,0
2,87062,0
3,87062,0
3,87748,0
5,87748,0
6,87748,1,88090
1,87862,0
3,87976,0
0,88090,0
2,88090,0
5,88090,0
2,88205,0
4,88319,0
1,88433,0
5,88433,1,88776
3,88548,0
1,88662,0
2,88776,0
4,88776,0
6,88776,0
3,88890,0
1,89005,0
3,89005,0
0,89119,0
4,89119,1,89462
6,89119,0
2,89233,0
0,89348,0
1,89462,0
2,89462,0
6,89462,0
4,89576,0
6,89690,0
1,89805,0
3,89805,1,90148
5,89805,0
0,89919,0
2,90033,0
1,90148,0
5,90148,0
6,90148,0
2,90262,0
4,90262,0
5,90376,0
6,90376,0
0,90490,1,90833
1,90490,0
3,90490,0
5,90605,0
3,90719,0
2,90833,0
4,90833,0
4,90948,0
6,91062,0
0,91176,0
1,91176,1,91519
3,91176,0
5,91290,0
3,91405,0
2,91519,0
4,91519,0
3,91633,0
1,91748,0
5,91748,0
2,91862,1,92205
4,91862,0
6,91862,0
5,91976,0
3,92090,0
1,92205,0
4,92205,0
0,92319,0
3,92319,0
2,92433,0
5,92433,0
3,92548,1,92890
4,92548,0
6,92548,0
1,92662,0
5,92776,0
4,92890,0
2,92976,0
4,93062,0
2,93148,0
3,93233,0
5,93233,0
6,93233,1,93576
1,93348,0
3,93462,0
0,93576,0
2,93576,0
4,93576,0
4,93690,0
2,93805,0
0,93919,1,94262
3,93919,0
6,93919,0
1,94033,0
3,94148,0
2,94262,0
5,94262,0
6,94262,0
5,94376,0
1,94490,0
4,94490,0
2,94605,0
5,94605,1,94948
6,94605,0
1,94719,0
3,94833,0
0,94948,0
2,94948,0
4,94948,0
6,95062,0
4,95176,0
0,95290,0
2,95290,0
3,95290,1,95633
5,95405,0
1,95519,0
0,95633,0
2,95633,0
4,95633,0
5,95748,0
6,95748,0
2,95862,0
4,95862,0
0,95976,0
1,95976,1,96319
3,95976,0
5,96090,0
3,96205,0
2,96319,0
4,96319,0
6,96319,0
1,96433,0
3,96548,0
0,96662,0
2,96662,0
4,96662,1,97005
5,96776,0
1,96890,0
0,97005,0
2,97005,0
6,97005,0
3,97119,0
4,97233,0
6,97233,0
0,97348,0
2,97348,1,97690
3,97348,0
5,97462,0
1,97576,0
0,97690,0
4,97690,0
6,97690,0
2,97805,0
5,97805,0
1,97919,0
4,97919,0
0,98033,0
3,98033,1,98376
6,98033,0
1,98148,0
5,98262,0
2,98376,0
4,98462,0
2,98548,0
4,98633,0
0,98719,1,99062
1,98719,0
6,98719,0
3,98833,0
2,98948,0
1,99062,0
4,99062,0
6,99062,0
4,99176,0
3,99290,0
1,99405,1,99748
2,99405,0
6,99405,0
4,99519,0
3,99633,0
2,99748,0
5,99748,0
6,99748,0
6,99862,0
1,99976,0
4,99976,0
0,100090,0
2,100090,1,100433
3,100090,0
5,100205,0
4,100319,0
1,100433,0
3,100433,0
6,100433,0
0,100548,0
2,100662,0
1,100776,0
3,100776,1,101119
4,100776,0
6,100890,0
5,101005,0
0,101119,0
1,101119,0
4,101119,0
5,101233,0
6,101233,0
0,101348,0
1,101348,0
4,101462,0
5,101462,0
6,101462,1,101805
2,101576,0
3,101690,0
1,101805,0
4,101805,0
5,101805,0
1,101919,0
3,102033,0
0,102148,0
4,102148,0
5,102148,1,102490
2,102262,0
3,102376,0
0,102490,0
1,102490,0
4,102490,0
0,102605,0
2,102719,0
5,102719,0
3,102833,0
4,102833,1,103176
6,102833,0
1,102948,0
2,103062,0
0,103176,0
3,103176,0
6,103176,0
1,103290,0
2,103290,0
4,103405,0
5,103405,0
2,103519,0
3,103519,1,103862
6,103519,0
0,103633,0
1,103748,0
2,103862,0
4,103948,0
2,104033,0
4,104119,0
0,104205,1,104548
1,104205,0
6,104205,0
3,104319,0
2,104433,0
1,104548,0
4,104548,0
6,104548,0
3,104662,0
5,104776,0
0,104890,0
1,104890,1,105233
2,104890,0
4,105005,0
3,105119,0
2,105233,0
5,105233,0
6,105233,0
5,105348,0
0,105462,0
1,105462,0
2,105576,1,105919
4,105576,0
6,105576,0
3,105690,0
5,105805,0
0,105919,0
3,105919,0
6,105919,0
1,106033,0
2,106148,0
3,106262,1,106605
4,106262,0
6,106262,0
1,106376,0
5,106490,0
2,106605,0
4,106605,0
6,106605,0
0,106719,0
1,106719,0
2,106833,0
4,106833,0
3,106948,0
5,106948,0
6,106948,1,107290
1,107062,0
2,107176,0
4,107176,0
0,107290,0
3,107290,0
5,107290,0
1,107405,0
2,107519,0
4,107519,0
3,107633,0
5,107633,1,107976
6,107633,0
1,107748,0
0,107862,0
2,107862,0
4,107976,0
2,108062,0
4,108148,0
2,108233,0
0,108319,0
3,108319,0
6,108319,0
1,109690,0
2,109690,0
6,109690,1,110205
4,109862,0
1,110033,0
2,110033,0
4,110205,0
3,110376,1,114490
5,110376,0
6,110376,0
2,110548,0
5,110719,0
6,110719,0
2,110890,0
0,111062,0
1,111062,0
4,111233,0
0,111405,0
1,111405,0
4,111576,0
5,111748,0
6,111748,0
2,111919,0
5,112090,0
6,112090,0
2,112262,0
0,112348,0
1,112348,0
4,112433,0
6,112433,0
1,112605,0
4,112776,0
6,112776,0
1,112948,0
0,113119,0
2,113119,0
5,113290,0
0,113462,0
2,113462,0
5,113633,0
4,113805,0
6,113805,0
0,113890,0
2,113890,0
4,113976,0
6,113976,0
1,114148,0
5,114148,0
1,114319,0
0,114490,0
2,114490,0
6,114490,0
4,114662,1,114833
6,114833,1,115005
3,115005,0
5,115090,0
0,115176,0
2,115176,0
3,115262,0
4,115348,0
6,115348,0
2,115433,0
1,115519,0
5,115519,0
3,115605,0
0,115690,0
2,115690,0
4,115776,0
1,115862,0
6,115862,0
3,115948,0
0,116033,0
2,116033,0
5,116033,0
4,116119,0
1,116205,0
3,116205,0
6,116205,0
1,116376,0
4,116548,0
6,116548,0
3,116633,0
0,116719,0
2,116719,0
4,116805,0
1,116890,0
5,116890,0
3,116976,0
4,117062,0
6,117062,0
2,117148,0
0,117233,0
5,117233,0
3,117319,0
1,117405,0
4,117405,0
6,117405,0
2,117490,0
0,117576,0
3,117576,0
5,117576,0
5,117748,0
2,117919,0
4,117919,0
6,118005,0
1,118090,0
3,118090,0
6,118176,0
2,118262,0
4,118262,0
0,118348,0
3,118433,0
5,118433,0
0,118519,0
2,118605,0
4,118605,0
6,118690,0
1,118776,0
3,118776,0
5,118862,0
0,118948,0
2,118948,0
4,119033,0
1,119119,0
6,119119,0
2,119205,0
3,119290,1,119548
5,119290,1,119376
5,119462,1,119633
1,119633,1,119719
3,119633,1,119890
1,119805,1,119976
3,119976,0
5,119976,0
4,120319,0
2,120405,0
4,120490,0
1,120576,0
0,120662,1,121005
3,120662,0
6,120662,0
4,120833,0
3,120919,0
2,121005,0
5,121005,0
6,121005,0
1,121176,1,121519
3,121176,0
6,121262,0
4,121348,0
6,121433,0
3,121519,0
2,121605,0
4,121605,0
0,121690,0
5,121690,0
6,121690,1,122719
1,121776,0
3,121862,0
4,121948,0
2,122033,0
1,122119,0
3,122205,0
5,122205,0
2,122290,0
0,122376,0
4,122376,0
2,122462,0
4,122548,0
1,122633,0
3,122719,0
5,122805,0
0,122890,0
2,122890,0
4,123062,0
6,123062,0
3,123148,0
5,123233,0
0,123319,0
2,123319,0
6,123405,1,123662
4,123490,1,123662
0,123576,1,123833
1,123576,0
2,123662,1,123833
3,123748,0
5,123748,1,124005
1,123919,0
4,124005,0
6,124005,0
0,124090,1,124348
2,124176,1,124348
5,124262,0
6,124262,1,124519
4,124348,1,124519
0,124433,1,124690
2,124433,0
3,124605,0
5,124605,0
1,124690,0
4,124776,1,124948
2,124862,1,125033
3,124948,0
6,124948,1,125205
4,125033,1,125205
0,125119,0
1,125119,0
4,125290,0
6,125290,0
3,125376,0
0,125462,0
2,125462,0
4,125548,0
6,125548,0
0,125633,0
2,125633,0
4,125719,0
6,125719,0
0,125805,0
1,125805,0
3,125805,0
0,126148,0
5,126148,0
6,126148,1,126490
4,126233,0
2,126319,0
3,126405,0
0,126490,0
1,126490,0
4,126490,0
3,126662,0
5,126662,1,127005
0,126748,0
2,126833,0
0,126919,0
3,127005,0
2,127090,0
4,127090,0
0,127176,1,128205
1,127176,0
6,127176,0
5,127262,0
3,127348,0
2,127433,0
4,127519,0
5,127605,0
1,127690,0
2,127690,0
3,127776,0
4,127862,0
6,127862,0
2,127948,0
3,128033,0
1,128119,0
5,128205,0
3,128290,0
0,128376,0
1,128376,0
2,128462,0
4,128548,0
6,128548,0
1,128719,0
4,128805,0
6,128805,0
2,128890,1,129148
0,128976,1,129148
5,129062,0
6,129062,1,129319
4,129148,1,129319
1,129233,1,129490
3,129233,0
5,129405,0
0,129490,0
2,129490,0
4,129576,1,129833
6,129662,1,129833
0,129748,1,130005
1,129748,0
2,129833,1,130005
3,129919,0
5,129919,1,130176
1,130090,0
4,130176,0
2,130262,1,130519
0,130348,1,130519
5,130433,0
6,130433,1,130690
4,130519,1,130690
1,130605,1,130862
3,130605,0
2,130690,1,130776
5,130776,1,130862
3,130862,1,130948
2,130948,0
4,130948,0
6,130948,0
0,131119,0
2,131205,0
4,131205,0
6,131205,0
0,131376,0
2,131462,0
4,131462,0
6,131462,0
1,131548,0
0,131633,0
3,131633,0
5,131633,1,131976
4,131805,0
3,131890,0
0,131976,0
2,131976,0
3,132148,0
6,132148,1,132662
1,132233,0
4,132319,0
2,132405,0
4,132490,0
0,132576,0
1,132576,0
3,132662,0
5,132662,0
2,132833,0
1,133005,1,133348
6,133005,0
5,133090,0
2,133176,0
4,133176,0
5,133262,0
0,133348,1,134033
3,133348,0
6,133348,0
2,133433,0
4,133519,0
2,133605,0
5,133690,0
1,133776,0
4,133862,0
6,133862,0
3,133948,0
1,134033,0
5,134033,0
3,134205,0
2,134290,0
4,134290,0
0,134376,0
5,134376,1,134719
1,134462,0
2,134548,0
4,134548,0
1,134633,0
0,134719,0
3,134719,0
6,134719,1,135405
2,134805,0
4,134890,0
1,134976,0
3,134976,0
5,135062,0
4,135148,0
0,135233,0
2,135233,0
3,135319,0
1,135405,0
4,135405,0
5,135405,0
0,135576,0
3,135576,0
4,135662,0
1,135748,1,136090
5,135748,0
4,135919,0
6,135919,0
3,136005,0
0,136090,1,136433
2,136090,0
5,136090,0
1,136262,0
3,136262,0
4,136348,0
5,136433,0
6,136433,0
3,136519,0
0,136605,0
2,136605,0
4,136690,0
1,136776,0
5,136776,0
6,136776,0
3,136948,0
2,137119,0
4,137119,0
6,137119,1,137805
1,137205,0
0,137290,0
2,137376,0
3,137462,0
5,137462,0
1,137548,0
4,137633,0
2,137719,0
0,137805,1,138490
3,137805,0
5,137890,0
1,137976,0
2,138062,0
4,138062,0
5,138148,0
6,138148,0
3,138233,0
4,138319,0
2,138405,0
1,138490,1,138833
6,138490,0
4,138662,0
5,138662,0
3,138748,0
2,138833,1,139519
5,138833,0
6,138833,0
3,139005,0
1,139090,0
5,139176,0
3,139262,0
0,139348,0
4,139348,0
5,139433,0
1,139519,0
3,139519,0
6,139519,0
4,139690,0
3,139776,0
0,139862,1,140033
1,139862,0
3,140033,1,140205
5,140033,0
4,140119,0
1,140205,1,140376
2,140205,0
6,140205,0
4,140376,1,140548
3,140462,0
2,140548,1,140719
6,140548,0
1,140719,0
5,140719,1,140890
0,140805,0
2,140890,0
3,140890,1,141062
4,140890,0
1,141062,0
6,141062,1,141233
2,141148,0
4,141233,1,141405
5,141233,0
3,141319,0
2,141405,1,141576
6,141405,0
4,141490,0
0,141576,1,141748
1,141576,0
5,141576,0
2,141662,0
4,141748,0
5,141748,1,141919
2,141833,0
0,141919,0
1,141919,0
3,141919,1,142090
2,142090,0
6,142090,1,142262
0,142176,0
1,142176,0
4,142262,1,142433
3,142348,0
2,142433,1,142605
5,142433,0
6,142433,0
4,142519,0
0,142605,0
1,142605,0
3,142605,0
2,142862,0
4,142862,0
2,142948,0
0,143033,0
3,143119,0
5,143119,0
6,143119,0
0,143290,0
2,143290,0
3,143548,0
5,143548,0
6,143719,0
0,143805,0
2,143805,0
4,143805,0
6,143890,0
1,143976,0
3,143976,0
2,144233,0
4,144233,0
4,144319,0
6,144405,0
0,144490,0
1,144490,0
3,144490,0
4,144662,0
6,144662,0
1,144919,0
3,144919,0
0,145090,0
2,145176,0
4,145176,0
6,145176,0
0,145262,0
3,145348,0
5,145348,0
2,145605,0
4,145605,0
2,145690,0
0,145776,0
3,145862,0
5,145862,0
6,145862,0
0,146033,0
2,146033,0
3,146290,0
5,146290,0
0,146462,0
2,146548,0
4,146548,0
6,146548,0
0,146633,0
3,146719,0
5,146719,0
2,146976,0
4,146976,0
4,147062,0
6,147148,0
0,147233,0
1,147233,0
3,147233,0
4,147405,0
6,147405,0
0,147576,0
3,147662,0
1,147748,0
2,147919,0
4,148090,0
6,148090,0
0,148262,0
2,148348,0
4,148433,0
6,148433,0
1,148605,0
4,148776,0
6,148776,0
0,148948,0
2,149033,0
4,149119,0
6,149119,0
3,149290,0
0,149463,0
5,149463,0
2,149551,0
5,149639,0
2,149727,0
0,149815,0
4,149815,0
3,149992,0
0,150168,0
5,150168,0
2,150257,0
5,150345,0
2,150433,0
0,150521,0
4,150521,0
3,150610,0
5,150698,0
1,150786,0
3,150874,0
3,151055,0
3,151237,0
3,151419,0
1,151601,0
3,151692,0
5,151783,0
1,151874,0
5,151964,0
3,152055,0
1,152146,0
5,152237,0
0,152328,0
1,152378,0
2,152428,0
4,152478,0
5,152528,0
6,152578,0
2,152628,0
3,152678,0
4,152728,0
0,152778,0
1,152828,0
2,152878,0
6,152928,0
5,152978,0
4,153028,0
3,153078,0
0,153128,0
1,153128,1,153428
2,153128,0
5,153328,1,153428
1,153528,0
3,153528,1,153828
5,153528,0
0,153928,0
5,153928,0
6,153928,0
1,153994,0
2,154061,0
3,154128,0
4,154194,0
1,154261,0
5,154328,0
2,154415,0
6,154478,0
5,154515,0
4,154553,0
0,154628,0
1,154661,0
2,154694,0
3,154728,0
5,154728,0
6,154728,1,154928
2,154928,0
3,154972,0
4,155016,0
5,155061,0
0,155105,0
1,155172,0
5,155244,0
4,155328,0
3,155428,0
0,155528,0
2,155528,0
4,155568,1,155648
6,155568,1,155648
3,155728,1,155811
5,155728,1,155808
4,155888,1,155968
2,155890,1,155965
1,156044,1,156128
3,156048,1,156128
2,156208,1,156288
0,156211,1,156290
4,156328,0
5,156328,0
6,156328,0
3,156528,0
6,156628,0
5,156678,0
2,156728,0
4,156728,0
0,156828,0
2,156928,0
4,156928,0
1,157028,0
0,157128,0
3,157128,1,157328
6,157128,1,157528
5,157228,1,157528
4,157328,1,157528
0,157528,0
2,157594,0
6,157661,0
4,157728,0
0,157794,0
2,157861,0
4,157928,0
6,157928,0
1,158028,0
3,158078,0
1,158228,0
3,158278,0
6,158428,0
4,158478,0
6,158628,0
4,158678,0
1,158728,0
0,158861,0
2,158894,0
6,158994,0
4,159028,0
0,159128,0
2,159161,0
6,159261,0
4,159294,0
0,159394,0
2,159428,0
4,159528,0
6,159528,0
3,159594,0
2,159661,0
5,159728,0
4,159794,0
3,159861,0
2,159928,0
4,160028,0
2,160128,0
4,160228,0
0,160328,1,160728
3,160328,1,160528
6,160328,0
1,160428,1,160728
2,160528,1,160728
3,160728,0
5,160728,1,160828
1,160928,0
1,161028,0
2,161128,0
4,161128,0
6,161128,0
5,161228,0
3,161328,0
6,161428,0
4,161528,0
0,161628,1,161828
2,161728,1,161828
4,161828,0
6,161928,0
3,162028,0
0,162128,0
2,162178,0
4,162228,0
1,162328,1,162528
6,162428,0
4,162528,0
2,162628,0
1,162728,0
4,162728,0
6,162728,1,163128
5,162828,1,163128
3,162928,0
2,163028,0
0,163128,1,163228
1,163128,0
4,163128,0
2,163328,1,163428
5,163328,0
3,163528,0
4,163528,1,163828
6,163528,1,163928
1,163828,0
3,163928,0
1,164028,0
5,164028,0
4,164128,1,164228
6,164228,1,164328
0,164328,1,164628
2,164328,1,164628
3,164328,0
4,164628,0
6,164628,0
4,164828,0
6,164828,0
4,165028,0
6,165028,0
0,165128,1,165228
3,165128,0
5,165128,1,165528
2,165228,1,165428
0,165328,1,165428
6,165428,1,165528
1,165528,0
2,165628,0
4,165628,0
0,165828,0
2,165878,0
4,165928,1,166128
5,165928,0
6,165928,1,166128
1,166128,0
3,166228,1,166428
4,166228,0
5,166228,1,166428
0,166428,0
2,166528,1,166628
3,166528,0
4,166528,1,166628
0,166728,0
1,166728,1,166828
6,166728,1,167028
3,166828,1,166928
5,166928,1,167028
0,167028,0
2,167028,0
0,167228,1,167528
2,167228,1,167528
5,167228,0
1,167528,0
4,167528,0
6,167528,0
4,167628,0
2,167728,0
0,167828,0
3,167828,0
5,167828,0
4,168028,0
2,168128,0
5,168128,0
3,168228,0
0,168328,0
6,168328,0
0,168428,0
2,168428,0
4,168528,0
3,168628,0
5,168628,0
6,168628,0
1,168828,0
3,168828,1,169028
4,169028,0
6,169028,0
0,169128,1,169328
1,169128,0
2,169128,1,169328
3,169328,0
1,169428,0
4,169428,1,169628
6,169428,1,169628
3,169628,0
0,169728,0
2,169828,0
1,169928,0
4,169928,0
6,169928,0
4,170028,0
2,170128,0
3,170228,0
5,170228,0
6,170228,0
0,170428,0
2,170428,0
6,170528,0
4,170628,0
3,170678,0
0,170728,1,170928
2,170728,0
5,170728,1,170928
2,170928,0
3,170978,0
1,171028,1,171228
4,171028,0
6,171028,1,171228
3,171228,0
4,171278,0
5,171328,0
1,171428,0
4,171528,0
6,171528,0
5,171628,0
1,171728,0
3,171728,0
4,171828,0
6,171828,1,172028
0,172028,0
2,172028,0
3,172128,0
5,172128,1,172328
1,172228,0
2,172328,1,172628
4,172328,1,172628
6,172328,0
3,172628,1,172928
0,172728,1,172928
6,172728,1,172928
1,173128,1,173728
4,173128,0
6,173128,1,173428
0,173428,1,173728
3,173428,0
5,173428,0
4,173628,0
6,173628,0
2,173728,0
4,173828,0
0,173928,1,174228
2,173928,0
5,173928,1,174528
1,174228,0
3,174228,0
6,174228,1,174528
2,174528,0
4,174528,0
3,174728,1,175128
5,174728,0
1,174828,0
1,175028,0
5,175128,0
1,175228,0
5,175328,0
1,175428,0
3,175428,0
4,175528,1,175728
6,175528,1,175728
2,175728,0
3,175828,0
5,175828,0
0,175928,1,176128
1,175928,1,176128
3,176128,0
0,176328,0
2,176328,0
5,176328,1,176528
3,176528,0
1,176628,1,176928
5,176628,0
3,176828,0
2,176928,0
4,176928,0
1,177128,1,177328
4,177128,0
6,177128,0
2,177328,0
3,177378,0
4,177428,0
5,177428,1,177728
6,177428,0
0,177628,0
1,177678,0
2,177728,0
4,177728,0
1,177928,0
3,177928,1,178128
5,177928,0
6,178128,0
0,178228,0
2,178228,0
4,178328,0
4,178428,0
2,178528,0
2,178628,0
0,178728,1,178928
5,178728,0
6,178728,1,179528
2,178828,1,179028
4,178928,1,179128
0,179128,0
1,179128,1,179328
3,179228,1,179428
5,179328,1,179528
0,179528,0
2,179528,0
0,180028,0
4,180028,0
2,180128,1,180328
1,180328,0
4,180328,0
6,180328,0
1,180428,0
5,180528,0
0,180628,0
2,180628,0
4,180628,0
6,180828,0
1,180928,0
3,180928,1,181128
2,181128,0
4,181128,0
4,181228,0
6,181228,0
0,181328,0
1,181428,0
3,181428,0
5,181428,0
4,181628,0
6,181628,1,181828
3,181828,0
0,181928,1,182128
2,181928,1,182128
5,181928,0
3,182128,0
1,182228,0
4,182228,1,182428
6,182228,1,182428
3,182428,0
1,182528,1,182728
5,182528,1,182728
2,182728,0
4,182728,0
2,182828,0
5,182928,0
0,183028,0
1,183028,0
3,183028,0
2,183228,0
6,183228,0
5,183328,0
1,183428,0
3,183478,0
4,183528,0
6,183528,0
2,183628,0
5,183728,0
3,183778,0
0,183828,0
2,183828,0
6,183828,0
4,184028,0
2,184078,0
1,184128,0
5,184228,0
3,184278,0
0,184328,0
2,184328,0
6,184428,0
4,184528,0
1,184628,0
5,184628,0
0,184828,0
2,184828,0
4,184928,0
6,184928,0
3,185028,0
1,185128,1,185528
5,185128,0
4,185528,0
6,185528,0
3,185728,0
0,185928,0
1,185928,0
2,185928,1,186328
5,186128,1,186328
0,186328,0
1,186328,0
3,186528,1,186728
4,186728,1,187091
5,186728,0
6,186728,0
1,186909,1,187091
5,187091,0
6,187091,0
3,187273,1,187455
0,187455,0
1,187455,0
2,187455,1,187818
5,187637,1,187818
0,187818,0
1,187818,0
3,188000,1,188182
4,188182,1,188534
5,188182,0
6,188182,0
1,188358,1,188534
5,188534,0
6,188534,0
4,188711,0
0,188887,0
2,188887,0
3,188887,1,190107
0,189064,0
2,189064,0
4,189240,0
6,189240,0
4,189417,0
6,189417,0
0,189593,0
1,189593,0
1,189764,0
2,189764,0
5,189935,0
6,189935,0
4,190107,0
5,190107,0
2,190278,1,190944
3,190278,0
4,190278,0
0,190528,1,190944
6,190944,0
5,191111,0
4,191278,0
3,191444,0
0,191611,0
2,191611,0
6,191611,1,191861
5,191694,1,191778
1,191778,1,191944
4,191861,1,192028
0,191944,0
6,191944,1,192028
2,192111,1,192194
4,192194,1,192278
1,192278,1,192361
5,192278,0
3,192361,1,192444
0,192444,1,192528
2,192528,1,192611
1,192611,0
4,192611,1,192694
6,192611,1,192944
2,192694,0
3,192778,0
5,192778,1,192944
2,192861,0
1,192944,0
4,192944,0
0,193111,0
6,193111,1,193278
2,193194,0
1,193278,0
3,193278,1,193444
4,193444,0
5,193444,1,193611
2,193528,0
1,193611,1,193778
3,193611,0
0,193778,1,193944
5,193778,0
3,193861,0
2,193944,1,194111
4,193944,0
1,194111,1,194278
4,194111,0
6,194111,0
0,194278,0
2,194278,0
5,194278,1,194444
4,194361,0
3,194444,1,194611
1,194528,0
4,194611,1,194778
6,194611,0
2,194694,0
0,194778,1,194944
3,194861,0
1,194944,0
5,194944,0
3,195028,0
6,195111,1,195194
3,195194,1,195278
0,195278,0
5,195278,1,195361
2,195361,1,195444
4,195444,1,195528
1,195528,1,195611
3,195611,0
6,195611,1,196278
4,195694,0
2,195778,0
3,195861,0
5,195861,1,196278
1,195944,0
2,196028,0
0,196111,0
4,196111,1,196278
1,196278,0
2,196361,1,196528
4,196444,1,196611
5,196444,0
6,196528,1,196694
0,196611,0
3,196611,1,196778
1,196694,1,196861
4,196778,1,196861
5,196778,0
2,196861,1,196944
0,196944,1,197111
3,196944,0
6,196944,0
4,197028,0
2,197111,1,197278
5,197194,0
1,197278,1,197444
4,197278,0
6,197361,0
3,197444,1,197611
5,197444,0
2,197528,0
0,197611,0
4,197611,1,197694
2,197694,1,197778
1,197778,0
5,197778,1,197861
3,197861,1,197944
0,197944,1,198028
6,197944,0
2,198028,1,198111
3,198111,1,198194
5,198111,0
4,198194,1,198278
0,198278,0
1,198278,0
5,198361,0
1,198444,0
5,198528,0
0,198611,0
2,198611,0
3,198778,0
0,198944,1,199111
6,198944,0
2,199028,1,199194
4,199111,1,199278
5,199111,0
1,199194,1,199361
3,199278,1,199444
6,199278,0
5,199361,1,199528
0,199444,0
2,199444,1,199528
4,199528,1,199611
1,199611,0
6,199611,1,200111
3,199778,1,200111
5,199778,0
0,199944,0
4,199944,0
2,200111,1,200611
4,200194,0
0,200278,0
5,200278,1,200611
1,200361,0
3,200444,1,200611
0,200611,1,201111
4,200611,0
6,200611,1,200778
2,200778,1,201111
3,200861,0
4,200944,1,201278
1,201111,0
5,201111,1,201444
1,201278,1,201444
3,201278,0
6,201278,1,201611
4,201444,0
3,201528,0
0,201611,0
2,201611,0
5,201694,0
2,201778,0
5,201861,0
0,201944,0
1,201944,0
3,201944,0
6,202028,0
0,202111,0
1,202111,0
3,202111,0
6,202194,0
2,202278,0
3,202278,1,202514
5,202356,1,202435
1,202435,1,202593
4,202514,1,202672
0,202593,0
6,202593,1,202751
2,202672,1,202830
3,202751,1,202909
5,202830,1,202988
1,202909,1,203067
6,202909,0
3,202988,1,203146
0,203067,1,203225
2,203146,1,203383
4,203225,1,203304
5,203225,0
0,203304,1,203462
3,203383,1,203462
1,203462,1,203541
4,203541,0
6,203541,1,203778
2,203620,1,203699
3,203699,1,203935
1,203778,1,203856
4,203856,0
5,203856,1,204014
0,203935,1,204014
2,204014,1,204251
4,204093,1,204172
0,204172,1,204330
1,204172,0
6,204251,1,204409
4,204330,1,204488
2,204409,1,204567
0,204488,1,204646
1,204488,0
5,204567,1,204725
3,204646,1,204804
1,204725,1,204804
0,204804,0
6,204804,1,205041
4,204883,1,205041
2,204962,1,205120
0,205120,0
5,205120,1,205356
3,205199,1,205356
1,205278,1,205435
4,205435,1,205672
6,205435,0
2,205514,1,205672
0,205593,1,205751
3,205751,1,205909
5,205751,0
1,205830,1,205988
4,205909,1,206067
5,206067,1,206304
6,206067,0
3,206146,1,206225
1,206225,0
2,206225,1,206383
4,206304,1,206541
0,206383,0
6,206383,1,206541
1,206541,0
3,206541,1,206699
5,206620,1,206699
0,206699,1,206778
2,206699,0
1,206856,1,206935
3,206856,0
0,206935,0
2,207014,1,207093
4,207014,0
1,207093,0
3,207172,1,207251
5,207172,0
2,207251,0
0,207330,0
4,207330,1,207488
6,207330,1,207804
2,207409,1,207567
0,207488,1,207646
4,207646,0
5,207646,1,207804
3,207725,1,207883
1,207804,1,207962
4,207962,0
6,207962,1,208041
2,208041,0
5,208120,1,208199
2,208199,0
0,208278,0
4,208278,1,208356
5,208356,0
3,208435,1,208514
5,208514,0
0,208593,1,208672
2,208593,0
4,208672,0
1,208751,1,208830
4,208830,0
2,208909,1,208988
6,208909,0
1,208988,0
3,209067,1,209146
1,209146,0
4,209225,0
6,209225,1,209304
2,209304,0
5,209383,1,209462
2,209462,0
0,209541,0
4,209541,1,209620
1,209620,0
3,209699,1,209778
5,209699,0
1,209778,0
0,209856,1,210014
4,209856,0
6,209856,0
3,209935,0
2,210014,1,210172
5,210093,0
1,210172,0
4,210172,1,210330
3,210251,0
6,210330,1,210488
2,210409,0
1,210488,1,210646
4,210488,1,210567
6,210567,1,210646
3,210646,1,210804
2,210725,1,210804
0,210804,1,210883
5,210804,1,210962
4,210883,1,210962
2,210962,1,211120
6,211041,1,211120
0,211120,1,211278
4,211120,0
2,211199,0
3,211278,1,211435
0,211356,0
1,211435,1,211593
4,211435,0
6,211435,0
2,211514,0
4,211593,1,211751
6,211593,0
3,211672,0
0,211751,1,211830
1,211751,1,211909
5,211751,0
2,211830,1,211988
3,211909,1,212304
5,212067,0
1,212146,0
5,212225,0
1,212304,0
0,212383,0
3,212383,0
6,212383,1,212533
1,212533,0
4,212533,1,212683
3,212608,0
6,212683,1,212983
0,212758,0
2,212833,0
5,212833,1,212983
0,212983,1,213133
4,212983,0
3,213058,1,213133
2,213133,1,213283
5,213133,0
4,213208,1,213283
1,213283,1,213433
6,213283,0
3,213358,1,213433
0,213433,0
5,213433,1,213583
2,213508,1,213583
1,213583,0
3,213583,1,213733
2,213733,0
6,213733,1,213958
5,213808,1,213958
3,213883,0
4,213883,1,214183
1,213958,0
0,214033,1,214258
2,214108,1,214258
5,214183,0
6,214183,1,214408
3,214258,0
2,214333,0
4,214333,1,214483
1,214408,1,214483
3,214483,0
5,214483,1,214633
2,214558,1,214633
4,214633,0
6,214633,1,214783
3,214708,1,214783
0,214783,0
1,214783,1,215008
2,214858,1,215008
5,214933,0
6,214933,1,215158
4,215008,1,215083
0,215083,1,215308
3,215083,0
1,215158,1,215308
4,215233,1,215458
6,215233,0
2,215308,1,215383
0,215383,0
5,215383,1,215608
6,215458,1,215608
2,215533,0
3,215533,1,215758
1,215608,1,215683
0,215683,0
4,215683,1,215908
5,215758,1,215908
1,215833,0
2,215833,1,216058
0,215908,1,215983
5,215983,0
6,215983,1,216133
4,216058,1,216133
1,216133,0
3,216133,1,216358
5,216208,1,216358
1,216283,1,216508
6,216283,0
3,216433,0
4,216433,1,216508
2,216508,1,216583
0,216583,1,216658
5,216583,0
3,216658,0
1,216733,1,216808
6,216733,0
4,216808,0
2,216883,1,216958
5,216883,0
1,216920,0
0,216958,0
3,217033,1,217108
5,217033,0
2,217070,0
1,217108,0
0,217183,0
4,217183,1,217333
6,217183,0
2,217258,1,217408
1,217333,0
6,217333,1,217558
5,217408,1,217558
0,217483,0
1,217483,1,217633
3,217558,1,217708
5,217633,1,217708
6,217633,0
1,217708,1,217783
2,217783,0
4,217783,1,217933
6,217858,0
1,217933,0
3,217933,1,218083
5,218008,0
0,218083,0
2,218083,1,218233
4,218158,0
1,218233,1,218383
5,218233,0
3,218308,0
0,218383,0
6,218383,1,218683
5,218458,0
4,218533,0
3,218608,0
1,218683,0
5,218683,1,218983
4,218758,0
3,218833,0
2,218908,0
0,218983,0
4,218983,1,219283
3,219058,0
2,219133,0
1,219208,0
3,219283,1,219583
5,219283,0
2,219358,0
4,219433,0
5,219508,0
1,219583,0
2,219583,1,219733
6,219583,0
4,219658,1,219808
0,219733,1,219958
1,219808,1,219958
5,219883,1,220033
6,219883,0
3,219958,1,220108
1,220033,1,220108
5,220108,1,220183
2,220183,1,220333
4,220183,0
0,220258,0
3,220333,1,220483
5,220333,0
1,220408,0
4,220483,1,220633
6,220483,0
2,220558,0
1,220633,0
5,220633,1,220783
3,220708,0
0,220783,1,221083
2,220783,0
6,220783,0
4,220858,0
2,220933,0
5,221008,0
1,221083,1,221383
3,221083,0
6,221158,0
4,221233,0
6,221308,0
2,221383,1,221683
3,221383,0
5,221458,0
3,221533,0
4,221608,0
1,221683,0
5,221683,0
2,221833,0
4,221833,0
0,221983,1,222411
1,221983,1,222125
6,221983,1,222125
5,222054,1,222197
3,222125,1,222268
2,222197,1,222340
1,222268,1,222411
6,222268,1,222340
5,222340,1,222411
3,222411,1,222483
2,222483,1,222554
0,222554,1,222697
5,222554,1,222697
6,222554,1,222983
1,222625,1,222768
3,222697,1,222840
4,222768,1,222911
0,222840,1,222911
5,222840,1,222983
1,222911,1,222983
3,222983,1,223054
4,223054,1,223125
0,223125,1,223554
1,223125,1,223268
6,223125,1,223268
5,223197,1,223340
3,223268,1,223411
2,223340,1,223483
1,223411,1,223554
6,223411,1,223483
5,223483,1,223554
3,223554,1,223625
2,223625,1,223697
0,223697,1,223840
5,223697,0
2,223768,1,223911
4,223840,1,223983
1,223911,1,224054
3,223983,1,224125
6,223983,0
5,224054,1,224197
0,224125,0
2,224125,1,224268
4,224197,1,224268
0,224268,1,224411
1,224268,1,224697
6,224268,1,224411
5,224340,1,224483
2,224411,1,224554
3,224483,1,224625
0,224554,1,224697
6,224554,1,224625
5,224625,1,224697
2,224697,1,224768
3,224768,1,224840
0,224840,1,224983
5,224840,1,225268
6,224840,1,224983
1,224911,1,225054
4,224983,1,225125
3,225054,1,225197
0,225125,1,225197
6,225125,1,225268
1,225197,1,225268
4,225268,1,225340
3,225340,1,225411
0,225411,1,225840
1,225411,1,225554
6,225411,1,225554
5,225483,1,225625
2,225554,1,225697
3,225625,1,225768
1,225697,1,225840
6,225697,1,225768
5,225768,1,225840
2,225840,1,225911
3,225911,1,225983
0,225983,1,226197
5,225983,1,226054
6,225983,1,226125
2,226054,1,226197
4,226125,1,226268
6,226197,1,226268
0,226268,0
2,226268,0
5,226340,0
0,226411,0
2,226411,0
5,226483,0
0,226554,0
3,226554,1,226690
6,226554,0
1,226622,1,226758
4,226690,1,226826
6,226758,1,226894
1,226826,0
2,226826,1,226963
0,226894,1,227031
3,226963,1,227099
5,227031,1,227167
1,227099,1,227235
2,227099,0
4,227167,1,227304
6,227235,1,227372
3,227304,1,227372
0,227372,0
2,227372,0
5,227372,0
0,227508,0
2,227508,0
5,227508,0
1,227644,0
3,227644,1,227781
4,227644,0
1,227781,0
2,227917,0
4,227917,1,228054
5,227917,0
2,228054,0
1,228190,0
3,228190,1,228258
0,228258,1,228326
4,228326,1,228394
1,228394,1,228463
3,228463,0
5,228463,1,228531
2,228531,1,228599
6,228599,1,228667
3,228667,1,228735
4,228735,0
6,228735,1,228872
2,228872,0
4,228872,0
3,229008,0
5,229008,1,229144
1,229144,0
3,229144,0
2,229281,0
4,229281,1,229417
0,229417,0
2,229417,0
1,229554,0
3,229554,1,229690
1,229690,0
5,229690,0
0,229826,0
2,229826,0
3,229894,0
4,229963,0
6,229963,0
1,230099,0
5,230099,0
3,230167,0
1,230235,0
5,230235,0
4,230372,0
6,230372,0
3,230440,0
0,230508,0
2,230508,0
1,230644,0
5,230644,0
3,230713,0
1,230781,0
5,230781,0
0,230917,0
3,230917,1,240665
6,230917,0
5,233099,0
2,235499,0
1,236165,1,240665
1,240832,0
3,240832,0
6,240832,1,248889
4,243574,0
2,246317,0
0,247003,1,248889
0,249060,0
3,249060,1,251632
6,249060,0
5,250432,1,251632
0,251803,1,254546
3,251803,0
5,251803,0
4,252146,0
1,252317,0
3,252489,0
2,252832,0
6,253003,0
3,253517,0
1,253689,0
5,254032,0
4,254203,0
3,254374,0
2,254546,0
6,254546,1,256603
4,254717,0
1,254889,0
3,255060,0
3,255574,0
1,255746,0
2,256260,0
0,256432,0
2,256774,0
3,256946,0
4,257117,0
2,257289,1,258317
5,257289,0
3,257632,0
4,257803,0
6,257974,0
3,258489,0
4,258660,1,259689
1,258832,0
0,259003,0
2,259174,0
3,259346,0
6,259517,0
1,259689,1,260032
2,259689,0
3,259860,0
4,260032,0
5,260032,1,261403
0,260203,0
3,260374,0
1,260546,0
4,260717,0
6,261060,0
0,261403,1,262432
4,261403,0
3,261574,0
2,261746,1,262432
5,261917,0
3,262089,0
6,262260,0
5,262432,0
3,262603,0
1,262774,0
5,262774,0
6,262774,1,263460
4,262946,0
0,263117,0
2,263289,0
3,263460,1,264146
5,263803,0
1,263974,0
0,264146,1,265174
6,264489,0
4,264660,0
3,265003,0
2,265174,0
4,265174,1,265517
1,265346,0
0,265517,0
6,265517,1,267060
2,265689,0
3,265860,0
4,266032,0
5,266203,0
3,266374,0
2,266546,0
1,266717,1,267232
2,267232,0
0,267403,0
3,267746,0
1,267917,0
4,268089,0
3,268260,1,269117
5,268260,1,268603
1,268432,0
0,268603,0
6,268774,1,269117
4,269117,0
1,269289,0
5,269460,0
1,269632,1,270317
3,269632,1,269974
6,269974,0
4,270146,1,270489
3,270489,0
5,270660,1,271003
1,270832,0
0,271003,1,272203
2,271003,1,271346
6,271003,0
4,271517,0
2,271689,0
5,271860,0
3,272032,1,272203
1,272374,1,273574
3,272374,0
5,272374,1,273060
0,273060,1,273574
2,273746,1,276489
3,273746,0
4,273746,1,274946
5,275117,1,276317
0,276489,1,279232
6,276489,1,277689
3,277860,1,278374
1,278374,0
2,278546,1,279060
4,279060,0
3,279232,1,280432
5,279232,1,281974
4,280603,1,281803
0,281974,0
3,281974,1,284374
6,281974,1,284374
2,282146,0
0,282317,0
1,282489,0
2,282660,0
0,282832,0
2,283003,0
1,283174,0
0,283346,0
2,283517,0
0,283689,0
1,283860,0
2,284032,0
0,284203,0
2,284374,0
3,284546,0
6,284717,0
4,284803,0
6,284889,0
3,284974,0
5,285060,0
3,285146,0
0,285232,0
2,285317,0
0,285403,0
3,285489,0
1,285574,0
3,285660,0
6,285746,0
4,285832,0
6,285917,0
3,286003,0
5,286089,0
3,286174,0
0,286260,0
2,286346,0
0,286432,0
3,286517,0
1,286603,0
3,286689,0
6,286774,0
4,286860,0
6,286946,0
4,287032,0
0,287117,0
2,287203,0
0,287289,0
2,287374,0
5,287460,0
1,287546,0
5,287632,0
1,287717,0
4,287803,0
2,287889,0
4,287974,0
2,288060,0
5,288146,0
1,288232,0
5,288317,0
1,288403,0
4,288489,0
2,288574,0
4,288660,0
2,288746,0
5,288832,0
1,288917,0
5,289003,0
1,289089,0
4,289174,0
2,289260,0
4,289346,0
2,289432,0
5,289517,0
3,289603,0
1,289689,0
4,289774,0
2,289860,0
5,289946,0
3,290032,0
1,290117,0
6,290203,0
5,290246,0
4,290289,0
3,290332,0
0,290374,0
1,290417,0
2,290460,0
4,290503,0
5,290546,0
6,290589,0
3,290632,0
2,290674,0
1,290717,0
0,290760,0
6,290803,0
5,290846,0
4,290889,0
2,290932,0
1,290974,0
0,291017,0
3,291060,0
4,291103,0
5,291146,0
6,291189,0
1,291232,0
2,291274,0
3,291317,0
4,291360,0
0,291403,0
1,291446,0
2,291489,0
3,291532,0
6,291574,0
5,291617,0
4,291660,0
2,291703,0
1,291746,0
0,291789,0
4,291832,0
3,291874,0
2,291917,0
6,291960,0
5,292003,0
4,292046,0
0,292089,0
1,292132,0
2,292174,0
3,292217,0
6,292260,0
5,292303,0
4,292346,0
2,292389,0
1,292432,0
0,292474,0
4,292517,0
5,292560,0
6,292603,0
2,292646,0
3,292689,0
4,292732,0
0,292774,0
1,292817,0
2,292860,0
3,292903,0
5,292946,0
6,292946,0
4,293032,0
0,293117,0
2,293117,0
3,293203,0
1,293289,0
5,293289,0
6,293374,0
2,293460,0
4,293460,0
3,293546,0
0,293632,0
5,293632,0
1,293717,0
3,293803,0
6,293803,0
2,293889,0
0,293974,0
5,293974,0
4,294060,0
1,294146,0
6,294146,0
2,294232,0
0,294317,1,295346
4,294317,1,294574
1,294403,1,294489
2,294489,1,294574
3,294574,1,294660
1,294660,1,295346
5,294660,1,294917
2,294746,1,294832
3,294832,1,294917
4,294917,1,295003
2,295003,1,295346
6,295003,1,295260
3,295089,1,295174
4,295174,1,295260
5,295260,1,295346
3,295346,0
6,295346,0
0,295689,1,296032
3,295689,0
5,295689,1,295774
2,295774,1,295860
4,295860,1,296117
6,295946,1,296117
1,296032,1,296203
3,296032,0
5,296117,1,296289
3,296203,1,296374
1,296289,1,296374
2,296374,1,296460
5,296374,0
6,296374,1,296717
4,296460,1,296546
0,296546,1,296803
2,296632,1,296803
3,296717,0
5,296717,1,296889
1,296803,1,296974
3,296889,1,297060
5,296974,1,297060
0,297060,1,297403
2,297060,0
4,297060,1,297146
6,297146,1,297232
2,297232,1,297489
4,297317,1,297489
1,297403,1,297574
6,297403,0
5,297489,1,297660
3,297574,1,297746
1,297660,1,297746
2,297746,1,297832
4,297746,0
6,297746,1,298089
0,297832,1,297917
3,297917,1,298089
1,298003,1,298089
4,298089,0
5,298089,0
1,298260,0
3,298346,0
2,298432,1,298517
5,298432,0
6,298432,1,298774
4,298517,1,298603
0,298603,1,298860
2,298689,1,298860
4,298774,0
5,298774,1,298946
1,298860,1,299032
3,298946,1,299117
5,299032,1,299117
0,299117,1,299460
1,299117,0
4,299117,1,299203
2,299203,1,299289
6,299289,1,299546
4,299374,1,299546
1,299460,1,299632
3,299460,0
5,299546,1,299717
3,299632,1,299803
1,299717,1,299803
2,299803,1,299889
5,299803,0
6,299803,1,300146
4,299889,1,299974
0,299974,1,300232
2,300060,1,300232
3,300146,0
5,300146,1,300317
1,300232,1,300403
3,300317,1,300489
5,300403,1,300489
0,300489,1,300574
1,300489,0
2,300489,1,300660
4,300574,1,300746
6,300660,1,300746
1,300746,1,300917
4,300832,1,301003
5,300832,0
6,300832,1,300917
2,300917,1,301089
0,301003,1,301089
5,301089,1,301174
0,301174,1,301517
3,301174,0
4,301174,1,301260
2,301260,1,301346
5,301346,1,301603
3,301432,1,301603
1,301517,0
6,301517,1,301689
4,301603,1,301774
2,301689,1,301860
0,301774,1,301860
3,301860,1,301946
4,301860,0
6,301860,1,302203
5,301946,1,302032
1,302032,1,302289
3,302117,1,302289
0,302203,1,302374
5,302203,0
2,302289,1,302460
4,302374,1,302546
6,302460,1,302546
0,302546,1,302889
2,302546,0
3,302546,1,302632
1,302632,1,302717
5,302717,1,302974
3,302803,1,302974
1,302889,0
6,302889,1,303060
4,302974,1,303146
2,303060,1,303232
0,303146,1,303232
3,303232,1,303317
5,303232,0
6,303232,1,303574
1,303317,1,303403
4,303403,1,303574
2,303489,1,303574
0,303574,0
5,303574,0
3,303746,0
5,303832,0
0,303917,0
2,303917,0
4,303917,1,304089
1,304003,1,304174
3,304089,1,304260
5,304174,1,304260
0,304260,0
2,304260,0
6,304260,1,304432
4,304346,1,304517
2,304432,1,304603
0,304517,1,304603
4,304603,0
5,304603,1,304774
6,304603,0
3,304689,1,304860
1,304774,1,304860
4,304860,1,304946
0,304946,0
2,304946,0
5,304946,0
3,305032,1,305117
1,305117,1,305203
4,305203,1,305289
0,305289,0
2,305289,0
6,305289,1,305546
3,305374,1,305460
1,305460,0
5,305460,1,305546
3,305546,0
0,305632,1,305889
4,305632,0
6,305632,0
3,305717,1,305803
1,305803,1,305889
5,305803,0
3,305889,0
0,305974,0
4,305974,1,306146
6,305974,1,306060
1,306060,1,306232
3,306146,1,306317
6,306146,0
5,306232,1,306317
0,306317,0
2,306317,0
4,306317,0
3,306489,0
4,306574,0
1,306660,1,307003
2,306660,0
5,306660,1,306746
3,306746,1,306832
6,306832,1,307089
4,306917,1,307089
2,307003,1,307174
3,307003,0
0,307089,1,307174
3,307174,1,307346
1,307260,1,307346
0,307346,1,307689
4,307346,0
5,307346,1,307517
3,307432,1,307517
6,307517,1,307774
4,307603,1,307774
1,307689,1,307860
2,307689,0
3,307774,1,307860
0,307860,1,308032
2,307946,1,308032
1,308032,1,308374
4,308032,0
5,308032,1,308117
3,308117,1,308203
6,308203,1,308460
4,308289,1,308460
2,308374,1,308546
3,308374,0
0,308460,1,308546
3,308546,1,308717
1,308632,1,308717
0,308717,1,309060
4,308717,1,308889
6,308717,0
2,308803,1,308889
5,308889,1,309060
3,308974,1,309060
4,309060,0
6,309060,0
3,309232,0
2,309317,0
1,309403,1,309489
4,309403,0
5,309403,1,309746
3,309489,1,309574
0,309574,1,309832
2,309660,1,309832
3,309746,0
4,309746,1,309917
6,309832,1,309917
3,309917,1,310089
5,310003,1,310089
1,310089,1,310260
2,310089,0
6,310089,1,310432
3,310174,1,310260
0,310260,1,310517
2,310346,1,310517
4,310432,0
5,310432,1,310603
3,310517,1,310603
6,310603,1,310774
4,310689,1,310774
1,310774,1,310860
2,310774,0
5,310774,1,311117
3,310860,1,310946
0,310946,1,311203
2,311032,1,311203
3,311117,0
4,311117,1,311289
6,311203,1,311289
3,311289,1,311460
5,311374,1,311460
0,311460,1,311546
1,311460,0
2,311460,1,311632
4,311546,1,311717
6,311632,1,311717
1,311717,1,311803
4,311803,0
6,311803,0
1,311974,0
3,312060,0
4,312146,1,312317
6,312146,1,312317
0,312232,0
2,312317,0
4,312403,1,312574
6,312403,1,312574
0,312489,0
2,312574,0
4,312660,0
6,312660,0
3,312746,0
0,312832,1,313003
2,312832,1,313003
6,312917,0
4,313003,0
0,313089,1,313260
2,313089,1,313260
6,313174,0
4,313260,0
0,313346,0
2,313346,0
3,313432,0
5,313517,1,313689
6,313517,1,313689
1,313603,0
3,313689,0
5,313774,1,313946
6,313774,1,313946
1,313860,0
3,313946,0
5,314032,0
6,314032,0
4,314117,0
0,314203,1,314374
1,314203,1,314374
5,314289,0
3,314374,0
0,314460,1,314632
1,314460,1,314632
5,314546,0
3,314632,0
0,314717,0
1,314717,0
2,314803,0
5,314889,0
6,314889,0
3,314974,0
1,315060,0
5,315060,0
3,315146,0
0,315232,0
2,315232,0
4,315317,0
1,315403,0
6,315403,0
3,315489,0
0,315574,0
2,315574,0
4,315660,0
0,315746,0
2,315746,0
4,315832,0
1,315917,0
3,315917,0
5,316003,0
0,316089,0
2,316089,0
4,316174,0
6,316260,0
5,316303,0
4,316346,0
3,316389,0
0,316432,0
1,316474,0
2,316517,0
4,316560,0
5,316603,0
6,316646,0
3,316689,0
2,316732,0
1,316774,0
0,316817,0
6,316860,0
5,316903,0
4,316946,0
0,316989,0
1,317032,0
3,317074,0
4,317117,0
6,317160,0
2,317203,0
1,317246,0
0,317289,0
5,317289,0
4,317374,0
1,317460,0
3,317546,0
0,317632,0
5,317632,1,317717
2,317717,1,317803
4,317803,1,317889
1,317889,1,317974
0,317974,1,318317
3,317974,0
6,317974,1,318060
4,318060,1,318232
2,318146,1,318317
5,318232,1,318317
3,318317,0
6,318317,1,318403
4,318403,1,318574
6,318489,1,318660
3,318574,1,318660
0,318660,0
1,318660,1,319003
2,318660,1,318746
5,318746,1,318917
3,318832,1,319003
6,318917,1,319003
0,319003,1,319089
5,319003,0
2,319089,1,319260
0,319174,1,319346
5,319260,1,319346
3,319346,1,319689
4,319346,0
6,319346,1,319432
1,319432,1,319603
5,319517,1,319689
0,319603,1,319689
4,319689,1,319860
6,319689,1,319774
2,319774,1,319946
0,319860,1,319946
5,319946,1,320117
0,320032,1,320117
2,320032,1,320203
3,320032,0
4,320117,1,320289
6,320203,1,320289
3,320289,1,320374
0,320374,0
1,320374,1,320460
5,320374,0
4,320460,1,320632
1,320546,1,320717
5,320632,1,320717
0,320717,1,320803
3,320717,0
6,320717,1,321060
2,320803,1,320974
4,320889,1,321060
1,320974,1,321060
3,321060,0
5,321060,1,321146
2,321146,1,321317
5,321232,1,321403
3,321317,1,321403
0,321403,1,321746
4,321403,1,321489
6,321403,0
1,321489,1,321660
3,321574,1,321746
5,321660,1,321746
2,321746,0
6,321746,1,321832
4,321832,1,322003
6,321917,1,322089
1,322003,1,322089
0,322089,1,322174
2,322089,0
5,322089,1,322432
3,322174,1,322346
1,322260,1,322432
6,322346,1,322432
0,322432,1,322517
2,322432,1,322603
4,322517,1,322689
6,322603,1,322689
1,322689,1,322860
3,322774,0
4,322774,1,322946
6,322774,1,322860
2,322860,1,323032
0,322946,1,323032
3,323032,1,323117
1,323117,0
5,323117,1,323203
6,323117,0
2,323203,1,323374
5,323289,1,323460
1,323374,1,323460
0,323460,1,323803
3,323460,0
6,323460,1,323546
4,323546,1,323717
2,323632,1,323803
5,323717,1,323803
1,323803,1,323889
6,323803,0
3,323889,1,324060
1,323974,1,324146
4,324060,1,324146
0,324146,0
2,324146,1,324232
6,324146,1,324489
5,324232,1,324403
3,324317,1,324489
1,324403,1,324489
0,324489,1,324574
4,324489,0
2,324574,1,324746
0,324660,1,324832
5,324746,1,324832
3,324832,1,325174
4,324832,0
6,324832,1,324917
1,324917,1,325089
5,325003,1,325174
0,325089,1,325174
4,325174,1,325346
6,325174,1,325260
2,325260,1,325432
0,325346,1,325432
5,325432,1,325603
0,325517,1,325603
2,325517,1,325689
3,325517,0
4,325603,1,325774
6,325689,1,325774
1,325774,1,325860
0,325860,0
3,325860,1,325946
5,325860,0
4,325946,1,326117
2,326032,1,326203
5,326117,1,326203
0,326203,0
3,326203,1,326289
6,326203,1,326546
2,326289,1,326460
4,326374,1,326546
0,326460,1,326546
3,326546,1,326632
5,326546,0
1,326632,1,326803
5,326717,1,326889
4,326803,1,326889
0,326889,1,327232
2,326889,1,326974
6,326889,0
5,326974,1,327146
1,327060,1,327232
3,327146,1,327232
4,327232,0
6,327232,0
1,327403,0
3,327403,0
0,327489,0
2,327489,0
3,327660,0
5,327660,0
4,327746,0
6,327746,0
0,327917,0
2,327917,0
4,328003,0
6,328003,0
0,328089,0
2,328089,0
4,328174,0
6,328174,0
0,328260,0
1,328260,0
3,328260,0
2,328432,0
4,328517,0
0,328603,0
6,328603,1,328946
4,328774,0
2,328860,0
0,328946,0
1,328989,0
2,329032,0
4,329074,0
5,329117,0
6,329160,0
3,329203,0
2,329246,0
1,329289,0
6,329332,0
5,329374,0
4,329417,0
0,329460,0
1,329503,0
2,329546,0
4,329589,0
5,329632,0
6,329674,0
3,329717,0
2,329760,0
1,329803,0
0,329846,0
6,329889,0
5,329932,0
4,329974,0
3,330017,0
0,330060,0
1,330103,0
2,330146,0
4,330189,0
5,330232,0
6,330274,0
3,330317,0
2,330360,0
1,330403,0
0,330446,0
6,330489,0
5,330532,0
3,330574,0
0,330617,0
1,330660,0
2,330703,0
4,330746,0
5,330789,0
6,330832,0
3,330874,0
1,330917,0
0,330960,0
5,331003,0
4,331046,0
2,331089,0
1,331132,0
6,331174,0
5,331217,0
3,331260,0
2,331303,0
0,331346,0
1,331389,0
3,331432,0
5,331474,0
6,331517,0
1,331560,0
2,331603,0
4,331646,0
6,331689,0
0,331732,0
1,331774,0
3,331817,0
5,331860,0
4,331903,0
2,331946,0
1,331989,0
0,332032,0
6,332074,0
5,332117,0
3,332160,0
2,332203,0
1,332246,0
4,332289,0
5,332332,0
0,332374,0
1,332417,0
3,332460,0
5,332503,0
6,332546,0
4,332589,0
2,332632,0
1,332674,0
0,332717,0
5,332760,0
3,332803,0
1,332846,0
6,332889,0
4,332932,0
2,332974,0
1,333017,0
0,333060,0
3,333103,0
5,333146,0
6,333189,0
0,333232,0
1,333274,0
2,333317,0
6,333360,0
5,333403,0
3,333446,0
1,333489,0
0,333532,0
4,333574,0
6,333574,0
3,333632,0
5,333689,0
0,333746,0
2,333746,0
3,333832,0
1,333917,0
5,333917,0
3,334003,0
2,334089,0
4,334089,0
6,334089,0
0,334174,0
5,334260,0
0,334346,0
2,334432,0
4,334432,0
6,334432,0
1,334517,0
5,334603,0
1,334689,0
0,334774,0
4,334774,0
6,334774,0
2,334860,0
5,334946,0
2,335032,0
0,335117,0
4,335117,0
6,335117,0
3,335203,0
5,335289,0
3,335374,0
0,335460,0
2,335460,0
4,335460,0
6,335546,0
1,335632,0
6,335717,0
0,335803,0
2,335803,0
4,335803,0
5,335889,0
1,335974,0
5,336060,0
0,336146,0
2,336146,0
6,336146,0
4,336232,0
1,336317,0
4,336403,0
0,336489,0
2,336489,0
6,336489,0
3,336574,0
1,336660,0
3,336746,0
6,336832,0
5,336874,0
4,336917,0
0,336960,0
1,337003,0
2,337046,0
4,337089,0
5,337132,0
6,337174,0
3,337217,0
2,337260,0
1,337303,0
0,337346,0
5,337389,0
4,337432,0
3,337474,0
0,337517,0
1,337560,0
2,337603,0
6,337646,0
5,337689,0
4,337732,0
2,337774,0
1,337817,0
0,337860,0
3,337903,0
4,337946,0
5,337989,0
6,338032,0
1,338074,0
2,338117,0
3,338160,0
4,338203,0
5,338203,0
6,338203,0
0,338289,0
2,338374,0
4,338460,0
5,338460,0
6,338460,0
1,338546,0
3,338632,0
0,338717,0
2,338717,0
6,338717,0
4,338803,0
1,338889,0
5,338889,0
3,338974,0
1,339060,0
5,339060,0
4,339146,0
0,339232,0
2,339232,0
5,339317,0
6,339317,0
1,339403,0
3,339403,0
2,339489,0
4,339489,0
0,339574,1,339660
5,339574,0
6,339574,1,340174
1,339660,1,339746
2,339746,1,339832
4,339832,0
5,339832,1,340174
2,339917,1,340003
1,340003,1,340089
0,340089,1,340174
3,340089,0
5,340260,0
6,340260,0
5,340346,0
6,340346,0
0,340432,0
1,340432,0
0,340517,0
1,340517,0
2,340603,0
3,340603,0
4,340603,0
4,340774,0
6,340774,0
2,340860,0
0,340946,1,341460
1,340946,0
6,340946,1,341032
5,341032,1,341117
4,341117,1,341203
1,341203,1,341460
2,341203,0
4,341289,1,341374
5,341374,1,341460
3,341460,0
6,341460,1,341546
0,341632,0
2,341632,1,341803
3,341632,0
6,341803,0
1,341889,0
3,341889,1,342060
4,341889,0
0,342146,0
2,342146,0
4,342232,0
0,342317,1,342403
5,342317,0
6,342317,1,342917
1,342403,1,342489
2,342489,1,342574
4,342574,0
5,342574,1,342917
2,342660,1,342746
1,342746,1,342832
0,342832,1,342917
3,342832,0
4,343003,0
5,343003,0
4,343089,0
5,343089,0
1,343174,0
2,343174,0
1,343260,0
2,343260,0
4,343346,0
5,343346,0
6,343346,0
3,343517,0
5,343517,0
2,343603,0
0,343689,1,344289
1,343689,0
6,343689,1,343774
5,343774,1,343860
3,343860,1,343946
1,343946,1,344289
2,343946,0
4,344032,1,344117
6,344117,1,344203
2,344203,0
5,344203,1,344289
4,344289,0
0,344374,0
3,344374,1,344546
6,344374,0
3,344632,0
1,344717,0
5,344717,0
4,344803,0
2,344889,0
3,344974,0
4,345060,1,345232
6,345060,1,345232
0,345146,0
2,345232,0
4,345317,1,345489
6,345317,1,345489
0,345403,0
2,345489,0
4,345574,0
6,345574,0
3,345660,0
0,345746,1,345917
2,345746,1,345917
6,345832,0
4,345917,0
0,346003,1,346174
2,346003,1,346174
6,346089,0
4,346174,0
0,346260,0
2,346260,0
3,346346,0
5,346432,1,346603
6,346432,1,346603
1,346517,0
3,346603,0
5,346689,1,346860
6,346689,1,346860
1,346774,0
3,346860,0
5,346946,0
6,346946,0
4,347032,0
0,347117,0
2,347117,0
2,347203,0
5,347289,0
1,347374,0
3,347374,0
5,347460,1,347632
2,347632,0
1,347803,0
6,347803,0
3,347889,0
5,347974,0
2,348060,0
0,348146,0
6,348146,0
3,348232,0
1,348317,0
4,348403,0
0,348489,0
6,348489,0
3,348574,0
5,348660,0
2,348746,0
0,348832,0
6,348832,0
3,348917,0
1,349003,0
4,349089,0
6,349174,1,349260
0,349260,1,349346
6,349346,1,349432
0,349432,1,349517
3,349517,0
5,349603,0
1,349689,0
3,349774,0
6,349860,0
4,349946,0
0,350032,0
2,350117,0
4,350203,0
6,350203,0
1,350546,0
3,350546,0
5,350546,0
0,350889,0
5,350889,0
3,350974,0
0,351060,0
5,351060,0
3,351146,0
1,351232,0
6,351232,0
4,351317,0
1,351403,0
6,351403,0
4,351489,0
0,351574,0
2,351574,0
5,351660,0
0,351746,0
2,351746,0
5,351832,0
1,351917,0
3,351917,0
6,352003,0
1,352089,0
3,352089,0
6,352174,0
2,352260,0
4,352260,0
5,352346,0
2,352432,0
4,352432,0
5,352517,0
0,352603,0
1,352603,0
1,352689,0
4,352774,0
6,352774,0
4,352860,0
0,352946,0
2,352946,0
3,353032,0
6,353117,0
4,353203,0
1,353289,0
3,353289,0
1,353632,0
6,353632,0
3,353717,0
1,353803,0
6,353803,0
3,353889,0
0,353974,0
5,353974,0
2,354060,0
0,354146,0
5,354146,0
2,354232,0
4,354317,0
6,354317,0
1,354403,0
4,354489,0
6,354489,0
1,354574,0
3,354660,0
5,354660,0
0,354746,0
2,354832,0
4,354832,0
0,354917,0
3,355003,0
5,355003,0
1,355089,0
4,355174,0
6,355174,0
1,355260,0
2,355346,0
5,355346,0
4,355432,0
0,355517,0
6,355517,0
3,355603,0
1,355689,0
5,355689,0
0,355860,0
1,355860,0
2,355860,0
4,356032,0
6,356032,0
2,356117,0
4,356203,0
6,356203,0
2,356289,0
3,356374,0
5,356374,0
1,356460,0
3,356546,0
5,356546,0
1,356632,0
4,356717,0
6,356717,0
3,356803,0
0,356889,0
2,356889,0
4,356974,0
2,357060,0
6,357060,0
4,357146,0
0,357232,0
3,357232,0
1,357317,0
2,357403,0
5,357403,0
3,357489,0
0,357574,0
5,357574,0
3,357660,0
1,357746,0
6,357746,0
4,357832,0
2,357917,0
6,357917,0
4,358003,0
1,358089,0
5,358089,0
3,358174,0
0,358260,0
5,358260,0
1,358346,0
4,358432,0
6,358432,0
2,358517,0
1,358603,0
5,358603,0
4,358689,0
0,358774,0
3,358774,1,360489
6,358860,0
1,358946,0
4,358946,0
5,359032,0
0,359117,0
2,359203,0
1,359289,0
6,359289,0
4,359374,0
0,359460,0
2,359546,0
4,359632,0
6,359632,0
1,359717,0
0,359803,0
5,359889,0
1,359974,0
6,359974,0
4,360060,0
0,360146,0
2,360232,0
1,360317,0
6,360317,0
5,360403,0
0,360489,0
2,360489,0
4,360574,0
2,360660,0
6,360660,0
4,360746,0
0,360832,1,361003
6,360832,1,361003
3,361003,0
1,361089,1,361260
5,361089,1,361260
4,361260,0
3,361346,0
2,361432,0
0,361517,0
1,361517,0
3,361603,0
6,361689,0
5,361732,0
4,361774,0
2,361817,0
1,361860,0
0,361903,0
3,361946,0
4,361989,0
5,362032,0
6,362074,0
0,362117,0
1,362160,0
2,362203,0
5,362246,0
4,362289,0
3,362332,0
2,362374,0
6,362417,0
5,362460,0
4,362503,0
0,362546,0
1,362589,0
2,362632,0
4,362674,0
5,362717,0
6,362760,0
3,362803,0
2,362846,0
1,362889,0
0,362932,0
4,362974,0
5,363017,0
6,363060,0
1,363103,0
2,363146,0
3,363189,0
6,363232,0
5,363274,0
4,363317,0
2,363360,0
1,363403,0
0,363446,0
3,363489,0
4,363532,0
5,363574,0
0,363617,0
1,363660,0
3,363703,0
5,363746,0
6,363789,0
2,363832,0
4,363917,0
1,364003,0
3,364046,0
5,364089,0
6,364089,0
2,364174,0
1,364260,0
4,364260,0
5,364346,0
0,364432,0
1,364474,0
2,364517,0
3,364560,0
6,364603,0
5,364646,0
4,364689,0
2,364732,0
1,364774,0
0,364817,0
3,364860,0
4,364903,0
5,364946,0
6,364989,0
0,365032,0
1,365074,0
2,365117,0
5,365160,0
4,365203,0
3,365246,0
2,365289,0
6,365332,0
5,365374,0
4,365417,0
0,365460,0
1,365503,0
2,365546,0
3,365589,0
6,365632,0
4,365674,0
1,365717,0
2,365760,0
3,365803,0
5,365846,0
0,365889,0
2,365932,0
6,365974,0
4,366017,0
3,366060,0
1,366103,0
0,366146,0
6,366189,0
5,366232,0
3,366274,0
0,366317,0
1,366360,0
2,366403,0
4,366446,0
5,366489,0
3,366532,0
1,366574,0
4,366617,0
0,366660,1,366746
6,366660,1,366746
2,366746,1,366832
4,366832,1,366917
6,366917,1,367003
0,367003,0
1,367046,0
2,367089,0
3,367132,0
4,367174,0
5,367217,0
6,367260,0
3,367303,0
2,367346,0
1,367389,0
0,367432,0
6,367474,0
5,367517,0
4,367560,0
3,367603,0
2,367646,0
1,367689,0
0,367732,0
3,367774,0
4,367817,0
5,367860,0
6,367903,0
0,367946,0
1,367989,0
2,368032,0
3,368074,0
4,368117,0
5,368160,0
6,368203,0
3,368246,0
2,368289,0
1,368332,0
0,368374,0
6,368417,0
5,368460,0
4,368503,0
3,368546,0
2,368589,0
1,368632,0
0,368674,0
3,368717,0
4,368760,0
5,368803,0
6,368846,0
0,368889,0
1,368932,0
2,368974,0
3,369017,0
6,369060,0
5,369103,0
4,369146,0
2,369189,0
1,369232,0
0,369274,0
3,369317,0
4,369360,0
5,369403,0
6,369403,0
3,369489,0
0,369574,0
1,369574,0
3,369746,1,371289
6,369746,0
5,369789,0
4,369832,0
2,369874,0
1,369917,0
0,369960,0
4,370003,0
5,370046,0
6,370089,0
0,370132,0
1,370174,0
2,370217,0
6,370260,0
5,370303,0
4,370346,0
2,370389,0
1,370432,0
0,370474,0
4,370517,0
5,370560,0
6,370603,0
0,370646,0
1,370689,0
2,370732,0
6,370774,0
5,370817,0
4,370860,0
2,370903,0
1,370946,0
0,370989,0
4,371032,0
5,371074,0
6,371117,0
0,371160,0
1,371203,0
2,371246,0
6,371289,0
5,371332,0
4,371374,0
3,371417,0
2,371460,0
1,371503,0
0,371546,0
6,371589,0
5,371632,0
4,371674,0
3,371717,0
2,371760,0
0,371803,0
1,371803,0
5,371889,0
6,371889,0
3,371974,0
0,372060,0
1,372060,0
5,372146,0
6,372146,0
2,372232,0
1,372317,0
4,372317,0
6,372403,0
0,372489,0
2,372489,0
4,372489,0
1,372574,0
5,372574,0
3,372660,0
5,372746,0
0,372832,0
1,372832,0
2,372832,0
4,372917,0
6,372917,0
0,373089,0
1,373089,0
2,373089,0
4,373174,0
6,373174,0
0,373346,0
1,373346,0
2,373346,0
6,373432,0
4,373517,0
0,373603,0
2,373603,0
1,373689,0
5,373689,0
2,373860,0
4,373860,0
6,373860,0
1,373946,0
5,373946,0
3,374032,0
1,374117,0
4,374203,0
5,374203,0
6,374203,0
0,374289,0
2,374289,0
4,374460,0
5,374460,0
6,374460,0
0,374546,0
2,374546,0
4,374717,0
5,374717,0
6,374717,0
0,374803,0
3,374889,0
6,374974,0
1,375060,0
4,375146,0
0,375232,0
2,375232,0
6,375232,0
1,375317,0
5,375317,0
3,375403,0
5,375489,0
0,375574,0
1,375574,0
2,375574,0
4,375660,0
6,375660,0
0,375832,0
1,375832,0
2,375832,0
4,375917,0
6,375917,0
0,376089,0
1,376089,0
2,376089,0
6,376174,0
4,376260,0
0,376346,0
2,376346,0
1,376432,0
5,376432,0
2,376603,0
4,376603,0
6,376603,0
1,376689,0
5,376689,0
3,376774,0
1,376860,0
4,376946,0
5,376946,0
6,376946,0
0,377032,0
2,377032,0
4,377203,0
5,377203,0
6,377203,0
0,377289,0
2,377289,0
4,377460,0
5,377460,0
6,377460,0
1,377546,0
3,377632,0
5,377717,0
2,377803,0
1,377889,0
0,377974,1,379003
4,377974,0
6,377974,0
3,378060,0
6,378146,0
3,378232,0
1,378317,0
5,378317,0
2,378403,0
5,378489,0
2,378574,0
4,378660,0
6,378660,0
3,378746,0
6,378832,0
3,378917,0
1,379003,0
5,379003,0
2,379089,0
5,379174,0
2,379260,0
0,379346,0
4,379346,0
6,379346,1,380374
3,379432,0
0,379517,0
3,379603,0
1,379689,0
5,379689,0
4,379774,0
1,379860,0
4,379946,0
0,380032,0
2,380032,0
3,380117,0
0,380203,0
3,380289,0
1,380374,0
5,380374,0
3,380546,0
5,380717,0
6,380717,0
2,380803,0
4,380803,0
6,380889,0
5,380932,0
3,380974,0
2,381017,0
0,381060,0
1,381060,0
4,381146,0
6,381146,0
1,381232,0
3,381274,0
5,381317,0
6,381317,0
0,381403,0
2,381403,0
5,381489,0
3,381532,0
0,381574,0
1,381574,0
4,381660,0
6,381660,0
1,381746,0
3,381789,0
5,381832,0
6,381832,0
0,381917,0
2,381917,0
4,382003,0
3,382046,0
0,382089,0
1,382089,0
2,382089,0
4,382174,0
5,382174,0
6,382174,0
3,382260,0
5,382346,0
0,382432,0
1,382432,0
2,382432,0
4,382517,0
5,382517,0
6,382517,0
3,382603,0
4,382689,0
5,382689,0
6,382689,0
0,382774,0
1,382774,0
2,382774,0
3,382860,0
0,382946,0
1,382946,0
2,382946,0
4,383032,0
5,383032,0
6,383032,0
0,383117,1,383374
2,383117,1,383203
4,383203,1,383289
1,383289,1,383374
3,383374,1,383460
2,383460,0
5,383460,0
6,383460,1,394432
1,383974,0
0,384489,1,388946
5,388946,1,389460
3,389460,0
4,389632,1,390146
2,390146,0
3,390317,1,390832
1,390832,0
2,391003,1,394432
1,394432,0
3,394432,0
5,394432,1,396637
0,394961,1,396637
3,395137,1,395226
2,395490,1,396637
3,396549,1,396637
0,397079,1,399461
2,397255,1,397784
6,397784,1,398314
1,397961,1,399461
3,397961,1,398049
4,398490,1,399461
6,398667,1,399461
3,399373,1,399461
6,400079,1,415788
5,400624,1,403588
3,400806,1,400897
1,401169,1,402988
3,402260,1,402351
0,402988,1,415788
1,403588,1,404788
3,403788,1,403888
4,404188,1,415788
3,405388,1,405488
