0,409,1,559
1,409,1,559
2,409,1,1159
3,409,1,1309
0,709,1,859
1,709,1,859
0,1159,1,1309
1,1159,1,1309
2,1309,1,2059
0,1609,1,1759
1,1609,1,1759
3,1609,1,2209
0,1909,1,2059
1,1909,1,2059
2,2209,1,2509
1,2359,1,2509
3,2359,1,2509
0,2509,1,3709
1,2809,1,4159
2,2809,1,2959
3,2809,1,2959
2,3109,1,3259
3,3109,1,3259
2,3559,1,3709
3,3559,1,3709
0,4009,1,4459
2,4009,1,4159
3,4009,1,4159
1,4309,1,4459
2,4309,1,4459
3,4459,0
2,4509,0
1,4559,0
0,4609,0
2,4659,0
3,4709,0
0,4759,0
1,4759,0
2,4909,0
1,4959,0
0,5009,0
3,5059,0
1,5109,0
2,5159,0
0,5209,1,5359
1,5209,1,7009
3,5209,1,5359
0,5509,1,5659
3,5509,1,5659
2,5659,1,5809
0,5959,1,6109
3,5959,1,6109
2,6109,1,6259
0,6409,1,6559
3,6409,1,6559
0,6709,1,6859
3,6709,1,6859
2,6859,1,7009
3,7009,1,7534
0,7159,1,7234
1,7159,1,7234
0,7309,1,7534
1,7309,1,7534
2,7309,1,7534
0,7609,1,7834
1,7609,1,7834
2,7609,0
3,7609,1,7834
0,7909,1,8209
2,7909,1,8209
3,7909,1,8209
1,8059,1,8209
0,8359,1,8584
1,8359,1,8584
3,8359,1,8584
2,8509,1,8584
1,8659,0
2,8734,0
0,8809,0
1,8809,0
3,8809,0
2,8884,0
0,8959,0
1,8959,0
2,9034,0
3,9034,0
0,9109,1,9259
1,9109,1,9259
2,9259,0
1,9309,0
0,9359,0
2,9409,0
3,9409,1,9709
1,9559,1,9709
2,9559,1,9709
0,9709,0
1,9759,0
2,9809,0
3,9859,0
0,9909,0
1,9959,0
2,10009,1,11209
3,10009,0
0,10309,1,10459
1,10309,1,10459
3,10309,0
0,10609,0
3,10609,0
0,10759,1,10909
1,10759,1,10909
3,10909,0
0,11209,0
1,11209,1,11359
3,11209,0
2,11359,0
3,11434,1,11659
2,11471,0
0,11509,1,11659
1,11509,1,11659
2,11659,1,12109
0,11809,0
3,11809,0
0,11959,1,12109
1,11959,1,12109
3,12109,0
0,12259,0
1,12259,0
2,12259,0
0,12409,1,13909
2,12409,1,12559
3,12409,1,12559
1,12709,0
2,12709,1,12859
3,12709,1,12859
1,13009,0
3,13009,0
2,13159,1,13309
3,13159,1,13309
1,13309,0
1,13609,0
2,13609,1,13759
3,13609,1,13759
1,13909,0
2,13909,1,14059
3,13909,1,14059
0,14059,0
1,14096,0
2,14134,0
3,14171,0
0,14209,0
1,14209,0
2,14284,0
3,14284,0
0,14359,0
1,14359,0
2,14434,0
3,14434,0
0,14509,0
1,14559,0
2,14609,0
0,14659,0
3,14659,0
1,14734,0
0,14809,1,14959
2,14809,1,14959
3,14809,1,16459
0,15109,1,15259
1,15109,1,15259
2,15109,1,15259
0,15409,0
1,15409,0
0,15559,1,15709
2,15559,1,15709
1,15709,0
0,16009,1,16159
1,16009,1,16159
2,16009,1,16159
0,16234,0
1,16234,0
2,16309,1,16609
0,16459,1,16609
1,16459,1,16609
3,16609,1,16759
0,16684,0
1,16684,0
2,16759,1,16909
0,16909,1,17059
1,16909,1,17059
3,16909,0
3,17059,0
2,17096,0
1,17134,0
0,17171,0
2,17209,1,17359
3,17209,1,18109
0,17509,1,17659
1,17509,1,17659
2,17509,1,17659
0,17809,0
1,17809,0
2,17959,1,18109
0,18109,0
1,18109,0
2,18184,0
3,18184,0
0,18259,0
1,18259,0
2,18334,0
3,18334,0
0,18409,1,18859
1,18409,1,18859
3,18409,1,18709
2,18859,0
3,18859,0
0,18934,0
1,18934,0
2,19009,0
3,19009,0
0,19084,0
1,19084,0
2,19159,0
3,19159,0
1,19234,0
0,19309,0
3,19309,0
2,19384,0
0,19459,0
1,19459,0
2,19534,0
0,19609,1,19834
1,19609,1,19834
3,19609,1,19834
0,19909,0
2,19909,0
3,19909,0
0,20059,0
1,20059,0
3,20059,0
0,20209,0
2,20209,0
3,20209,0
1,20359,0
2,20434,0
0,20509,0
1,20509,0
3,20509,0
2,20659,0
0,20809,1,21034
1,20809,1,21034
2,20809,1,21034
3,20809,1,21034
2,21109,0
3,21109,0
0,21184,0
1,21184,0
2,21259,0
3,21259,0
0,21334,0
1,21409,0
2,21409,0
0,21484,0
3,21484,0
1,21559,0
2,21559,0
3,21634,0
0,21709,0
1,21709,0
0,21859,0
1,21859,0
0,22009,1,22234
1,22009,1,22234
2,22009,1,22234
3,22009,1,22234
0,22309,0
2,22309,0
3,22309,0
0,22459,0
1,22459,0
3,22459,0
0,22609,0
3,22609,0
2,22646,0
1,22684,0
0,22759,0
3,22759,0
1,22909,0
2,22909,0
0,23059,0
3,23059,0
0,23209,1,23434
1,23209,0
2,23209,1,23434
3,23209,1,23434
1,23359,1,23434
0,23509,0
2,23509,0
3,23509,0
1,23584,0
0,23659,0
3,23659,0
2,23809,0
3,23809,0
0,23884,0
1,23884,0
2,23959,0
3,23959,0
0,24109,0
1,24109,0
3,24109,0
0,24259,0
3,24259,0
2,24334,0
0,24409,0
1,24409,0
3,24409,0
2,24484,0
0,24559,0
1,24559,0
2,24634,0
3,24634,0
0,24709,0
1,24709,0
2,24784,0
3,24784,0
0,24859,0
1,24859,0
2,24934,0
3,24934,0
0,25009,1,25084
1,25009,1,25084
1,25159,1,25234
2,25159,1,25234
2,25309,1,25384
3,25309,1,25384
2,25459,1,25534
3,25459,1,25534
0,25534,0
1,25571,0
2,25609,0
3,25609,0
0,25684,0
1,25684,0
2,25759,0
3,25759,0
0,25834,0
1,25834,0
2,25909,0
3,25909,0
0,25984,0
1,25984,0
2,26059,0
3,26059,0
0,26134,0
1,26134,0
2,26209,1,26284
3,26209,1,26284
1,26359,1,26434
2,26359,1,26434
0,26509,1,26584
1,26509,1,26584
0,26659,1,26734
1,26659,1,26734
2,26809,0
3,26809,0
2,26884,0
3,26884,0
0,26959,0
1,26959,0
0,27034,0
1,27034,0
2,27109,0
3,27109,0
2,27184,0
3,27184,0
0,27259,0
1,27259,0
0,27334,0
1,27334,0
3,27409,0
2,27446,0
1,27484,0
0,27521,0
3,27559,0
2,27596,0
0,27634,0
1,27671,0
2,27709,0
3,27746,0
0,27784,0
1,27821,0
3,27859,0
2,27896,0
1,27934,0
0,27971,0
3,28009,0
2,28059,0
1,28109,0
3,28159,0
0,28209,0
2,28259,0
1,28309,0
0,28359,0
2,28409,0
3,28459,0
1,28534,0
2,28571,0
0,28609,0
1,28684,0
3,28759,0
2,28834,0
0,28909,0
1,28909,0
3,28909,0
0,29059,0
2,29059,0
0,29209,1,29509
1,29209,1,29509
2,29209,1,29509
3,29209,1,29509
0,29659,1,29809
1,29659,1,29809
3,29659,1,29809
0,29959,1,30109
2,29959,1,30109
3,29959,1,30109
1,30259,1,30409
2,30259,1,30409
3,30259,1,30409
0,30559,1,30709
1,30559,1,30709
2,30559,0
3,30709,0
2,30746,0
1,30784,0
0,30821,0
3,30859,0
2,30896,0
0,30934,0
1,30971,0
2,31009,1,31159
3,31009,1,31159
0,31159,0
1,31209,0
2,31259,0
0,31309,0
3,31359,0
2,31409,0
0,31459,0
1,31509,0
3,31559,0
0,31609,1,31759
1,31609,1,31759
2,31609,1,31759
3,31759,1,31909
0,31909,1,32209
1,31909,1,32209
2,31909,1,32209
3,32059,1,32209
0,32359,1,32509
1,32359,1,32509
3,32359,1,32509
0,32659,1,32809
1,32659,1,32809
2,32659,1,32809
1,32959,0
2,32959,1,33109
3,32959,1,33109
0,33109,0
1,33146,0
2,33184,0
3,33221,0
0,33259,0
1,33296,0
3,33334,0
2,33371,0
0,33409,1,33559
1,33409,1,33559
3,33559,0
2,33609,0
1,33659,0
3,33709,0
0,33759,0
1,33809,0
3,33859,0
2,33909,0
0,33959,0
1,34009,1,34084
2,34009,1,34084
3,34009,1,34084
1,34159,1,34309
2,34159,1,34309
3,34159,1,34309
0,34459,1,34609
1,34459,1,34609
3,34459,1,34609
0,34759,1,34909
2,34759,1,34909
3,34759,1,34909
0,35059,1,35209
1,35059,1,35209
3,35059,1,35209
0,35359,1,35509
2,35359,1,35509
3,35359,1,35509
1,35509,0
2,35559,0
3,35609,0
0,35659,0
2,35709,0
1,35759,0
0,35809,0
2,35809,1,35959
3,35809,1,35959
1,35959,0
2,36009,0
3,36059,0
0,36109,0
2,36159,0
1,36209,0
0,36259,0
3,36309,0
2,36359,0
0,36409,0
1,36409,0
3,36409,0
0,36559,0
1,36559,0
2,36634,0
0,36709,0
1,36709,0
3,36709,0
0,36859,0
1,36859,0
1,37009,0
2,37009,0
3,37009,0
3,37159,0
2,37196,0
1,37234,0
0,37271,0
2,37309,0
3,37309,0
0,37459,0
1,37459,0
3,37459,0
0,37609,0
2,37609,0
0,37759,0
2,37759,0
3,37759,0
1,37859,0
2,37909,0
3,37959,0
0,38009,0
2,38059,0
1,38109,0
0,38159,0
2,38209,0
3,38209,0
1,38259,0
2,38309,0
3,38359,0
0,38409,0
1,38459,0
3,38509,0
2,38546,0
1,38584,0
0,38621,0
3,38659,0
2,38696,0
0,38734,0
1,38771,0
2,38809,1,39109
3,38809,1,39109
1,38959,1,39109
0,38959,1,39109
0,39259,1,39409
2,39259,1,39409
3,39259,1,39409
0,39559,1,39709
1,39559,1,39709
3,39559,1,39709
0,39859,1,40009
1,39859,1,40009
2,39859,1,40009
1,40159,0
2,40159,1,40309
3,40159,1,40309
0,40309,0
1,40346,0
2,40384,0
3,40421,0
0,40459,0
1,40496,0
3,40534,0
2,40571,0
0,40609,1,40759
1,40609,1,40759
3,40759,0
2,40809,0
1,40859,0
3,40909,0
0,40959,0
1,41009,0
3,41059,0
2,41109,0
0,41159,0
1,41209,1,41359
2,41209,1,41359
3,41209,1,41359
0,41359,1,41509
1,41509,1,41809
2,41509,1,41809
3,41509,1,41809
0,41659,1,41809
0,41959,1,42109
2,41959,1,42109
3,41959,1,42109
1,42259,1,42409
2,42259,1,42409
3,42259,1,42409
0,42559,1,42709
1,42559,1,42709
2,42559,0
3,42709,0
2,42746,0
1,42784,0
0,42821,0
3,42859,0
2,42896,0
0,42934,0
1,42971,0
2,43009,1,43159
3,43009,1,43159
0,43159,0
1,43209,0
2,43259,0
0,43309,0
3,43359,0
2,43409,0
0,43459,0
1,43509,0
3,43559,0
0,43609,1,43684
1,43609,1,43684
2,43609,1,43684
0,43759,1,43909
1,43759,1,43909
2,43759,1,43909
0,44059,1,44209
2,44059,1,44209
3,44059,1,44209
0,44359,1,44509
1,44359,1,44509
3,44359,1,44509
0,44659,1,44809
2,44659,1,44809
3,44659,1,44809
0,44959,1,45109
1,44959,1,45109
3,44959,1,45109
2,45109,0
1,45159,0
0,45209,0
3,45259,0
1,45309,0
2,45359,0
0,45409,1,45559
1,45409,1,45559
3,45409,0
2,45559,0
1,45609,0
0,45659,0
3,45709,0
1,45759,0
2,45809,0
3,45859,0
0,45909,0
1,45959,0
3,46009,0
2,46046,0
1,46084,0
0,46121,0
3,46159,0
2,46196,0
0,46234,0
1,46271,0
2,46309,0
3,46309,0
1,46459,0
3,46459,0
0,46609,0
1,46609,0
2,46609,0
0,46759,0
3,46759,0
2,46834,0
0,46909,0
1,46909,0
2,46946,0
3,46984,0
0,47021,0
1,47059,0
3,47096,0
2,47134,0
1,47171,0
0,47209,1,47359
3,47209,1,47359
1,47359,0
2,47434,0
0,47509,1,47659
1,47509,1,47659
3,47509,1,47659
2,47659,0
1,47734,0
0,47809,0
3,47809,0
2,47859,0
1,47909,0
0,47959,0
3,48009,0
2,48059,0
0,48109,0
1,48109,0
2,48159,0
3,48209,0
0,48259,0
1,48309,0
2,48359,0
0,48409,1,48559
1,48409,1,48559
3,48409,1,48559
2,48559,1,48709
0,48709,0
1,48709,1,48859
3,48709,0
0,48859,1,49009
2,48859,0
1,49009,0
2,49009,1,49159
0,49159,0
1,49159,1,49309
3,49159,0
2,49309,0
3,49309,1,49459
1,49459,0
2,49459,1,49609
0,49609,1,49759
1,49609,0
3,49609,0
1,49759,1,49909
2,49759,0
0,49909,0
2,49909,1,50059
3,49909,0
1,50059,0
3,50059,1,50209
0,50209,0
1,50259,0
2,50309,0
0,50359,0
3,50409,0
2,50459,0
1,50509,0
0,50546,0
3,50584,0
2,50621,0
0,50659,0
1,50696,0
3,50734,0
2,50771,0
0,50809,1,50959
1,50809,0
1,50959,1,51109
2,50959,0
0,51109,0
2,51109,1,51259
3,51109,0
1,51259,0
3,51259,1,51409
1,51409,1,51559
2,51409,0
0,51559,0
2,51559,1,51709
3,51559,0
0,51709,1,51859
1,51709,0
1,51859,1,52009
2,51859,0
0,52009,0
2,52009,0
3,52009,1,52159
1,52159,0
2,52159,1,52309
0,52309,1,52609
1,52346,0
2,52384,0
3,52421,0
1,52459,1,52609
3,52609,0
2,52646,0
1,52684,0
0,52721,0
3,52759,0
2,52796,0
1,52834,0
0,52871,0
3,52909,0
2,52946,0
0,52984,0
1,53021,0
3,53059,0
2,53096,0
0,53134,0
1,53171,0
2,53209,1,53359
3,53209,1,53359
1,53359,1,53509
0,53509,0
2,53509,1,53659
3,53509,0
1,53659,0
3,53659,1,53809
1,53809,1,53959
2,53809,0
0,53959,0
2,53959,1,54109
3,53959,0
0,54109,1,54259
1,54109,0
1,54259,1,54409
2,54259,0
0,54409,0
2,54409,0
3,54409,1,54559
1,54559,0
2,54559,1,54709
0,54709,0
1,54709,1,54859
3,54709,0
0,54859,1,55009
2,54859,0
3,55009,0
2,55059,0
1,55109,0
3,55159,0
0,55209,0
1,55259,0
2,55309,0
3,55346,0
0,55384,0
1,55421,0
3,55459,0
2,55496,0
0,55534,0
1,55571,0
2,55609,0
3,55609,1,55759
1,55759,0
2,55759,1,55909
0,55909,0
1,55909,1,56059
3,55909,0
0,56059,1,56209
2,56059,0
1,56209,0
2,56209,1,56359
0,56359,0
1,56359,1,56509
3,56359,0
2,56509,0
3,56509,1,56659
1,56659,0
2,56659,1,56809
0,56809,1,56959
1,56809,0
3,56809,0
2,56959,0
0,57034,0
1,57034,0
3,57109,1,57409
2,57146,0
1,57184,0
0,57221,0
2,57259,1,57409
1,57409,0
2,57484,0
3,57484,0
0,57559,0
1,57596,0
3,57634,0
2,57671,0
0,57709,0
1,57746,0
3,57784,0
2,57821,0
0,57859,0
1,57896,0
3,57934,0
2,57971,0
0,58009,1,58159
1,58009,1,58159
2,58159,1,58309
0,58309,0
1,58309,1,58459
3,58309,0
0,58459,1,58609
2,58459,0
3,58459,0
1,58609,0
2,58609,1,58759
0,58759,0
1,58759,1,58909
3,58759,0
0,58909,0
2,58909,0
3,58909,1,59059
1,59059,0
2,59059,1,59209
0,59209,1,59359
1,59209,0
3,59209,0
1,59359,1,59509
2,59359,0
0,59509,0
2,59509,1,59659
3,59509,0
0,59659,0
1,59659,0
3,59659,1,59809
0,59809,0
1,59859,0
2,59909,0
0,59959,0
1,59959,0
2,60009,0
3,60059,0
1,60109,0
2,60184,0
0,60259,0
1,60296,0
3,60334,0
2,60371,0
0,60409,1,60559
1,60409,0
1,60559,1,60709
2,60559,0
0,60709,0
2,60709,1,60859
3,60709,0
1,60859,0
3,60859,1,61009
0,61009,0
1,61009,1,61159
2,61009,0
0,61159,0
2,61159,1,61309
0,61309,1,61459
1,61309,0
3,61309,0
1,61459,1,61609
2,61459,0
0,61609,0
2,61609,0
3,61609,1,61759
1,61759,0
2,61759,1,61909
0,61909,1,62209
1,61909,0
3,61909,0
1,62059,1,62209
3,62209,0
2,62246,0
1,62284,0
0,62321,0
3,62359,0
2,62396,0
0,62434,0
1,62471,0
3,62509,0
2,62546,0
0,62584,0
1,62621,0
3,62659,0
2,62696,0
0,62734,0
1,62771,0
2,62809,0
3,62809,0
0,62884,0
1,62884,0
2,62959,1,63109
3,62959,0
0,63109,0
1,63109,1,63259
3,63109,0
0,63259,1,63409
2,63259,0
2,63409,1,63559
3,63409,0
0,63559,0
1,63559,0
3,63559,1,63709
0,63709,0
1,63709,1,63859
2,63709,0
2,63859,1,64009
3,63859,0
0,64009,0
1,64009,0
2,64084,0
3,64084,0
0,64159,0
1,64159,1,64309
0,64309,0
2,64309,1,64459
3,64309,0
1,64459,0
3,64459,1,64609
0,64609,1,64759
2,64609,0
1,64684,0
3,64759,0
2,64796,0
1,64834,0
0,64871,0
3,64909,0
2,64984,0
0,65059,0
1,65096,0
2,65134,0
3,65171,0
0,65209,0
1,65209,0
2,65284,0
3,65284,0
0,65359,0
1,65359,0
2,65434,0
0,65509,0
1,65509,0
3,65509,0
0,65659,0
1,65659,0
3,65659,0
1,65809,0
2,65809,0
3,65809,0
1,65959,0
2,65959,0
3,65959,0
0,66109,0
2,66109,0
3,66109,0
0,66259,1,66709
2,66259,1,66709
3,66259,1,66709
1,66709,0
2,66784,0
3,66784,0
0,66859,0
1,66859,0
2,66934,0
0,67009,0
3,67009,0
1,67084,0
2,67084,0
0,67159,0
3,67159,0
1,67234,0
2,67309,0
3,67309,0
0,67384,0
1,67384,0
2,67459,0
3,67459,0
1,67534,0
0,67609,1,67759
2,67609,0
3,67609,0
1,67684,1,67834
2,67759,1,67909
3,67834,1,67984
1,67909,1,68059
0,67984,1,68134
2,68059,1,68209
1,68134,1,68209
0,68209,0
3,68209,0
2,68284,0
0,68359,1,68584
1,68359,1,68584
3,68359,1,68584
0,68659,0
2,68659,0
3,68659,0
1,68734,0
3,68809,0
2,68846,0
1,68884,0
0,68921,0
3,68959,0
2,68996,0
0,69034,0
1,69071,0
2,69109,0
3,69159,0
0,69209,0
1,69259,0
3,69309,0
2,69359,0
0,69409,0
1,69409,0
2,69459,0
1,69509,0
0,69559,0
3,69609,0
2,69659,0
0,69709,0
1,69784,0
2,69859,0
0,69934,0
1,70009,0
3,70009,1,70159
2,70084,1,70234
1,70159,1,70309
0,70234,1,70384
2,70309,1,70459
3,70384,1,70534
1,70459,1,70609
2,70534,1,70609
0,70609,0
3,70609,0
1,70684,0
0,70759,1,70984
2,70759,1,70984
3,70759,1,70984
0,71059,0
1,71059,0
3,71059,0
2,71134,0
0,71209,0
1,71246,0
2,71284,0
3,71321,0
0,71359,0
1,71396,0
3,71434,0
2,71471,0
1,71509,0
0,71559,0
3,71609,0
2,71659,0
0,71709,0
1,71759,0
2,71809,0
3,71809,0
1,71859,0
2,71909,0
3,71959,0
0,72009,0
1,72059,0
3,72109,0
2,72184,0
1,72259,0
3,72334,0
0,72409,0
1,72409,0
2,72409,0
2,72559,0
1,72634,0
0,72709,0
2,72709,0
3,72709,0
0,72859,0
3,72859,0
2,72934,0
0,73009,0
1,73009,0
3,73009,0
2,73084,0
1,73121,0
0,73159,0
3,73159,0
2,73234,0
0,73309,0
1,73309,0
2,73384,0
0,73459,0
3,73459,0
1,73534,0
2,73609,0
3,73609,0
1,73684,0
0,73759,0
2,73759,0
3,73759,0
0,73909,0
1,73909,0
2,73984,0
0,74059,0
1,74059,0
3,74059,0
2,74209,0
1,74284,0
0,74359,0
2,74359,0
3,74359,0
1,74434,0
2,74509,0
3,74509,0
0,74584,0
1,74659,0
2,74734,0
0,74809,0
1,74809,0
3,74809,0
2,74959,0
3,74959,0
1,75034,0
0,75109,0
2,75109,0
3,75109,0
0,75259,0
1,75259,0
2,75334,0
0,75409,0
1,75409,0
3,75409,0
1,75559,0
3,75559,0
0,75709,0
2,75709,0
3,75709,0
1,75859,0
2,75859,0
0,76009,1,76084
1,76009,1,76084
3,76009,1,76159
2,76159,1,76309
0,76309,1,76384
1,76309,1,76384
3,76309,1,76459
0,76459,1,76534
1,76459,1,76534
2,76459,1,76609
0,76609,0
1,76646,0
2,76684,0
3,76721,0
0,76759,0
1,76834,0
3,76909,0
2,76946,0
1,76984,0
0,77021,0
0,77209,0
1,77209,1,77509
2,77209,1,77509
3,77209,0
0,77509,0
3,77509,0
1,77609,0
2,77709,0
0,77809,0
1,77809,0
3,77809,0
2,77909,0
1,78009,0
0,78109,0
2,78109,0
3,78109,0
1,78209,0
2,78309,0
0,78409,0
3,78409,0
2,78459,0
1,78509,0
0,78559,0
3,78609,0
2,78659,0
0,78709,0
1,78759,0
2,78809,0
3,78859,0
0,78909,0
1,78959,0
2,79009,0
3,79009,0
0,79109,0
1,79109,0
1,79209,0
2,79209,0
2,79309,0
3,79309,0
0,79409,0
1,79409,0
2,79509,0
3,79509,0
0,79609,1,79909
1,79609,1,79909
3,79609,1,79909
2,79909,0
1,80009,0
2,80109,0
0,80209,0
1,80209,0
3,80209,0
2,80309,0
0,80409,0
1,80509,0
3,80509,0
2,80609,0
0,80709,0
1,80709,0
2,80809,0
3,80809,0
1,80909,0
2,81009,0
0,81109,0
3,81109,0
1,81209,0
2,81309,0
3,81309,0
0,81409,0
1,81409,0
2,81459,0
3,81509,0
0,81559,0
1,81609,0
2,81659,0
0,81709,0
3,81709,0
1,81809,0
2,81809,0
0,81909,0
3,81909,0
0,82008,1,82563
2,82008,1,82341
3,82008,1,82341
1,82341,1,82563
2,82563,0
3,82563,0
0,82674,0
1,82674,0
3,82674,0
2,82785,0
1,82896,0
0,83007,0
3,83007,0
1,83119,0
2,83119,0
0,83230,0
1,83230,0
2,83341,0
3,83341,0
0,83458,0
1,83458,0
2,83576,0
3,83576,0
0,83693,0
3,83693,0
1,83811,0
2,83811,0
0,83929,0
1,84046,0
2,84046,0
3,84046,0
0,84164,0
3,84164,0
0,84282,0
1,84282,0
2,84399,0
3,84399,0
0,84517,0
1,84517,0
2,84635,0
0,84752,0
1,84752,0
3,84752,0
1,84885,0
2,84885,0
3,85018,0
0,85152,0
1,85152,0
2,85285,0
3,85285,0
0,85418,0
1,85418,0
0,85552,0
2,85552,0
3,85552,0
1,85705,0
3,85705,0
1,85859,0
2,85859,0
0,86013,0
3,86013,0
1,86167,0
2,86167,0
0,86321,0
3,86321,0
0,86475,1,86700
2,86475,1,86700
3,86475,1,86700
1,86700,0
2,86775,0
3,86850,0
0,86925,0
1,87000,0
2,87075,1,87275
3,87075,0
0,87275,0
1,87275,1,87475
3,87275,0
0,87475,0
2,87475,1,87675
0,87675,1,87875
1,87675,1,87875
3,87675,1,87875
2,87875,1,88075
1,88075,1,88275
3,88075,0
0,88275,1,88775
3,88275,0
1,88475,1,88775
2,88475,0
2,88675,1,88775
3,88675,1,88775
0,88874,1,91753
1,88874,1,91201
2,88874,1,91273
3,88874,1,91344
1,91344,0
2,91412,0
1,91480,0
2,91616,0
3,91616,0
1,91753,0
2,91753,0
0,91889,0
1,91889,0
2,92149,0
3,92149,0
2,92280,0
3,92280,0
1,92410,0
0,92535,0
1,92535,0
3,92660,0
2,92722,0
1,92785,0
0,92910,0
2,92910,0
3,92910,0
0,93382,0
2,93382,0
3,93382,0
1,93489,0
2,93542,0
3,93596,0
0,93649,0
1,93703,0
3,93756,0
0,93810,0
2,93810,0
1,93917,0
2,93971,0
0,94024,0
3,94024,0
1,94131,0
0,94239,0
2,94239,0
3,94239,0
1,94346,0
2,94453,0
3,94453,0
1,94560,0
0,94667,0
2,94667,0
3,94667,0
1,94774,0
0,94881,0
2,94881,0
3,94989,0
0,95096,0
1,95096,0
2,95096,0
3,95203,0
0,95310,0
1,95310,0
2,95417,0
0,95524,0
1,95524,0
3,95524,0
2,95631,0
0,95739,0
3,95739,0
1,95846,0
0,95953,0
2,95953,0
3,95953,0
1,96060,0
2,96167,0
3,96167,0
1,96221,0
0,96274,0
1,96381,0
2,96381,0
3,96381,0
0,96489,0
2,96596,0
3,96596,0
1,96703,0
2,96756,0
0,96810,0
3,96810,0
2,96917,0
1,96971,0
0,97024,0
3,97078,0
2,97131,0
0,97185,0
1,97239,0
3,97239,0
2,97346,0
1,97399,0
0,97453,0
3,97453,0
2,97560,0
0,97667,0
1,97667,0
3,97667,0
2,97774,0
0,97881,0
1,97881,0
2,97989,0
0,98096,0
1,98096,0
3,98096,0
2,98203,0
1,98310,0
3,98310,0
0,98417,0
1,98524,0
2,98524,0
3,98524,0
0,98631,0
2,98739,0
3,98739,0
1,98846,0
0,98953,0
2,98953,0
3,98953,0
1,99060,0
0,99167,0
3,99167,0
2,99274,0
0,99381,0
1,99381,0
3,99381,0
2,99489,0
0,99596,0
1,99596,0
2,99649,0
3,99703,0
0,99810,0
1,99810,0
2,99810,0
3,99917,0
0,100024,0
1,100024,0
2,100078,0
3,100131,0
1,100185,0
2,100239,0
3,100239,0
1,100346,0
2,100399,0
0,100453,0
3,100453,0
2,100560,0
0,100667,0
1,100667,0
3,100667,0
2,100774,0
0,100881,0
1,100881,0
2,100989,0
0,101096,0
1,101096,0
3,101096,0
2,101203,0
1,101310,0
3,101310,0
0,101417,0
1,101524,0
2,101524,0
3,101524,0
0,101631,0
2,101739,0
3,101739,0
1,101846,0
0,101953,0
2,101953,0
3,101953,0
1,102060,0
0,102167,0
3,102167,0
1,102221,0
2,102274,0
0,102381,0
1,102381,0
3,102381,0
2,102489,0
0,102596,0
1,102596,0
2,102649,0
3,102703,0
0,102810,0
1,102810,0
2,102810,0
3,102917,0
0,103024,0
2,103024,0
1,103078,0
3,103131,0
0,103239,0
2,103239,0
3,103239,0
1,103346,0
0,103453,0
3,103453,0
1,103560,0
2,103614,0
0,103667,1,103881
1,103667,1,103881
3,103667,1,103881
0,103989,1,104203
2,103989,1,104203
3,103989,1,104203
0,104310,0
1,104310,0
0,104417,0
1,104417,0
1,104524,1,104739
2,104524,1,104739
3,104524,1,104739
0,104846,1,105060
2,104846,1,105060
3,104846,1,105060
1,105167,0
2,105167,0
1,105274,0
2,105274,0
3,105381,1,105810
2,105435,0
1,105489,0
0,105542,0
2,105596,1,105810
0,105810,1,106239
1,105864,0
2,105917,0
3,105971,0
1,106024,1,106239
2,106239,1,106667
1,106292,0
0,106346,0
3,106399,0
1,106453,1,106667
3,106667,1,107096
2,106721,0
1,106774,0
0,106828,0
2,106881,1,107096
0,107096,0
1,107096,0
2,107196,0
1,107246,0
0,107296,0
3,107346,0
1,107396,0
2,107446,0
0,107496,0
3,107496,0
2,107596,0
1,107646,0
0,107696,0
3,107696,0
2,107796,0
0,107896,0
1,107896,0
3,107896,0
2,107996,0
0,108096,0
1,108096,0
3,108196,0
0,108296,0
1,108296,0
2,108296,0
3,108396,0
1,108496,0
2,108496,0
0,108596,0
1,108696,0
2,108696,0
3,108696,0
0,108796,0
2,108896,0
3,108896,0
1,108996,0
0,109096,0
2,109096,0
3,109096,0
1,109196,0
2,109296,0
3,109296,0
1,109346,0
0,109396,0
1,109496,0
2,109496,0
3,109496,0
0,109596,0
1,109696,0
3,109696,0
2,109746,0
0,109796,0
1,109896,0
3,109896,1,110196
2,109996,1,110196
1,110096,1,110196
0,110196,0
1,110297,0
2,110297,0
3,110297,0
0,110393,0
1,110442,0
2,110490,0
3,110490,0
0,110587,0
1,110587,0
0,110684,0
2,110684,0
3,110684,0
1,110780,0
2,110877,0
3,110877,0
0,110974,0
1,111071,0
2,111071,0
3,111071,0
0,111167,0
1,111264,0
2,111264,0
3,111361,0
0,111458,0
1,111458,0
2,111458,0
3,111555,0
0,111651,0
1,111651,0
2,111748,0
0,111845,0
1,111845,0
3,111845,0
2,111942,0
0,112038,0
3,112038,0
1,112087,0
2,112135,0
0,112232,0
1,112232,0
3,112232,0
2,112329,0
0,112426,0
1,112426,0
2,112474,0
3,112522,0
0,112619,0
1,112619,0
2,112619,0
3,112716,0
0,112813,0
1,112861,0
2,112909,0
3,112958,0
0,113006,0
1,113006,0
2,113103,0
1,113200,0
2,113248,0
3,113297,0
0,113398,0
1,113398,0
2,113398,0
3,113491,0
2,113538,0
0,113585,0
1,113585,0
2,113679,0
3,113679,0
0,113773,0
1,113773,0
3,113773,0
2,113866,0
0,113960,0
1,113960,0
3,114054,0
0,114148,0
1,114148,0
2,114148,0
3,114241,0
1,114335,0
2,114335,0
0,114429,0
1,114523,0
2,114523,0
3,114523,0
0,114616,0
2,114710,0
3,114710,0
1,114804,0
0,114898,0
2,114898,0
3,114898,0
1,114991,0
2,115085,0
3,115085,0
1,115132,0
0,115179,0
1,115273,0
2,115273,0
3,115273,0
0,115366,0
1,115460,0
3,115460,0
2,115507,0
0,115554,0
1,115648,0
2,115648,0
3,115648,0
0,115741,0
2,115835,0
3,115835,0
1,115929,0
0,116023,0
2,116023,0
3,116023,0
1,116116,0
0,116210,0
1,116257,0
3,116304,0
2,116351,0
0,116398,1,116579
1,116398,1,116579
2,116488,1,116579
3,116488,1,116579
0,116670,1,116852
1,116670,1,116852
3,116670,1,116852
2,116943,0
3,116943,0
0,117034,0
1,117034,0
2,117125,1,117307
3,117125,1,117307
0,117216,1,117307
1,117216,1,117307
1,117397,1,117579
2,117397,1,117579
3,117397,1,117579
0,117670,0
1,117670,0
2,117761,0
3,117761,0
0,117852,1,118034
1,117852,1,118034
3,117852,1,118034
2,118034,0
1,118125,0
0,118216,1,118397
2,118216,1,118397
3,118216,1,118397
1,118397,0
2,118488,0
0,118579,0
3,118579,0
1,118640,0
2,118701,0
3,118761,0
0,118822,0
1,118882,0
2,118943,0
3,118943,0
1,119004,0
0,119064,0
2,119125,0
1,119185,0
3,119246,0
0,119303,1,119567
2,119303,1,119567
0,119655,0
2,119655,0
3,119655,0
1,119744,0
2,119832,0
3,119832,0
0,119920,0
1,120009,0
2,120009,0
0,120094,0
1,120180,0
2,120180,0
3,120266,0
0,120351,0
1,120351,0
3,120437,0
0,120523,0
1,120523,0
2,120608,0
0,120698,0
3,120698,0
2,120781,0
0,120864,0
1,120864,0
3,120947,0
1,121031,0
2,121031,0
3,121114,0
1,121197,0
2,121197,0
0,121281,0
2,121365,0
3,121365,0
0,121446,0
2,121527,0
3,121527,0
1,121608,0
0,121689,0
3,121689,0
1,121770,0
0,121851,0
3,121851,0
2,121932,0
0,122013,1,122249
1,122013,1,122249
3,122013,1,122249
0,122328,0
2,122328,0
3,122328,0
1,122407,0
2,122486,0
3,122486,0
0,122565,0
1,122642,0
2,122642,0
0,122718,0
1,122795,0
2,122795,0
3,122872,0
0,122949,0
1,122949,0
3,123026,0
0,123103,0
1,123103,0
2,123180,0
0,123257,0
3,123257,0
2,123332,0
0,123407,0
1,123407,0
3,123482,0
1,123557,0
2,123557,0
3,123632,0
1,123707,0
2,123707,0
0,123782,0
2,123857,0
3,123857,0
0,123933,0
2,124006,0
3,124006,0
1,124042,0
0,124079,0
2,124152,0
3,124152,0
0,124225,0
2,124299,0
3,124299,0
1,124372,0
0,124442,1,124656
2,124442,1,124656
3,124442,1,124656
0,124727,0
1,124727,0
3,124727,0
2,124799,0
0,124870,0
1,124870,0
3,124941,0
0,125016,0
1,125016,0
3,125085,0
1,125155,0
2,125155,0
0,125225,0
1,125295,0
2,125295,0
0,125364,0
2,125434,0
3,125434,0
1,125504,0
0,125571,0
3,125571,0
1,125639,0
2,125707,0
3,125707,0
0,125775,0
1,125843,0
2,125843,0
0,125911,0
1,125980,0
2,125980,0
3,126048,0
0,126119,0
1,126119,0
3,126185,0
0,126252,0
1,126252,0
2,126319,0
0,126385,0
3,126385,0
2,126452,0
0,126519,0
3,126519,0
1,126585,0
0,126650,1,126845
2,126650,1,126845
3,126650,1,126845
0,126910,0
1,126910,0
3,126910,0
2,126976,0
0,127041,0
1,127041,0
3,127106,0
0,127174,0
1,127174,0
2,127237,0
3,127237,0
0,127301,0
1,127301,0
2,127365,0
3,127365,0
0,127429,0
1,127429,0
3,127493,0
1,127556,0
2,127556,0
0,127620,0
2,127682,0
3,127682,0
1,127765,0
0,127807,0
3,127848,0
2,127890,0
0,127932,0
1,127932,0
0,128057,0
2,128057,0
3,128057,0
1,128119,0
2,128185,0
3,128185,0
0,128246,0
1,128307,0
2,128307,0
3,128307,0
0,128368,0
2,128429,0
3,128429,0
1,128491,0
0,128552,0
3,128552,0
0,128672,0
3,128672,0
2,128732,0
1,128792,0
0,128852,0
2,128912,0
3,128912,0
0,129032,0
1,129032,0
3,129032,0
2,129152,0
0,129271,0
3,129271,0
0,129389,0
1,129389,0
2,129389,0
1,129506,0
0,129625,0
3,129625,0
1,129682,0
2,129740,0
3,129798,0
0,129855,0
1,129855,0
0,129971,0
2,129971,0
3,129971,0
1,130086,0
2,130200,0
3,130200,0
0,130313,0
1,130313,0
3,130313,0
1,130426,0
0,130537,0
3,130537,0
2,130592,0
1,130648,0
0,130703,0
2,130759,0
3,130759,0
0,130870,0
1,130870,0
3,130870,0
2,130981,0
0,131093,0
1,131093,0
0,131202,0
2,131202,0
3,131202,0
2,131311,0
0,131420,0
3,131420,0
1,131473,0
2,131527,0
3,131580,0
0,131634,0
1,131634,0
0,131741,0
2,131741,0
3,131741,0
1,131848,0
2,131954,0
3,131954,0
0,132059,0
1,132059,0
3,132059,0
2,132164,0
0,132268,0
1,132268,0
2,132268,0
3,132268,0
0,132423,0
2,132423,0
3,132423,0
0,132578,0
1,132578,0
0,132680,0
1,132680,0
3,132680,0
0,132830,0
2,132830,0
3,132830,0
2,132976,0
3,132976,0
0,133075,0
2,133075,0
3,133075,0
0,133220,0
1,133220,0
2,133220,0
0,133364,0
1,133364,0
0,133459,0
2,133459,0
3,133459,0
1,133599,0
2,133599,0
3,133599,0
0,133739,0
1,133739,0
2,133831,0
3,133831,0
0,133924,0
1,133924,0
2,134014,0
3,134014,0
0,134103,0
1,134103,0
2,134193,0
3,134193,0
0,134281,0
1,134281,0
2,134369,0
3,134369,0
0,134455,0
1,134455,0
3,134542,0
2,134587,0
1,134630,0
0,134673,0
3,134716,0
2,134759,0
1,134802,0
0,134845,0
3,134887,0
2,134930,0
1,134973,0
0,135016,0
3,135059,0
2,135102,0
1,135145,0
0,135187,0
3,135230,0
2,135273,0
0,135316,0
1,135359,0
3,135402,0
2,135445,0
1,135487,0
0,135530,0
3,135573,0
2,135616,0
0,135659,0
1,135702,0
2,135745,0
3,135787,0
0,135830,0
1,135873,0
3,135916,0
2,135950,0
0,135985,0
1,136019,0
3,136053,0
2,136087,0
0,136122,0
1,136156,0
3,136190,0
2,136225,0
0,136259,0
1,136293,0
3,136327,0
2,136362,0
0,136396,0
1,136430,0
3,136465,0
2,136499,0
0,136533,0
1,136567,0
3,136602,0
2,136636,0
0,136670,0
1,136705,0
3,136739,0
2,136773,0
0,136807,0
1,136842,0
3,136876,0
2,136910,0
0,136945,0
1,136987,0
3,137030,0
0,137073,0
2,137116,0
1,137159,0
3,137202,0
2,137245,0
0,137286,0
1,137336,0
3,137386,0
0,137436,0
1,137511,0
2,137586,0
3,137661,0
0,137786,1,138536
1,137936,1,138486
2,138086,1,138436
3,138186,1,138386
3,138486,0
2,138536,0
1,138586,0
0,138636,0
3,138636,1,138736
2,138686,1,138786
1,138736,1,138836
0,138786,1,138886
1,138936,1,139036
2,138986,1,139086
3,139036,1,139136
0,139086,1,139186
2,139236,1,139336
1,139286,1,139386
0,139311,1,140811
3,139461,1,140811
2,139836,1,140811
1,140136,1,140811
0,140886,0
1,140886,0
2,140886,1,141036
3,140886,0
1,141036,1,141186
0,141186,1,141336
3,141186,1,141486
1,141336,1,141486
0,141486,1,141758
2,141486,1,141622
1,141622,1,141758
2,141758,1,141895
3,141758,1,142031
1,141895,1,142031
0,142031,1,142156
2,142031,1,142281
3,142156,1,142281
0,142281,1,142531
1,142281,1,142406
3,142406,1,142531
1,142531,1,142646
2,142531,1,142877
0,142646,1,142877
3,142761,1,142877
1,142877,1,142992
0,142992,0
2,142992,0
3,142992,1,143104
2,143104,1,143211
0,143211,0
1,143211,1,143411
3,143211,0
0,143311,1,143411
2,143411,1,143598
1,143504,1,143598
0,143598,0
3,143598,1,143686
2,143686,1,143774
0,143774,1,143940
3,143774,0
1,143857,1,143940
2,143940,1,144102
3,143940,0
0,144021,1,144102
1,144102,0
3,144102,1,144180
2,144180,1,144335
1,144259,1,144335
3,144259,0
0,144335,1,144412
1,144412,1,144562
2,144412,0
3,144412,0
0,144487,1,144637
2,144562,1,144712
1,144637,1,144712
0,144712,0
3,144712,1,144937
0,144862,0
2,144862,1,144937
1,144937,0
2,145012,0
3,145012,0
0,145087,0
1,145087,0
2,145162,0
0,145237,0
3,145237,0
1,145312,1,145462
2,145312,1,145537
0,145462,0
1,145537,0
0,145612,0
2,145612,1,145762
3,145612,0
1,145687,1,145837
3,145762,1,145912
2,145837,1,145912
0,145912,0
1,145912,1,146062
3,146062,0
2,146137,1,146287
0,146212,1,146362
3,146212,0
1,146287,1,146437
2,146362,1,146437
0,146437,0
1,146512,1,146662
2,146512,0
3,146512,0
0,146662,0
2,146662,0
3,146662,0
1,146737,0
0,146812,0
2,146812,1,146962
3,146887,1,147037
1,146962,1,147112
2,147037,1,147112
0,147112,1,147337
3,147112,0
1,147262,1,147337
3,147262,0
2,147337,0
0,147412,0
1,147412,0
2,147487,0
3,147487,0
1,147562,0
0,147637,0
3,147637,0
1,147712,1,147937
2,147712,1,147862
3,147862,0
2,147937,0
0,148012,0
1,148012,1,148162
3,148012,0
2,148087,1,148237
0,148162,1,148312
1,148237,1,148312
2,148312,1,148462
3,148312,0
0,148462,0
1,148537,1,148687
3,148537,0
2,148612,0
0,148687,0
3,148687,0
1,148762,1,148912
2,148762,0
0,148837,1,148987
2,148912,0
3,148912,0
1,148987,0
0,149062,0
2,149062,0
3,149062,0
1,149137,0
0,149212,0
2,149212,0
3,149212,1,149287
1,149287,0
2,149362,1,149437
3,149362,0
0,149437,0
1,149512,1,149587
2,149512,0
3,149587,0
0,149662,1,149887
1,149737,1,149812
2,149812,0
3,149812,0
1,149887,0
0,149962,1,150112
1,150037,1,150112
2,150112,0
3,150112,0
1,150187,0
0,150262,0
3,150262,0
2,150337,0
0,150412,1,150487
1,150412,0
3,150412,0
2,150487,0
0,150562,0
1,150562,1,150637
3,150637,0
1,150712,0
2,150712,1,150787
0,150787,0
3,150862,1,151087
2,150937,1,151012
0,151012,0
1,151012,0
2,151087,0
0,151162,0
3,151162,1,151237
1,151237,0
2,151312,0
3,151312,0
1,151387,0
0,151462,0
2,151462,0
3,151462,0
1,151537,0
0,151612,0
2,151612,0
3,151612,0
1,151687,0
2,151762,0
3,151762,0
0,151837,0
1,151912,0
2,151912,0
3,151987,0
0,152062,0
1,152062,0
2,152137,0
0,152212,0
1,152212,0
3,152212,0
2,152287,0
0,152362,0
1,152362,0
3,152437,0
1,152512,0
2,152512,0
0,152587,0
2,152662,0
3,152662,0
1,152737,0
0,152812,0
2,152812,0
3,152812,0
1,152887,0
0,152962,0
3,152962,0
2,153037,0
0,153112,0
1,153112,0
2,153187,0
3,153187,0
0,153262,0
1,153262,0
2,153337,0
0,153412,0
3,153412,0
1,153487,0
2,153487,0
0,153562,0
3,153562,0
1,153637,0
2,153712,0
3,153712,0
1,153787,0
0,153862,0
2,153862,0
3,153862,0
1,153937,0
0,154012,0
2,154012,1,154162
3,154087,1,154237
1,154162,1,154312
2,154237,1,154312
0,154312,1,154537
3,154312,0
1,154462,1,154537
3,154462,0
2,154537,0
0,154612,0
1,154612,0
2,154687,0
3,154687,0
1,154762,0
0,154837,0
3,154837,0
1,154912,1,155137
2,154912,1,155062
3,155062,0
2,155137,0
0,155212,0
1,155212,1,155362
3,155212,1,155437
2,155287,1,155437
0,155362,1,155512
1,155437,1,155512
2,155512,1,155662
3,155512,0
0,155662,1,156037
1,155737,1,155887
3,155812,1,155962
2,155887,1,156037
1,155962,1,156037
3,156037,1,156187
0,156112,0
1,156112,0
2,156112,1,156262
0,156262,0
1,156262,1,156337
3,156262,0
2,156337,1,156412
1,156412,1,156562
3,156412,1,156637
0,156487,1,156637
2,156562,1,156712
1,156637,1,156712
0,156712,1,156787
3,156712,1,156937
0,156862,0
2,156862,1,156937
1,156937,0
2,157012,0
3,157012,0
0,157087,0
1,157087,0
2,157162,0
0,157237,0
3,157237,0
1,157312,1,157462
2,157312,1,157537
0,157462,0
1,157537,0
0,157612,1,157837
2,157612,1,157762
3,157612,0
1,157687,1,157837
3,157762,1,157912
2,157837,1,157912
0,157912,0
1,157912,1,158062
3,158062,1,158212
0,158137,0
2,158137,1,158287
1,158212,0
0,158287,0
3,158287,0
1,158362,0
2,158362,1,158512
3,158437,1,158587
0,158512,1,158587
1,158512,1,158587
2,158587,0
0,158662,1,158737
1,158662,1,158737
3,158662,0
2,158737,0
0,158812,1,158887
1,158812,0
3,158812,0
2,158887,0
0,158962,0
1,158962,1,159037
3,159037,0
1,159112,0
2,159112,1,159187
0,159187,0
3,159262,1,159487
2,159337,1,159412
0,159412,0
1,159412,0
2,159487,0
3,159562,1,159712
2,159637,1,159712
0,159712,0
1,159712,0
2,159787,0
0,159862,0
3,159862,0
1,159937,0
0,160012,0
2,160012,0
3,160012,1,160087
1,160087,0
2,160162,1,160237
3,160162,0
0,160237,0
1,160312,1,160387
2,160312,0
3,160387,0
0,160462,1,160687
1,160537,1,160612
2,160612,0
3,160612,0
1,160687,0
0,160762,1,160912
3,160762,0
1,160837,1,160912
2,160912,0
3,160912,0
1,160987,0
0,161062,0
2,161062,0
3,161062,0
1,161137,0
0,161212,0
3,161212,1,161512
2,161249,1,161474
1,161287,1,161437
0,161324,1,161399
0,161512,0
1,161549,0
2,161587,0
3,161624,0
0,161662,0
1,161699,0
2,161737,0
3,161774,0
0,161812,1,162112
1,161849,1,162074
2,161887,1,162037
3,161924,1,161999
3,162112,0
2,162149,0
1,162187,0
0,162224,0
3,162262,0
2,162299,0
1,162337,0
0,162374,0
2,162412,1,162487
3,162412,1,162562
0,162562,0
1,162599,0
2,162637,0
3,162674,0
0,162712,0
1,162749,0
3,162787,0
2,162824,0
0,162862,1,163012
1,162862,1,162937
2,163012,0
1,163049,0
0,163087,0
3,163124,0
1,163162,0
2,163199,0
3,163237,0
0,163274,0
1,163312,1,163462
2,163312,1,163387
3,163462,0
2,163499,0
1,163537,0
0,163574,0
2,163612,1,163762
3,163612,1,163762
0,163762,0
1,163762,0
2,163837,0
3,163837,0
0,163912,0
1,163912,0
2,163987,0
0,164062,0
3,164062,0
1,164137,0
0,164212,1,164287
2,164212,1,164287
3,164212,1,164287
0,164362,1,164437
2,164362,1,164437
3,164362,1,164437
1,164512,0
2,164512,0
0,164587,0
3,164587,0
1,164662,0
2,164662,0
0,164737,0
1,164812,1,164887
2,164812,1,164887
3,164812,1,164887
1,164962,1,165037
2,164962,1,165037
3,164962,1,165037
0,165112,0
1,165112,0
2,165187,0
3,165187,0
0,165262,0
1,165262,0
2,165337,0
0,165412,1,165487
1,165412,1,165487
3,165412,1,165487
0,165562,1,165637
1,165562,1,165637
3,165562,1,165637
1,165712,0
2,165712,0
0,165787,0
3,165787,0
1,165862,0
2,165862,0
3,165937,0
0,166012,1,166087
1,166012,1,166087
2,166087,1,166162
3,166087,1,166162
0,166162,1,166237
1,166162,1,166237
2,166237,1,166312
3,166237,1,166312
0,166312,1,166387
1,166312,1,166387
2,166462,1,166537
3,166462,1,166537
0,166537,1,166612
1,166537,1,166612
2,166612,1,166687
3,166612,1,166687
0,166687,1,166762
1,166687,1,166762
2,166762,1,166837
3,166762,1,166837
1,166912,1,166987
2,166912,1,166987
0,166987,1,167062
3,166987,1,167062
1,167062,1,167137
2,167062,1,167137
0,167137,1,167212
3,167137,1,167212
1,167212,1,167287
2,167212,1,167287
0,167362,0
1,167362,0
2,167437,0
3,167437,0
0,167512,0
1,167512,0
2,167587,0
0,167662,0
3,167662,0
1,167737,0
2,167812,0
3,167812,0
0,167887,0
1,167887,0
2,167962,0
3,167962,0
0,168037,0
1,168037,0
2,168112,0
3,168112,0
0,168187,0
1,168262,0
2,168262,0
3,168337,0
0,168412,1,168562
1,168412,1,168562
2,168562,0
3,168562,0
0,168637,0
1,168637,0
2,168712,0
3,168712,0
1,168787,0
0,168862,0
3,168862,0
2,168937,0
0,169012,1,169087
1,169012,1,169087
3,169012,1,169087
0,169162,1,169237
1,169162,1,169237
3,169162,1,169237
1,169312,0
2,169312,0
0,169387,0
3,169387,0
1,169462,0
2,169462,0
3,169537,0
0,169612,1,169687
1,169612,1,169687
2,169612,1,169687
0,169762,1,169837
1,169762,1,169837
2,169762,1,169837
2,169912,0
3,169912,0
0,169987,0
1,169987,0
2,170062,0
3,170062,0
1,170137,0
0,170212,1,170287
2,170212,1,170287
3,170212,1,170287
0,170362,1,170437
2,170362,1,170437
3,170362,1,170437
0,170512,0
1,170512,0
2,170587,0
3,170587,0
0,170662,0
1,170662,0
2,170737,0
0,170812,1,170887
3,170812,1,170887
1,170887,1,170962
2,170887,1,170962
0,170962,1,171037
3,170962,1,171037
1,171037,1,171112
2,171037,1,171112
0,171112,1,171187
3,171112,1,171187
1,171262,1,171337
2,171262,1,171337
0,171337,1,171412
3,171337,1,171412
1,171412,1,171487
2,171412,1,171487
0,171487,1,171562
3,171487,1,171562
1,171562,1,171637
2,171562,1,171637
0,171712,1,171787
1,171712,1,171787
2,171787,1,171862
3,171787,1,171862
0,171862,1,171937
1,171862,1,171937
2,171937,1,172012
3,171937,1,172012
0,172012,0
1,172049,0
2,172087,0
3,172124,0
0,172162,0
1,172237,0
3,172312,0
2,172349,0
1,172387,0
0,172424,0
3,172462,0
2,172537,0
0,172612,0
1,172649,0
2,172687,0
3,172724,0
0,172762,0
1,172799,0
3,172837,0
2,172874,0
1,172912,0
0,172949,0
3,172987,0
2,173024,0
0,173062,0
1,173099,0
2,173137,0
3,173174,0
0,173212,1,173662
1,173212,1,173662
2,173662,0
3,173662,0
0,173737,0
1,173737,0
0,173812,1,173962
2,173812,1,173962
3,173812,1,173962
0,174037,1,174187
1,174037,1,174187
3,174037,1,174187
0,174262,0
2,174262,1,174637
3,174262,0
0,174412,1,174637
1,174412,1,174637
0,174712,1,175012
1,174712,1,175012
2,174712,1,175012
3,174712,1,175012
2,175112,1,177512
3,175112,1,176812
0,175512,1,177512
1,175512,1,177512
3,176912,1,177512
