3,1170,0
6,1170,0
1,1498,0
4,1498,0
2,1826,0
5,1826,0
3,2154,0
6,2154,0
2,2481,0
5,2481,0
1,2809,0
4,2809,0
6,3137,0
4,3137,0
3,3301,0
0,3465,0
2,3465,0
3,3629,0
1,3793,0
5,3793,0
4,4121,0
6,4121,0
2,4449,0
0,4449,0
3,4777,0
4,4777,0
3,4940,0
3,5104,0
2,5104,0
5,5432,0
6,5432,0
2,5596,0
3,5637,0
1,5760,0
4,5760,0
0,5924,0
2,6088,0
5,6088,0
6,6252,0
1,6416,0
2,6416,0
3,6580,0
4,6744,0
5,6744,0
0,6908,0
3,7072,0
5,7072,0
4,7236,0
1,7399,0
3,7399,0
2,7563,0
6,7563,0
3,7727,0
4,7727,0
1,7727,0
0,8055,0
2,8055,0
4,8055,0
2,8383,0
3,8383,0
5,8383,0
1,8711,0
4,8711,0
2,8875,0
6,9039,0
3,9039,0
4,9203,0
3,9367,0
2,9531,0
3,9695,0
4,9695,0
0,9859,0
2,10022,0
6,10186,0
1,10350,0
4,10350,0
3,10514,0
2,10678,0
4,10678,0
5,10842,0
6,11006,0
0,11006,0
1,11170,0
4,11334,0
2,11334,0
5,11498,0
0,11662,0
3,11662,0
5,11990,0
2,11990,0
1,12318,0
4,12318,0
0,12645,0
3,12645,0
1,12973,0
4,12973,0
3,13137,0
2,13301,0
5,13301,0
0,13629,0
2,13629,0
3,13793,0
4,13957,0
6,13957,0
2,14121,0
3,14285,0
4,14285,0
5,14613,0
6,14613,0
2,14940,0
1,14940,0
3,15268,0
5,15268,0
4,15432,0
0,15596,0
1,15596,0
6,15924,0
4,15924,0
2,16088,0
3,16129,0
5,16252,0
6,16252,0
2,16416,0
3,16580,0
1,16580,0
0,16744,0
2,16908,0
4,16908,0
0,17072,0
1,17236,0
3,17236,0
5,17399,0
2,17563,0
4,17563,0
1,17727,0
2,17809,0
3,17891,0
5,17891,0
4,18055,0
6,18055,0
0,18219,0
3,18219,0
0,18301,0
2,18547,0
1,18711,0
3,18711,0
0,18875,0
4,18875,0
1,19039,0
5,19039,0
2,19203,0
6,19203,0
3,19367,0
5,19367,0
4,19531,0
0,19531,0
2,19695,0
3,19859,0
4,20022,0
2,20350,0
4,20514,0
3,20678,0
5,20842,0
1,21006,0
2,21170,0
3,21334,0
5,21498,0
0,21662,0
2,21826,0
6,21990,1,22809
2,22645,0
1,22809,0
3,22809,0
4,22809,0
0,22809,0
2,22972,0
5,22972,0
6,23136,0
4,23136,0
1,23136,0
2,23218,0
3,23300,0
5,23300,0
0,23382,0
2,23464,0
5,23464,0
4,23464,0
6,23546,0
3,23628,0
5,23628,0
0,23792,0
4,23792,0
6,23792,0
2,23874,0
5,23956,1,24120
1,23956,0
2,24120,0
3,24120,0
4,24120,0
0,24120,0
1,24202,0
4,24284,0
0,24284,0
5,24366,0
2,24448,0
1,24448,0
3,24448,0
4,24612,0
6,24612,0
3,24612,0
5,24694,0
0,24776,0
1,24776,0
2,24776,1,24940
6,24940,0
5,24940,0
4,25022,0
3,25104,0
2,25104,0
1,25104,1,25268
6,25268,0
4,25268,0
0,25268,0
5,25349,0
2,25431,0
3,25431,0
0,25431,0
1,25431,0
6,25595,1,25759
5,25595,0
4,25595,0
1,25759,0
3,25759,0
0,25759,0
2,25841,0
5,25923,0
0,25923,0
3,26005,0
4,26087,0
6,26087,0
1,26087,0
2,26169,0
0,26251,1,26415
5,26251,0
3,26251,0
3,26415,0
2,26415,0
6,26415,0
4,26497,0
1,26579,0
3,26579,0
5,26661,0
2,26743,0
4,26743,0
6,26743,0
0,26743,0
1,26825,0
5,26907,0
3,26907,0
0,26989,0
4,27071,0
2,27071,0
1,27071,0
3,27125,0
6,27180,0
0,27235,1,27399
5,27235,0
1,27399,0
3,27399,0
4,27399,0
2,27481,0
5,27563,0
6,27563,0
2,27645,0
0,27727,0
1,27727,0
4,27727,0
3,27808,0
2,27890,0
5,27890,0
3,27972,0
6,28054,0
5,28054,0
4,28054,0
1,28054,0
0,28136,0
2,28218,0
3,28218,0
1,28382,0
6,28382,0
5,28382,0
3,28464,0
6,28546,0
5,28546,0
3,28628,0
6,28710,0
5,28710,0
3,28792,0
0,28874,0
1,28874,0
5,28874,0
4,28956,0
1,29038,0
0,29038,0
4,29120,0
0,29202,0
1,29202,0
4,29284,0
2,29366,0
6,29366,0
0,29366,0
5,29448,0
0,29530,0
2,29530,0
5,29612,0
0,29694,0
2,29694,0
5,29776,0
1,29858,0
3,29858,0
0,29858,0
6,29940,0
1,30022,0
3,30022,0
6,30104,0
1,30186,0
3,30186,0
6,30268,0
2,30349,0
4,30349,0
0,30349,0
5,30431,0
2,30513,0
4,30513,0
5,30595,0
2,30677,0
4,30677,0
5,30759,0
2,30841,0
4,30841,0
6,30841,0
1,30923,0
2,31005,0
4,31005,0
1,31087,0
2,31169,0
4,31169,0
1,31251,0
3,31333,0
5,31333,0
6,31333,0
0,31415,0
3,31497,0
5,31497,0
0,31579,0
3,31661,0
5,31661,0
0,31743,0
4,31825,0
6,31825,0
2,31825,0
1,31907,0
4,31989,0
6,31989,0
1,32071,0
4,32153,0
6,32153,0
1,32235,0
2,32317,0
3,32317,0
5,32317,0
0,32399,0
1,32481,0
4,32481,0
2,32563,0
3,32645,0
6,32645,0
5,32645,0
4,32727,0
3,32808,0
0,32808,0
1,32890,1,33300
2,32890,0
0,33300,0
6,33300,0
4,33300,0
3,33300,0
2,33464,0
5,33464,0
1,33628,0
3,33628,0
4,33628,0
2,33710,0
6,33792,0
0,33792,0
5,33874,0
1,33956,0
2,33956,0
4,33956,0
0,34038,0
3,34120,0
4,34120,0
2,34202,0
6,34284,0
5,34284,0
1,34284,1,34448
2,34448,0
4,34448,0
3,34530,0
1,34612,0
0,34612,0
5,34612,0
4,34612,0
6,34694,0
2,34776,0
5,34776,0
1,34858,0
0,34940,0
4,34940,0
3,34940,1,35104
5,35104,0
0,35104,0
2,35186,0
1,35268,0
6,35268,0
5,35268,0
4,35349,0
0,35431,1,35595
2,35431,0
6,35595,0
4,35595,0
3,35595,0
5,35677,0
2,35759,0
6,35759,0
1,35841,0
0,35923,0
4,35923,0
3,35923,0
5,35923,0
6,36005,0
2,36087,0
1,36087,0
1,36251,0
4,36251,0
3,36251,0
5,36333,0
0,36415,0
4,36415,0
2,36497,0
1,36579,0
3,36579,0
6,36579,0
0,36661,0
4,36743,0
1,36743,0
2,36825,0
3,36907,0
5,36907,0
6,36907,0
1,37071,0
2,37071,0
6,37153,0
0,37235,0
3,37235,0
5,37235,0
4,37235,1,37399
2,37399,1,37563
1,37399,0
0,37563,0
6,37563,0
5,37563,0
3,37645,0
1,37727,1,37890
4,37727,0
2,37890,0
5,37890,0
3,37890,0
0,37972,0
1,38054,0
4,38054,0
2,38136,0
3,38218,0
4,38218,0
6,38218,0
5,38382,0
3,38382,0
2,38464,0
0,38546,0
4,38546,0
6,38546,0
1,38546,0
3,38710,0
5,38710,0
0,38874,0
6,38874,0
2,38956,0
3,39038,0
1,39038,0
0,39120,0
5,39202,0
2,39202,0
1,39284,0
6,39366,0
0,39366,0
4,39448,0
3,39530,0
2,39530,0
0,39612,0
5,39694,0
4,39694,0
2,39776,0
1,39858,0
4,39858,0
3,39940,0
6,40022,0
0,40022,0
1,40104,0
3,40186,0
2,40186,0
6,40268,0
5,40349,0
4,40349,0
3,40431,0
1,40513,0
0,40513,0
5,40595,0
3,40677,0
2,40677,0
1,40759,0
6,40841,0
0,40841,0
4,40923,0
3,41005,0
5,41005,0
6,41087,0
1,41169,0
4,41169,0
5,41251,0
0,41333,0
6,41333,0
2,41415,0
3,41497,0
4,41497,0
6,41579,0
1,41661,0
2,41661,0
4,41743,0
5,41825,0
2,41825,0
3,41907,0
0,41989,0
6,41989,0
5,42071,0
4,42153,0
3,42153,0
0,42235,0
1,42317,0
2,42317,0
3,42399,0
5,42481,0
6,42481,0
1,42563,0
3,42645,0
4,42645,0
5,42727,0
6,42808,0
2,42808,0
1,42808,0
0,42890,0
3,42972,0
4,43054,0
1,43136,0
2,43136,0
5,43136,0
4,43218,0
3,43300,0
1,43382,0
6,43382,1,43792
4,43792,0
2,43792,0
1,43792,0
1,45104,0
5,45104,0
4,45104,0
2,45104,0
0,45158,0
6,45213,0
3,45268,0
1,45268,0
2,45431,0
0,45431,0
5,45431,0
4,45513,0
1,45595,0
2,45595,0
6,45677,0
4,45759,0
0,45759,0
3,45759,1,45923
1,45923,0
5,45923,0
6,46005,0
5,46087,0
4,46087,0
2,46087,0
0,46169,0
3,46169,0
4,46251,0
1,46251,0
5,46333,0
2,46333,0
0,46415,0
3,46415,0
4,46415,0
1,46415,0
6,46497,0
4,46579,0
2,46579,0
1,46661,0
0,46743,0
3,46743,0
5,46743,0
6,46825,0
2,46907,0
1,46907,0
4,46989,0
0,47071,0
1,47071,0
3,47071,0
2,47153,0
6,47153,0
4,47235,0
3,47317,0
6,47317,0
1,47399,0
2,47399,0
5,47399,0
0,47481,0
3,47563,0
4,47563,0
5,47645,0
1,47727,0
2,47727,0
6,47727,0
4,47727,0
0,47890,0
3,47890,1,48054
2,48054,0
4,48054,0
5,48054,0
6,48136,0
0,48218,0
1,48218,0
3,48300,0
2,48382,0
6,48382,0
4,48382,1,48546
0,48546,0
3,48546,0
5,48628,0
6,48710,0
1,48710,0
2,48710,0
0,48792,0
4,48874,0
6,48874,0
3,48956,0
2,49038,0
5,49038,0
0,49038,0
4,49038,0
1,49120,0
6,49202,0
3,49202,0
2,49284,0
3,49366,0
4,49366,0
0,49366,0
1,49448,0
6,49530,0
2,49530,0
3,49612,0
4,49694,0
5,49694,0
2,49694,0
1,49776,0
0,49858,0
3,49858,0
2,49940,0
3,50022,0
5,50022,0
6,50022,0
1,50104,0
2,50186,0
0,50186,0
4,50268,0
0,50349,0
3,50349,0
5,50349,0
6,50349,0
1,50431,0
4,50513,0
2,50513,0
5,50513,0
0,50677,0
3,50677,0
2,50677,0
5,50759,0
4,50841,0
1,50923,0
5,50923,0
6,50923,0
3,51005,0
2,51087,0
0,51169,0
5,51169,0
4,51169,0
1,51251,0
2,51333,0
0,51415,0
6,51415,0
5,51415,0
3,51497,0
4,51579,0
2,51661,0
0,51661,0
6,51661,0
5,51743,0
4,51825,0
1,51907,0
2,51907,0
6,51907,0
3,51989,0
2,52071,0
6,52153,0
4,52153,0
0,52153,0
1,52235,0
2,52317,0
4,52399,0
5,52399,0
0,52399,0
3,52481,0
4,52563,0
1,52645,0
2,52645,0
6,52645,0
5,52727,0
4,52808,0
0,52890,0
1,52890,0
5,52890,0
3,52972,0
2,53054,0
6,53136,0
4,53136,0
3,53136,0
1,53218,0
2,53300,0
5,53382,0
0,53382,0
1,53382,0
3,53464,0
4,53546,0
2,53628,0
6,53628,0
1,53628,0
5,53710,0
4,53792,0
0,53874,0
6,53874,0
1,53874,0
3,53956,0
2,54038,0
4,54120,0
0,54120,0
5,54120,0
1,54202,0
2,54284,0
1,54366,0
5,54366,0
6,54366,0
3,54448,0
4,54530,0
1,54612,0
3,54612,0
2,54694,0
5,54694,0
1,54776,0
3,54776,0
4,54858,0
6,54858,0
0,54940,0
3,54940,0
2,54940,0
1,55022,0
5,55104,0
6,55186,0
4,55186,0
3,55186,1,55595
0,55595,0
2,55595,0
6,55595,0
5,55595,0
4,55677,0
1,55759,0
3,55841,0
5,55841,0
0,55923,0
2,55923,0
4,55923,0
1,56087,0
6,56087,0
3,56087,0
2,56251,0
5,56251,0
4,56251,0
1,56333,0
0,56415,1,56579
3,56415,0
6,56579,0
5,56579,0
1,56579,0
2,56661,0
3,56743,0
6,56743,0
4,56825,0
1,56907,0
2,56907,0
5,56907,1,57071
0,56907,0
3,57071,0
6,57071,0
4,57153,0
0,57235,0
2,57235,0
5,57235,0
6,57317,0
1,57399,0
4,57399,0
2,57563,0
3,57563,0
0,57563,0
6,57645,0
5,57727,0
1,57727,0
2,57890,0
3,57890,0
4,57890,0
0,57972,0
1,58054,0
2,58054,0
5,58136,0
3,58218,0
4,58218,0
6,58218,0
0,58218,0
1,58382,0
2,58382,0
5,58464,0
4,58546,0
3,58546,0
0,58546,0
6,58628,0
5,58710,0
0,58710,0
2,58792,0
1,58874,1,59202
4,58874,0
3,58874,0
6,59038,0
2,59038,0
5,59120,0
4,59202,1,59530
0,59202,0
3,59202,0
2,59366,0
6,59366,0
0,59530,0
1,59530,0
3,59530,0
5,59530,0
2,59612,0
6,59694,0
1,59694,0
5,59776,0
4,59858,0
0,59858,0
2,59858,0
6,60022,0
3,60022,0
4,60104,0
1,60186,0
5,60186,0
2,60186,0
0,60349,0
3,60349,0
4,60431,0
6,60513,0
1,60513,0
5,60513,0
3,60677,0
2,60677,0
0,60759,0
1,60841,0
4,60841,0
5,60841,0
6,60841,0
2,61087,0
3,61169,0
5,61169,0
6,61169,0
1,61251,0
0,61333,0
4,61333,0
3,61415,0
2,61497,0
6,61497,0
1,61497,0
0,61579,0
5,61661,0
3,61661,0
4,61743,0
1,61825,0
2,61825,0
6,61825,0
5,61907,0
4,61989,0
3,61989,0
0,62071,0
1,62153,0
2,62153,0
6,62153,0
3,62235,0
4,62317,0
5,62317,0
0,62399,0
2,62481,0
3,62481,0
6,62481,0
1,62563,0
4,62645,0
5,62645,0
2,62727,0
0,62808,0
1,62808,0
3,62808,0
6,62890,0
5,62972,0
2,62972,0
4,63054,0
0,63136,0
3,63136,0
6,63136,0
2,63218,0
5,63300,0
1,63300,0
0,63382,0
4,63382,0
3,63464,0
6,63464,0
2,63464,0
1,63546,0
5,63628,0
4,63628,0
0,63710,0
2,63792,0
3,63792,0
6,63792,0
4,63874,0
1,63956,0
5,63956,0
0,64038,0
3,64120,0
4,64120,0
6,64120,0
1,64202,0
2,64284,0
5,64284,0
0,64366,0
4,64448,0
6,64448,0
1,64448,0
2,64530,0
0,64612,0
5,64612,0
4,64694,0
1,64776,0
3,64776,0
6,64776,0
0,64858,0
5,64940,0
4,64940,0
0,65104,0
2,65104,0
1,65186,0
6,65186,0
5,65268,0
3,65268,0
4,65349,0
2,65349,0
0,65431,0
1,65431,0
6,65431,0
5,65513,0
2,65595,0
1,65677,1,66087
3,65677,0
6,65677,0
0,66087,0
4,66087,0
6,66087,0
3,66087,0
0,67399,0
1,67399,0
3,67399,0
5,67399,0
2,67563,0
6,67563,0
1,67727,0
5,67727,0
4,67727,0
3,67727,0
0,67890,0
3,67890,0
2,67890,0
1,68054,0
6,68054,0
5,68054,0
4,68054,0
3,68218,0
2,68218,0
6,68218,0
5,68382,0
4,68382,0
1,68382,0
0,68382,0
1,68546,0
3,68546,0
4,68546,0
2,68710,0
3,68710,0
5,68710,0
6,68710,0
1,68874,0
5,68874,0
4,68874,0
0,69038,0
1,69038,0
3,69038,0
4,69038,0
2,69202,0
3,69202,0
6,69202,0
1,69366,0
2,69366,0
5,69366,0
4,69366,0
2,69530,0
3,69530,0
6,69530,0
5,69530,0
0,69694,0
1,69694,0
4,69694,0
6,69694,0
1,69858,0
2,69858,0
3,69858,0
5,69858,0
0,70022,0
4,70022,0
5,70022,0
3,70022,1,70349
1,70186,0
6,70186,0
2,70349,0
4,70349,0
5,70349,0
1,70513,0
6,70513,0
4,70513,0
0,70677,0
2,70677,0
1,70677,0
5,70677,0
6,70841,0
3,70841,0
2,70841,0
0,71005,0
2,71005,0
4,71005,0
5,71005,0
1,71169,0
3,71169,0
6,71169,0
0,71333,0
1,71333,0
2,71333,0
5,71333,0
2,71497,0
4,71497,0
6,71497,0
1,71661,0
2,71661,0
3,71661,0
5,71661,0
0,71825,0
6,71825,0
1,71825,0
2,71989,0
3,71989,0
4,71989,0
0,71989,0
6,72153,0
1,72153,0
5,72153,0
3,72317,0
4,72317,0
5,72317,0
2,72317,0
1,72481,0
0,72481,0
6,72481,0
2,72645,0
3,72645,0
4,72645,0
5,72645,1,72972
1,72808,0
4,72808,0
0,72972,0
3,72972,0
6,72972,0
2,72972,0
4,73136,0
1,73136,0
6,73300,0
5,73300,0
2,73300,0
0,73300,0
4,73464,0
3,73464,0
2,73628,0
1,73628,0
0,73628,0
5,73628,0
3,73792,0
4,73792,0
2,73792,0
6,73792,0
0,73956,0
2,73956,0
5,73956,0
1,73956,0
3,74120,0
6,74120,0
5,74284,0
4,74284,0
1,74284,0
0,74284,0
2,74448,0
3,74448,0
6,74448,0
0,74612,0
1,74612,0
4,74612,0
5,74612,0
2,74776,0
3,74776,0
6,74776,0
0,74940,0
2,74940,0
4,74940,0
6,74940,0
5,75104,0
3,75104,0
1,75268,0
2,75268,0
6,75268,0
0,75268,0
2,75431,0
5,75431,0
3,75431,0
0,75595,0
1,75595,0
4,75595,0
5,75595,0
4,75759,0
6,75759,0
2,75759,0
1,75923,0
3,75923,0
6,75923,0
5,75923,0
0,76087,0
4,76087,0
5,76087,0
0,76251,0
2,76251,0
1,76251,0
3,76251,0
3,76415,0
6,76415,0
4,76415,0
1,76579,0
2,76579,0
4,76579,0
5,76579,0
0,76743,0
6,76743,0
1,76907,0
3,76907,0
2,76907,0
5,76907,0
4,77071,0
6,77071,0
3,77235,0
5,77235,0
2,77235,0
0,77235,0
6,77399,0
0,77399,0
1,77399,0
3,77563,0
5,77563,0
6,77563,0
4,77563,0
1,77727,0
2,77727,0
3,77727,0
4,77727,0
0,77890,0
1,77890,0
2,77890,0
5,77890,0
3,78054,0
4,78054,0
1,78218,0
2,78218,0
6,78218,0
5,78218,0
0,78300,0
3,78382,0
4,78464,0
1,78546,0
5,78546,0
0,78546,0
2,78546,0
3,78628,0
2,78710,0
1,78792,0
0,78874,0
3,78874,0
4,78874,0
6,78874,0
5,78956,0
1,79038,0
2,79120,0
0,79202,0
1,79202,0
3,79202,0
5,79202,0
4,79284,0
6,79366,0
2,79448,0
1,79530,0
3,79530,0
4,79530,0
5,79530,0
0,79612,0
6,79694,0
2,79776,0
0,79858,0
1,79858,0
3,79858,0
4,79858,0
5,79940,0
2,80022,0
1,80022,0
4,80022,0
6,80022,0
0,80104,0
2,80186,0
3,80186,0
5,80186,0
6,80186,0
1,80268,0
3,80349,0
4,80349,0
6,80349,0
0,80349,0
2,80431,0
1,80513,0
5,80513,0
4,80513,0
0,80513,0
2,80595,0
6,80677,0
3,80759,0
5,80841,0
4,80841,0
0,80841,0
1,80841,0
2,80923,0
6,81005,0
3,81005,0
4,81087,0
0,81169,0
2,81169,0
3,81169,0
5,81169,0
1,81251,0
6,81333,0
2,81415,0
5,81497,0
4,81497,0
3,81497,0
0,81497,0
1,81579,0
6,81661,0
2,81661,0
4,81743,0
3,81825,0
5,81825,0
1,81825,0
0,81825,0
2,81907,0
6,81989,0
4,82071,0
5,82153,0
3,82153,0
1,82153,0
2,82153,0
6,82235,0
4,82317,0
0,82399,0
3,82481,0
5,82481,0
1,82481,0
6,82481,0
2,82563,0
4,82645,0
3,82727,0
0,82808,0
1,82808,0
5,82808,0
4,82808,0
2,82890,0
3,82972,0
6,82972,0
0,82972,0
4,82972,0
5,83054,0
4,83136,0
2,83136,0
1,83136,0
6,83136,0
0,83218,0
1,83300,0
2,83382,0
3,83464,0
5,83464,0
6,83464,0
4,83464,0
1,83546,0
2,83628,0
3,83710,0
0,83792,0
1,83792,0
4,83792,0
6,83792,0
5,83874,0
3,83956,0
4,84038,0
1,84120,0
2,84120,0
5,84120,0
0,84120,0
1,84284,0
4,84284,0
5,84284,0
6,84284,0
3,84448,0
2,84448,0
0,84448,0
6,84448,0
1,84612,0
4,84612,0
5,84612,0
0,84776,0
2,84776,0
3,84776,0
6,84776,0
1,84940,0
3,84940,0
4,84940,0
2,85104,0
6,85104,0
5,85104,0
0,85104,0
4,85268,0
3,85268,0
1,85268,0
0,85431,0
5,85431,0
6,85431,0
2,85431,1,85759
4,85595,0
1,85759,0
3,85759,0
6,85759,0
0,85759,0
4,85841,0
5,85923,0
1,86005,0
2,86087,0
6,86087,0
0,86087,0
3,86087,0
4,86169,0
1,86251,0
6,86251,0
5,86333,0
2,86415,0
3,86415,0
4,86415,0
6,86415,0
0,86497,0
1,86579,0
5,86579,0
2,86661,0
3,86743,0
4,86743,0
5,86743,0
0,86743,0
2,86825,0
6,86907,0
1,86907,0
3,86989,0
0,87071,0
1,87071,0
4,87071,0
2,87071,0
6,87153,0
3,87235,0
5,87235,0
0,87317,0
1,87399,0
4,87399,0
5,87399,0
6,87399,0
3,87481,0
2,87563,0
5,87563,0
0,87645,0
1,87727,0
2,87727,0
3,87727,0
4,87727,0
0,87808,0
4,87890,0
5,87890,0
6,87890,0
1,87972,0
2,88054,0
3,88054,0
4,88054,0
5,88054,0
6,88136,0
0,88218,0
5,88218,0
1,88259,0
2,88300,0
3,88341,0
4,88382,0
6,88382,0
5,88382,0
0,88382,0
1,88546,0
2,88546,0
0,88710,0
3,88710,0
0,88792,0
3,88792,0
1,88874,0
4,88874,0
1,88956,0
4,88956,0
2,89038,0
3,89038,0
6,89038,0
5,89038,0
1,89201,0
4,89283,0
0,89365,0
2,89365,0
3,89365,0
5,89529,0
2,89611,0
6,89693,0
4,89693,0
3,89693,0
2,89857,0
3,89939,0
0,90021,0
1,90021,0
4,90021,0
6,90185,0
2,90185,0
4,90349,0
0,90349,0
3,90349,0
1,90349,0
5,90513,0
2,90595,0
4,90677,0
6,90677,0
3,90677,0
1,90841,0
4,90923,0
2,91005,0
3,91005,0
0,91005,0
4,91169,0
3,91251,0
5,91333,0
2,91333,0
6,91333,0
0,91497,0
4,91497,0
3,91660,0
6,91660,0
1,91660,0
2,91660,0
5,91824,0
4,91906,0
0,91988,0
1,91988,0
2,91988,0
6,92152,0
5,92234,0
4,92316,0
2,92316,0
3,92316,0
0,92480,0
1,92562,0
6,92644,0
5,92644,0
4,92644,0
1,92808,0
2,92808,0
0,92972,0
4,92972,0
3,92972,0
5,92972,0
1,93136,0
2,93218,0
6,93300,0
4,93300,0
5,93300,0
0,93464,0
1,93546,0
3,93628,0
2,93628,0
4,93628,0
6,93792,0
5,93874,0
1,93956,0
0,93956,0
2,93956,0
5,94119,0
4,94119,0
0,94283,0
3,94283,0
6,94283,0
2,94283,0
5,94447,0
2,94529,0
1,94611,0
3,94611,0
4,94611,0
6,94775,0
3,94857,0
2,94939,0
4,94939,0
5,94939,0
0,95103,0
2,95185,0
1,95267,0
3,95267,0
4,95267,0
5,95431,0
2,95431,0
6,95595,0
3,95595,0
0,95595,0
4,95595,0
1,95759,0
4,95841,0
5,95923,0
3,95923,0
2,95923,0
0,96087,0
3,96169,0
4,96251,0
2,96251,0
1,96251,0
6,96415,0
4,96497,0
5,96578,0
3,96578,0
2,96578,0
1,96742,0
4,96742,0
0,96906,0
3,96906,0
6,96906,0
5,96906,0
1,97070,0
4,97152,0
5,97234,0
2,97234,0
3,97234,0
6,97398,0
2,97480,0
1,97562,0
3,97562,0
4,97562,0
5,97726,0
2,97808,0
0,97890,0
3,97890,0
1,97890,0
2,98054,0
4,98054,0
3,98218,0
0,98218,0
6,98218,0
1,98218,0
5,98382,0
2,98464,0
3,98546,0
4,98546,0
1,98546,0
0,98710,0
4,98792,0
3,98874,0
5,98874,0
2,98874,0
1,99037,0
4,99119,0
3,99201,0
6,99201,0
5,99201,0
2,99365,0
4,99365,0
0,99529,0
6,99529,0
1,99529,0
5,99529,0
3,99693,0
4,99775,0
1,99857,0
2,99857,0
6,99857,0
3,100021,0
2,100103,0
4,100185,0
5,100185,0
0,100185,0
3,100349,0
4,100431,0
5,100513,0
1,100513,0
2,100513,0
3,100677,0
4,100677,0
1,100841,0
0,100841,0
6,100841,0
5,100841,0
3,101005,0
2,101087,0
4,101169,0
0,101169,0
5,101169,0
3,101333,0
4,101415,0
2,101497,0
1,101497,0
6,101497,0
3,101660,0
2,101742,0
1,101824,0
4,101824,0
5,101824,0
3,101988,0
2,101988,0
1,102152,0
4,102152,0
0,102152,0
6,102152,0
5,102316,0
3,102398,0
1,102480,0
4,102480,0
6,102480,0
5,102644,0
2,102726,0
4,102808,0
6,102808,0
0,102808,0
5,102972,0
1,103054,0
4,103136,0
6,103136,0
2,103136,0
3,103300,0
1,103300,0
5,103464,0
6,103464,0
2,103464,0
0,103464,0
1,103628,0
3,103710,0
0,103792,0
5,103792,0
2,103792,0
1,103956,0
4,104037,0
2,104119,0
0,104119,0
6,104119,0
1,104283,0
5,104365,0
2,104447,0
0,104447,0
4,104447,0
3,104611,0
5,104611,0
2,104775,0
4,104775,0
6,104775,0
1,104775,0
0,104939,0
3,105021,0
6,105103,0
1,105103,0
5,105103,0
4,105267,0
2,105349,0
1,105431,0
0,105431,0
3,105431,0
2,105595,0
5,105677,0
4,105759,0
6,105759,0
0,105759,0
1,105923,0
3,105923,0
4,106087,0
0,106087,0
2,106087,0
5,106087,0
6,106251,0
3,106333,0
1,106415,0
0,106415,0
5,106415,0
2,106578,0
4,106660,0
5,106742,0
6,106742,0
3,106742,0
4,106906,0
1,106988,0
2,107070,0
0,107070,0
6,107070,0
5,107234,0
3,107234,0
0,107398,0
2,107398,0
4,107398,0
6,107398,0
1,107562,0
2,107644,0
3,107726,0
4,107726,0
6,107726,0
5,107890,0
4,107972,0
3,108054,0
2,108054,0
0,108054,0
1,108218,0
5,108300,0
2,108382,0
3,108382,0
4,108382,0
1,108546,0
5,108546,0
0,108710,0
6,108710,0
3,108710,0
1,108874,0
2,108956,0
3,109037,0
5,109037,0
4,109201,0
3,109283,0
2,109365,0
0,109365,0
4,109529,0
5,109611,0
1,109693,0
3,109693,0
4,109857,0
2,111333,0
3,111333,0
5,111333,0
6,111333,0
1,111578,0
4,111660,0
3,111660,0
2,111660,0
6,111742,0
0,111824,0
5,111824,0
2,111906,0
1,111988,0
3,111988,0
6,111988,0
4,112070,0
0,112152,0
6,112234,0
1,112316,0
4,112316,0
2,112398,0
5,112398,0
1,112480,0
4,112480,0
5,112562,0
2,112562,0
4,112644,0
3,112644,0
6,112644,0
1,112644,0
3,112808,0
6,112808,0
0,112890,0
5,112890,0
2,112890,0
2,113054,0
5,113054,0
6,113136,0
3,113136,0
1,113136,0
0,113300,0
5,113300,0
4,113300,0
1,113382,0
3,113382,0
6,113464,0
2,113464,0
0,113546,0
5,113546,0
1,113628,0
4,113628,0
2,113628,0
6,113669,0
3,113710,0
0,113792,0
4,113792,0
1,113874,0
5,113874,0
2,113956,0
3,113956,0
4,113956,0
6,113956,0
1,114119,1,114283
0,114119,0
2,114283,0
5,114283,1,114447
6,114283,0
3,114447,0
4,114447,0
0,114529,0
5,114611,0
4,114611,1,114775
1,114611,0
6,114775,0
2,114775,0
1,114857,0
3,114939,0
0,114939,0
5,114939,0
4,115021,0
1,115103,0
2,115103,0
6,115185,0
5,115267,0
4,115267,0
3,115267,0
2,115267,0
0,115431,0
1,115431,0
3,115513,0
2,115595,0
4,115595,0
6,115595,0
5,115759,0
1,115759,0
0,115841,0
2,115923,0
3,115923,0
6,115923,0
0,116087,0
5,116087,0
4,116169,0
2,116251,0
6,116251,0
1,116251,0
4,116415,0
3,116497,0
2,116578,0
1,116578,0
5,116578,0
6,116578,0
0,116742,0
4,116742,0
2,116824,0
6,116906,0
5,116906,0
4,116906,0
3,116988,0
2,117070,0
0,117152,0
1,117152,0
3,117234,0
4,117316,0
0,117398,0
1,117398,0
2,117398,0
3,117480,0
4,117562,0
5,117644,0
6,117644,0
3,117726,0
2,117808,0
1,117890,0
0,117890,0
5,117890,0
3,117972,0
2,118054,0
6,118136,0
5,118136,0
4,118218,0
0,118300,0
5,118382,0
6,118382,0
1,118382,0
3,118464,0
4,118546,0
1,118628,0
0,118628,0
2,118710,0
6,118792,0
5,118874,0
4,118874,0
3,118874,0
2,118956,0
1,119037,0
6,119119,0
5,119119,0
4,119201,0
0,119283,0
3,119365,0
1,119365,0
2,119365,0
4,119447,0
5,119529,0
0,119611,0
1,119611,0
2,119693,0
6,119775,0
5,119857,0
4,119857,0
3,119857,0
2,119939,0
0,120021,0
1,120103,0
3,120103,0
4,120185,0
6,120267,0
3,120349,0
2,120349,0
0,120349,0
1,120513,0
6,120513,0
5,120513,0
4,120513,0
0,120595,0
3,120677,0
4,120677,0
2,120759,0
1,120841,0
5,120841,0
3,120841,0
0,120923,0
4,121005,0
6,121005,0
5,121087,0
1,121169,0
0,121169,0
3,121169,0
2,121251,0
4,121333,1,121824
1,121333,0
6,121415,0
0,121824,0
2,121824,0
3,121824,0
5,121824,0
1,121988,0
6,121988,0
5,122152,0
4,122152,0
2,122152,0
3,122234,0
0,122316,0
6,122316,0
2,122398,0
6,122480,0
5,122480,0
1,122480,0
4,122562,0
0,122644,0
3,122644,0
2,122808,0
6,122808,0
5,122808,0
1,122890,0
4,122972,0
3,122972,0
2,123054,0
0,123136,0
3,123136,0
5,123136,0
1,123136,1,123300
2,123300,0
4,123300,0
5,123382,0
6,123464,0
3,123464,0
1,123464,0
0,123546,0
4,123628,0
1,123628,0
2,123710,0
3,123792,0
6,123792,0
5,123792,1,123956
0,123956,0
1,123956,0
4,124037,0
2,124119,0
3,124119,0
6,124119,0
5,124201,0
0,124283,0
1,124365,0
4,124447,0
5,124447,0
2,124447,0
6,124447,0
3,124611,0
0,124611,0
5,124693,0
2,124775,0
1,124775,0
4,124775,0
6,124857,0
0,124939,0
5,124939,0
4,125021,0
1,125103,0
3,125103,0
6,125103,0
0,125267,0
5,125267,0
2,125349,0
6,125431,0
4,125431,0
1,125431,0
5,125595,0
2,125595,0
4,125677,0
6,125759,0
3,125759,0
0,125759,0
1,125759,1,125923
2,125923,0
5,125923,0
3,126005,0
4,126087,0
0,126087,0
6,126087,0
2,126169,0
1,126251,0
6,126251,0
5,126333,0
4,126415,0
3,126415,0
2,126415,0
0,126497,0
5,126578,0
1,126578,0
6,126660,0
1,126742,0
2,126742,0
3,126742,1,126906
4,126906,0
5,126906,0
6,126988,0
0,127070,0
1,127070,0
2,127070,0
4,127070,0
3,127316,0
5,127316,0
2,127398,0
0,127480,0
3,127562,0
5,127562,0
2,127644,0
0,127726,0
1,127808,0
3,127808,0
4,127890,0
6,127972,0
1,128054,0
3,128054,0
4,128136,0
6,128218,0
5,128300,0
2,128300,0
1,128382,0
4,128464,0
5,128546,0
2,128546,0
1,128628,0
4,128710,0
3,128792,0
0,128792,0
6,128874,0
1,128956,0
3,129037,0
0,129037,0
6,129119,0
1,129201,0
5,129283,0
4,129283,0
3,129365,0
0,129447,0
5,129529,0
4,129529,0
3,129611,0
0,129693,0
2,129775,0
6,129775,0
1,129857,0
4,129939,0
2,130021,0
6,130021,0
1,130103,0
4,130185,0
5,130267,0
0,130267,0
3,130349,0
6,130431,0
5,130513,0
0,130513,0
3,130595,0
6,130677,0
1,130759,0
2,130759,0
4,130841,0
3,130923,0
1,131005,0
2,131005,0
4,131087,0
3,131169,0
5,131333,0
4,131415,0
3,131497,0
2,131578,0
1,131660,0
1,131906,1,132316
3,132316,0
6,133066,0
5,133066,0
3,133066,0
1,133066,0
1,133300,0
3,133300,0
5,133300,0
6,133300,0
1,133518,0
3,133518,0
5,133518,0
6,133518,0
3,133587,0
1,133587,0
5,133587,0
6,133587,0
0,133628,0
2,133628,0
4,133628,0
0,134447,0
2,134447,0
5,134447,0
0,134652,0
2,134652,0
5,134652,0
0,134857,0
2,134857,0
5,134857,0
1,134939,0
3,134939,0
4,134939,0
6,134939,0
3,135144,0
6,135144,0
1,135144,0
1,135349,0
3,135349,0
6,135349,0
1,135431,0
3,135431,0
6,135431,0
1,135759,0
4,135759,0
6,135759,0
1,136046,0
4,136046,0
6,136046,0
0,136251,0
2,136251,0
3,136251,0
5,136251,0
0,136456,0
2,136456,0
3,136456,0
0,136660,0
2,136660,0
3,136660,0
2,136742,0
3,136742,0
0,136742,0
0,137070,0
3,137070,0
5,137070,0
0,137275,0
3,137275,0
5,137275,0
0,137480,0
3,137480,0
5,137480,0
1,137562,0
2,137562,0
4,137562,0
6,137562,0
1,137767,0
2,137767,0
4,137767,0
1,137972,0
2,137972,0
4,137972,0
1,138054,0
2,138054,0
4,138054,0
6,138382,0
2,138382,0
4,138382,0
6,138669,0
2,138669,0
4,138669,0
0,138874,0
1,138874,0
3,138874,0
5,138874,0
1,139078,0
3,139078,0
5,139078,0
2,139283,0
4,139283,0
5,139283,0
5,139365,0
3,139365,0
1,139365,0
1,139693,0
3,139693,0
5,139693,0
0,139898,0
2,139898,0
3,139898,0
1,140103,0
2,140103,0
3,140103,0
0,140185,0
4,140185,0
6,140185,0
5,140185,0
4,140390,0
6,140390,0
0,140390,0
5,140595,0
0,140595,0
3,140595,0
4,140677,0
6,140677,0
0,140677,0
0,141005,0
4,141005,0
6,141005,0
1,141292,0
3,141292,0
4,141292,0
0,141497,0
2,141497,0
5,141497,0
6,141497,0
1,141701,0
2,141701,0
4,141701,0
1,141906,0
2,141906,0
4,141906,0
5,141988,0
2,141988,0
3,141988,0
2,142316,0
3,142316,0
5,142316,0
0,142316,0
0,142521,0
2,142521,0
5,142521,0
3,142726,0
2,142726,0
5,142726,0
0,142808,0
1,142808,0
4,142808,0
6,142808,0
1,143013,0
4,143013,0
3,143013,0
1,143218,0
3,143218,0
4,143218,0
0,143300,0
2,143300,0
3,143300,0
0,143628,0
2,143628,0
3,143628,0
5,143628,0
1,143915,0
3,143915,0
5,143915,0
1,144119,0
3,144119,0
0,144119,0
4,144119,0
2,144201,0
1,144283,0
4,144365,0
0,144365,0
2,144447,0
3,144447,0
6,144447,0
3,144611,0
6,144611,0
0,144775,0
2,144775,0
5,144775,0
0,144939,0
5,144939,0
4,145103,0
1,145103,0
2,145103,0
3,145267,0
5,145267,0
0,145431,0
1,145431,0
2,145431,0
4,145431,0
3,145513,0
2,145595,0
4,145677,0
1,145677,0
0,145759,0
2,145759,0
3,145759,0
0,145923,0
3,145923,0
6,146087,0
4,146087,0
2,146087,0
4,146251,0
2,146251,0
3,146415,0
5,146415,0
1,146415,0
1,146578,0
5,146578,0
5,146742,0
3,146742,0
6,146742,0
2,146742,0
4,146824,0
5,146906,0
2,146988,0
6,146988,0
4,147070,0
3,147070,0
0,147070,0
3,147234,0
0,147234,0
6,147398,0
4,147398,0
1,147398,0
6,147562,0
1,147562,0
2,147726,0
5,147726,0
4,147726,0
3,147890,0
1,147890,0
6,148054,0
5,148054,0
4,148054,0
2,148054,0
3,148136,0
6,148218,0
2,148300,0
5,148300,0
6,148382,0
4,148382,0
3,148382,0
6,148546,0
3,148546,0
0,148710,0
2,148710,0
4,148710,0
2,148874,0
4,148874,0
3,149037,0
1,149037,0
5,149037,0
5,149201,0
1,149201,0
0,149365,0
2,149365,0
3,149365,0
5,149365,0
1,149447,0
4,149529,0
3,149611,0
5,149611,0
6,149693,0
1,149693,0
2,149693,0
1,149857,0
2,149857,0
0,150021,0
3,150021,0
6,150021,0
0,150185,0
3,150185,0
1,150349,0
2,150349,0
5,150349,0
1,150513,0
5,150513,0
3,150677,0
4,150677,0
6,150677,0
0,150677,0
1,150759,0
3,150841,0
2,150923,0
0,150923,0
1,151005,0
4,151005,0
5,151005,0
1,151169,0
5,151169,0
0,151333,0
2,151333,0
6,151333,0
0,151497,0
2,151497,0
1,151660,0
5,151660,0
4,151660,0
1,151824,0
4,151824,0
6,151988,0
4,151988,0
3,151988,0
1,151988,0
5,152070,0
2,152152,0
3,152234,0
1,152234,0
0,152316,0
5,152316,0
4,152316,0
5,152480,0
4,152480,0
6,152644,0
3,152644,0
0,152644,0
6,152808,0
3,152808,0
5,152972,0
4,152972,0
1,152972,0
5,153136,0
1,153136,0
3,153300,0
2,153300,0
0,153300,0
6,153300,0
5,153382,0
3,153464,0
4,153546,0
6,153546,0
5,153628,0
2,153628,0
1,153628,0
5,153792,0
1,153792,0
6,153956,0
4,153956,0
0,153956,0
6,154119,0
4,154119,0
5,154283,0
1,154283,0
2,154283,0
5,154447,0
2,154447,0
0,154611,0
1,154611,0
4,154611,0
3,154611,0
2,154693,0
5,154775,0
2,154857,0
1,154939,0
3,154939,0
4,154939,0
2,155103,0
5,155103,0
3,155267,0
6,155267,0
0,155267,0
2,155431,0
5,155431,0
1,155595,0
4,155595,0
6,155595,0
0,155759,0
3,155759,0
1,155923,0
2,155923,0
4,155923,0
5,155923,0
0,156005,0
3,156087,0
6,156169,0
2,156251,0
4,156251,0
5,156251,0
1,156415,0
3,156415,0
0,156578,0
2,156578,0
5,156578,0
1,156742,0
4,156742,0
2,156906,0
6,156906,0
5,156906,0
1,157070,0
4,157070,0
6,157234,0
5,157234,0
2,157234,0
3,157234,0
4,157316,0
1,157398,0
4,157480,0
5,157562,0
3,157562,0
2,157562,0
4,157726,0
1,157726,0
3,157890,0
0,157890,0
6,157890,0
4,158054,0
1,158054,0
5,158218,0
2,158218,0
0,158218,0
6,158382,0
3,158382,0
5,158546,0
4,158546,0
2,158546,0
1,158546,0
6,158628,0
3,158710,0
0,158792,0
4,158874,0
2,158874,0
1,158874,0
5,159037,0
3,159037,0
6,159201,0
4,159201,0
1,159201,0
5,159365,0
2,159365,0
4,159529,0
0,159529,0
1,159529,0
5,159693,0
2,159693,0
1,159857,0
4,159857,0
6,159857,0
0,159857,0
2,159939,0
3,160021,0
5,160103,0
1,160185,0
2,160185,0
4,160185,0
0,160349,0
3,160349,0
1,160513,0
4,160513,0
5,160513,0
2,160677,0
6,160677,0
0,160841,0
1,160841,0
5,160841,0
4,161005,0
2,161005,0
3,161169,0
0,161169,0
1,161169,0
6,161169,0
5,161251,0
4,161333,0
2,161415,0
0,161497,0
3,161497,0
5,161497,0
1,161660,0
6,161660,0
2,161824,0
3,161824,0
5,161824,0
1,161988,0
4,161988,0
0,162152,0
3,162152,0
5,162152,0
1,162316,0
4,162316,0
5,162480,0
2,162480,0
0,162480,0
6,162480,0
4,162562,0
3,162644,0
1,162726,0
5,162808,0
4,162808,0
2,162808,0
6,162972,0
3,162972,0
5,163136,0
2,163136,0
1,163136,0
4,163300,0
0,163300,0
6,163464,0
5,163464,0
1,163464,0
2,163628,0
4,163628,0
3,163792,0
6,163792,0
5,163792,0
0,163792,0
1,163874,0
2,163956,0
4,164037,0
6,164119,0
3,164119,0
1,164119,0
5,164283,0
0,164283,0
4,164447,0
3,164447,0
1,164447,0
5,164611,0
2,164611,0
6,164775,0
3,164775,0
4,164939,0
5,166742,0
2,166742,1,167070
1,167070,0
4,167070,1,167398
3,167398,0
0,167398,1,167726
1,167726,0
4,167726,1,168054
2,168054,0
5,168054,1,168382
0,168382,0
3,168546,0
6,168710,0
3,168874,0
1,169037,1,169529
0,169529,1,170595
4,171660,0
5,171660,1,171988
3,171824,0
1,171988,0
6,172152,0
3,172316,0
2,172480,0
5,172644,0
3,172644,0
0,172808,0
5,172972,0
2,172972,0
6,173300,0
4,173300,1,173628
3,173628,0
1,173628,0
5,173956,0
2,173956,0
4,174119,0
3,174283,0
0,174283,1,174611
5,174611,1,175677
1,177234,0
4,177234,1,177562
5,177562,0
2,177562,0
6,177890,0
3,177890,1,178218
2,178218,0
5,178218,0
0,178382,0
4,178546,0
4,178874,0
3,179037,0
2,179201,0
4,179365,0
2,179529,0
3,179529,1,179857
0,179857,1,181333
5,182480,0
3,182480,0
1,182644,0
4,182808,0
2,182808,0
5,182972,0
4,183054,0
1,183136,0
0,183300,0
6,183464,0
3,183464,0
6,183546,0
5,183956,0
3,183956,0
6,184119,0
2,184119,0
5,184283,0
1,184283,0
4,184447,0
0,184447,0
3,184611,0
1,184611,0
2,184775,1,186251
1,187398,0
2,187398,0
3,187398,0
5,187398,0
4,187562,0
0,187562,0
2,187726,0
3,187726,0
6,187726,0
4,187726,0
1,187890,0
5,187890,0
2,187890,0
4,188054,0
5,188054,0
0,188054,0
3,188054,1,188382
2,188218,0
6,188218,0
0,188382,0
4,188382,0
5,188382,0
6,188382,0
1,188546,0
5,188546,0
2,188546,0
3,188710,0
4,188710,0
0,188710,0
5,188710,0
2,188874,0
4,188874,0
1,189037,0
2,189037,0
3,189037,0
6,189037,0
0,189201,0
1,189201,0
4,189201,0
5,189365,0
2,189365,0
3,189365,0
6,189365,0
1,189529,0
2,189529,0
4,189529,0
2,189693,0
3,189693,0
0,189693,0
6,189693,0
1,189857,0
3,189857,0
4,189857,0
2,190021,0
4,190021,0
5,190021,0
0,190021,1,190349
1,190185,0
3,190185,0
2,190349,0
4,190349,0
6,190349,0
5,190513,0
3,190513,0
1,190513,0
0,190677,0
2,190677,0
4,190677,0
6,190677,0
1,190841,0
3,190841,0
5,190841,0
2,191005,0
3,191005,0
0,191005,0
6,191005,0
1,191169,0
3,191169,0
4,191169,0
2,191333,0
5,191333,0
6,191333,0
1,191333,0
0,191497,0
4,191497,0
1,191660,0
2,191660,0
5,191660,0
6,191660,0
3,191824,0
0,191824,0
2,191988,0
4,191988,0
5,191988,0
6,191988,0
2,192152,0
4,192152,0
1,192152,0
6,192152,0
0,192316,0
2,192316,0
4,192316,0
5,192316,0
1,192480,0
3,192480,0
5,192480,0
0,192480,0
2,192644,0
4,192644,0
6,192644,0
1,192644,0
0,192808,0
3,192808,0
2,192972,0
4,192972,0
6,192972,0
5,192972,0
3,193136,0
1,193136,0
3,193300,0
4,193300,0
5,193300,0
6,193300,0
2,193464,0
1,193464,0
0,193628,0
4,193628,0
6,193628,0
5,193628,0
1,193792,0
2,193792,0
3,193792,0
4,193956,0
5,193956,0
6,193956,0
0,193956,0
1,194119,0
4,194119,0
2,194283,0
3,194283,0
5,194283,0
6,194283,0
0,194447,0
1,194447,0
2,194447,0
3,194611,0
4,194611,0
0,194611,0
6,194611,0
6,194775,0
2,194775,0
1,194775,0
5,194939,0
3,194939,0
1,194939,0
4,194939,1,195267
1,195267,0
2,195267,0
6,195267,0
5,195267,0
0,195431,0
3,195431,0
1,195595,0
2,195595,0
4,195595,0
5,195595,0
1,195759,0
2,195759,0
4,195759,0
0,195923,0
3,195923,0
5,195923,0
6,195923,0
0,196087,0
6,196087,0
5,196087,0
2,196169,0
1,196251,0
3,196251,0
4,196251,0
0,196415,0
2,196415,0
5,196415,0
4,196497,0
1,196578,0
2,196578,0
3,196578,0
6,196578,0
1,196742,0
3,196742,0
6,196742,0
5,196906,0
4,196906,0
2,196906,0
0,196906,0
5,197070,0
0,197070,0
4,197070,0
1,197234,0
2,197234,0
3,197234,0
6,197234,0
1,197398,0
3,197398,0
6,197398,0
0,197562,0
1,197562,0
2,197562,0
3,197562,0
4,197726,0
5,197726,0
6,197726,0
3,197890,0
1,197890,0
0,197890,0
2,197890,0
6,198054,0
2,198054,0
1,198218,0
3,198218,0
4,198218,0
5,198218,0
0,198300,0
3,198382,0
4,198464,0
1,198546,0
5,198546,0
0,198546,0
2,198546,0
3,198628,0
2,198710,0
1,198792,0
0,198874,0
3,198874,0
4,198874,0
6,198874,0
5,198956,0
2,199037,0
3,199119,0
0,199201,0
1,199201,0
4,199201,0
5,199201,0
6,199283,0
4,199365,0
1,199447,0
2,199529,0
3,199529,0
4,199529,0
5,199529,0
0,199611,0
5,199693,0
4,199775,0
6,199857,0
5,199857,0
3,199857,0
2,199857,0
1,199939,0
4,200021,0
5,200021,0
2,200021,0
0,200021,0
6,200103,0
4,200185,0
3,200185,0
1,200185,0
0,200185,0
5,200267,0
3,200349,0
2,200349,0
0,200349,0
6,200349,0
4,200431,0
5,200513,0
1,200513,0
2,200513,0
6,200513,0
4,200595,0
2,200677,0
3,200759,0
5,200841,0
4,200841,0
0,200841,0
1,200841,0
2,200923,0
6,201005,0
3,201005,0
4,201087,0
0,201169,0
2,201169,0
3,201169,0
5,201169,0
1,201251,0
6,201333,0
2,201415,0
5,201497,0
4,201497,0
3,201497,0
0,201497,0
1,201578,0
6,201660,0
2,201660,0
4,201742,0
3,201824,0
5,201824,0
1,201824,0
0,201824,0
2,201906,0
6,201988,0
4,202070,0
5,202152,0
3,202152,0
1,202152,0
2,202152,0
6,202234,0
4,202316,0
0,202398,0
3,202480,0
5,202480,0
1,202480,0
6,202480,0
2,202562,0
4,202644,0
3,202726,0
0,202808,0
1,202808,0
5,202808,0
4,202808,0
2,202890,0
3,202972,0
6,202972,0
0,202972,0
4,202972,0
5,203054,0
4,203136,0
2,203136,0
1,203136,0
6,203136,0
0,203218,0
1,203300,0
6,203382,0
3,203464,0
5,203464,0
0,203464,0
4,203464,0
1,203546,0
3,203628,0
2,203710,0
0,203792,0
1,203792,0
5,203792,0
6,203792,0
4,203874,0
3,203956,0
6,204037,0
1,204119,0
5,204119,0
4,204119,0
0,204119,0
1,204283,0
2,204283,0
5,204283,0
6,204283,0
3,204447,0
4,204447,0
0,204447,0
6,204447,0
1,204611,0
4,204611,0
5,204611,0
0,204775,0
2,204775,0
3,204775,0
6,204775,0
1,204939,0
3,204939,0
4,204939,0
2,205103,0
6,205103,0
5,205103,0
0,205103,0
4,205267,0
5,205267,0
1,205267,0
0,205431,0
3,205431,0
6,205431,0
2,205431,1,205759
1,205759,0
3,205759,0
6,205759,0
0,205759,0
4,205841,0
5,205923,0
1,206005,0
2,206087,0
6,206087,0
0,206087,0
3,206087,0
4,206169,0
1,206251,0
6,206251,0
5,206333,0
2,206415,0
3,206415,0
4,206415,0
6,206415,0
0,206497,0
1,206578,0
5,206578,0
2,206660,0
3,206742,0
4,206742,0
5,206742,0
0,206742,0
2,206824,0
6,206906,0
1,206906,0
3,206988,0
0,207070,0
1,207070,0
4,207070,0
2,207070,0
6,207152,0
3,207234,0
5,207234,0
0,207316,0
1,207398,0
4,207398,0
5,207398,0
6,207398,0
3,207480,0
2,207562,0
5,207562,0
0,207644,0
1,207726,0
2,207726,0
3,207726,0
4,207726,0
0,207808,0
4,207890,0
5,207890,0
6,207890,0
3,207890,0
1,207972,0
2,208054,0
3,208054,0
4,208054,0
5,208054,0
6,208136,0
1,208218,0
3,208218,0
4,208218,0
2,208218,0
0,208300,0
2,208382,0
4,208382,0
5,208382,0
3,208382,1,208546
0,208710,0
2,208710,0
4,208710,0
1,208792,0
3,208792,0
2,208874,0
4,208874,0
3,208956,0
5,208956,0
2,209037,0
4,209037,0
6,209037,0
5,209201,0
0,209201,0
1,209201,0
3,209365,0
6,209365,0
4,209420,0
1,209420,0
0,209475,0
2,209475,0
6,209529,0
5,209529,0
4,209584,0
3,209584,0
2,209639,0
1,209639,0
0,209693,0
5,209693,0
6,209693,0
4,209775,0
1,209775,0
2,209857,0
5,209857,0
0,209939,0
3,209939,0
1,210021,0
4,210021,0
2,210103,0
5,210103,0
4,210185,0
1,210185,0
0,210267,0
3,210267,0
6,210349,0
5,210349,0
2,210349,0
1,210513,0
4,210513,0
3,210595,0
2,210595,0
6,210677,0
5,210677,0
0,210677,0
1,210759,0
3,210759,0
2,210841,0
6,210841,0
5,210923,0
0,210923,0
1,211005,0
4,211005,0
3,211005,0
2,211169,0
5,211169,0
6,211169,0
0,211333,0
1,211333,0
4,211333,0
2,211497,0
5,211497,0
4,211578,0
1,211578,0
0,211660,0
3,211660,0
5,211660,0
1,211824,0
4,211824,0
6,211824,0
5,211988,0
3,211988,0
2,212070,0
4,212070,0
6,212152,1,212316
0,212152,0
1,212316,0
3,212316,0
4,212316,0
2,212398,0
5,212398,0
0,212480,0
4,212480,0
3,212562,0
6,212562,0
1,212644,0
2,212644,1,212808
5,212644,0
4,212808,0
3,212808,0
3,212972,1,213136
5,212972,0
0,212972,0
1,213136,0
6,213136,0
5,213218,0
2,213218,0
4,213300,1,213464
0,213300,0
6,213300,0
2,213464,0
6,213464,0
0,213628,0
1,213628,0
3,213628,0
2,213792,1,213956
6,213792,1,213956
5,213792,0
0,213956,0
3,213956,0
1,214037,0
4,214037,0
2,214119,0
5,214119,0
3,214201,0
6,214201,0
0,214283,0
4,214283,0
1,214283,0
0,214447,0
1,214447,0
4,214447,0
6,214611,0
3,214611,0
2,214693,0
5,214693,0
1,214775,0
4,214775,0
0,214857,0
3,214857,0
2,214939,0
5,214939,0
1,215021,0
4,215021,0
0,215103,0
3,215103,0
1,215185,0
4,215185,0
2,215267,0
6,215267,0
5,215267,0
2,215431,0
5,215431,0
6,215431,0
0,215595,0
1,215595,0
5,215677,0
6,215677,0
0,215759,0
1,215759,0
5,215841,0
6,215841,0
0,215923,0
2,215923,0
4,216005,0
6,216005,0
0,216087,0
2,216087,0
4,216169,0
6,216169,0
1,216251,0
3,216251,0
5,216251,0
1,216415,0
3,216415,0
5,216415,0
4,216578,0
6,216578,0
2,216660,0
0,216660,0
4,216742,0
6,216742,0
0,216824,0
2,216824,0
5,216906,0
4,216906,0
2,216988,0
1,216988,0
4,217070,0
5,217070,0
1,217152,0
2,217152,0
0,217234,0
3,217234,0
6,217234,0
0,217398,0
3,217398,0
6,217398,0
5,217562,0
4,217562,0
2,217644,0
1,217644,0
6,217726,0
5,217726,0
1,217808,0
0,217808,0
4,217890,0
3,217890,0
1,217972,0
2,217972,0
5,218054,0
6,218054,0
2,218136,0
3,218136,0
4,218218,0
1,218218,0
2,218300,0
5,218300,0
6,218382,0
3,218382,0
0,218464,0
4,218464,0
1,218546,0
5,218546,0
6,218628,0
2,218628,0
3,218710,0
0,218710,0
6,218792,0
3,218792,0
5,218874,0
1,218874,0
2,218874,1,219037
4,218874,1,219037
0,219201,0
3,219201,0
6,219201,0
1,219283,0
4,219283,0
0,219365,0
3,219365,0
2,219447,0
6,219447,0
1,219529,0
5,219529,0
2,219611,0
6,219611,0
0,219693,0
5,219693,0
1,219775,0
4,219775,0
2,219857,0
5,219857,0
0,220021,0
3,220021,0
0,220103,0
3,220103,0
2,220185,0
6,220185,0
5,220185,0
4,220267,0
0,220267,0
1,220349,0
3,220349,0
6,220431,0
0,220431,0
5,220513,0
1,220513,1,220677
0,220677,0
5,220677,0
2,220759,0
3,220759,0
0,220841,0
4,220841,0
6,220841,0
5,220923,0
2,220923,0
1,221005,1,221169
3,221005,0
6,221169,0
4,221169,0
0,221169,0
5,221251,0
3,221251,0
0,221333,0
2,221333,0
1,221415,0
3,221415,0
6,221497,0
5,221497,0
4,221497,0
0,221578,0
3,221578,0
1,221660,0
2,221660,1,221824
5,221824,0
3,221824,0
4,221906,0
0,221906,0
1,221988,0
6,221988,0
2,222070,0
3,222070,0
5,222152,0
0,222152,0
4,222234,0
6,222234,0
2,222316,0
1,222316,0
0,222398,0
3,222398,0
4,222480,0
5,222480,0
0,222644,0
3,222644,0
1,222726,0
5,222726,0
4,222808,0
6,222808,0
2,222808,0
1,222972,0
3,222972,0
5,222972,0
0,223136,0
2,223136,0
4,223136,0
6,223218,0
5,223218,0
4,223300,0
3,223300,0
1,223300,0
6,223464,0
2,223464,0
1,223546,0
5,223546,0
0,223628,0
4,223628,0
1,223710,0
5,223710,0
2,223792,0
6,223792,0
3,223792,0
0,223956,0
1,223956,0
4,223956,0
2,224037,0
3,224037,0
5,224119,0
6,224119,0
1,224283,0
3,224283,0
2,224283,0
0,224447,0
2,224447,0
4,224447,0
1,224529,0
5,224529,0
2,224611,0
6,224611,0
3,224693,0
5,224693,0
4,224775,0
2,224775,0
1,224857,0
3,224857,0
6,224939,0
4,224939,0
2,224939,0
5,225021,0
1,225021,0
0,225103,0
4,225103,0
1,225185,0
3,225185,0
4,225267,0
2,225267,0
3,225349,0
5,225349,0
0,225431,0
2,225431,0
4,225431,0
1,225513,0
5,225513,0
0,225595,0
4,225595,0
1,225677,0
3,225677,0
0,225759,0
4,225759,0
1,225841,0
5,225841,0
2,225923,0
4,225923,0
6,225923,0
1,226005,0
5,226005,0
6,226087,0
2,226087,0
3,226169,0
5,226169,0
2,226251,0
6,226251,0
5,226333,0
1,226333,0
0,226415,0
6,226415,0
2,226415,0
1,226497,0
3,226497,0
0,226578,0
6,226578,0
1,226660,0
3,226660,0
6,226742,0
0,226742,0
3,226824,0
4,226906,0
6,226906,0
0,226906,0
5,226988,0
3,226988,0
6,227070,0
0,227070,0
3,227152,0
5,227152,0
6,227234,0
0,227234,0
3,227316,0
5,227316,0
0,227398,0
2,227398,0
4,227398,0
1,227480,0
3,227480,0
0,227562,0
4,227562,0
1,227644,0
3,227644,0
0,227726,0
4,227726,0
1,227808,0
3,227808,0
2,227890,0
4,227890,0
6,227890,0
5,227972,0
3,227972,0
2,228054,0
6,228054,0
5,228136,0
3,228136,0
6,228218,0
2,228218,0
3,228300,0
5,228300,0
0,228382,0
1,228382,0
2,228382,0
4,228464,0
5,228464,0
6,228464,0
2,228546,0
1,228546,0
0,228546,0
4,228628,0
5,228628,0
6,228628,0
0,228710,0
1,228710,0
3,228710,0
2,228710,0
4,228792,0
5,228874,0
6,228956,1,229365
3,228956,0
2,228956,0
0,229037,0
1,229037,0
4,229037,0
2,229201,0
3,229201,0
5,229201,0
0,229365,0
1,229365,0
2,229365,0
4,229365,0
5,229365,0
