3,94,0
0,94,1,358
1,270,1,358
2,358,0
3,358,0
1,446,1,535
0,446,1,711
2,623,1,711
3,623,1,888
0,799,1,976
1,799,1,932
2,976,0
3,976,0
1,1020,0
0,1064,1,1461
2,1108,0
3,1152,1,1241
1,1241,1,1329
2,1329,0
3,1329,1,1417
1,1417,1,1505
3,1505,0
2,1549,0
0,1593,0
1,1638,0
3,1682,1,1770
2,1770,1,1858
0,1770,0
1,1858,0
3,1858,0
0,1946,0
2,2035,0
3,2035,0
1,2123,1,2211
3,2211,1,2476
2,2255,0
1,2299,0
0,2343,0
2,2388,1,2476
0,2476,1,2564
1,2476,0
2,2564,0
3,2564,0
2,2741,0
1,2741,1,2917
0,2829,1,2917
3,2917,1,3005
1,3005,1,3093
3,3093,0
0,3182,0
1,3182,0
3,3270,0
2,3270,1,3358
0,3358,1,3446
2,3446,1,3535
1,3446,0
0,3535,1,3623
3,3623,0
2,3667,0
1,3711,0
0,3755,0
3,3799,0
2,3799,1,3888
1,3888,1,3976
3,3976,0
2,3976,0
0,4064,0
2,4152,1,4241
3,4196,0
1,4241,1,4329
0,4285,0
2,4329,1,4461
3,4417,1,4505
1,4505,0
2,4549,0
3,4593,0
0,4638,0
2,4682,0
1,4682,1,4770
2,4858,0
1,4858,1,5167
0,4946,1,5123
3,5123,0
2,5123,1,5211
0,5211,0
1,5255,0
2,5299,0
3,5343,0
0,5388,1,5476
1,5388,0
2,5476,1,5564
0,5564,1,5652
1,5564,0
2,5652,1,5741
3,5741,1,6005
2,5917,1,6005
1,6005,0
0,6005,0
2,6093,1,6182
3,6093,1,6358
1,6270,1,6358
0,6270,1,6535
3,6446,1,6623
2,6446,1,6579
1,6623,0
0,6623,0
2,6667,0
3,6711,1,7108
1,6755,0
0,6799,1,6888
2,6888,1,6976
1,6976,0
0,6976,1,7064
2,7064,1,7152
0,7152,0
1,7196,0
3,7241,0
2,7285,0
0,7329,1,7505
1,7417,1,7505
3,7417,0
2,7505,0
3,7593,0
1,7682,0
0,7682,0
2,7770,1,7858
0,7858,1,8123
1,7902,0
2,7946,0
3,7991,0
1,8035,1,8123
3,8123,1,8211
2,8123,0
1,8211,0
0,8211,0
1,8388,0
2,8388,1,8564
3,8476,1,8564
0,8564,1,8652
2,8652,1,8741
0,8741,0
3,8829,0
2,8829,0
0,8917,0
1,8917,1,9005
3,9005,1,9093
1,9093,1,9182
2,9093,0
3,9182,1,9270
0,9270,0
1,9314,0
2,9358,0
3,9402,0
1,9446,1,9535
0,9446,0
2,9535,1,9623
0,9623,0
1,9623,0
3,9711,0
1,9799,1,9888
0,9843,0
2,9888,1,9976
3,9932,0
1,9976,1,10108
0,10064,1,10152
2,10152,0
1,10196,0
0,10241,0
3,10285,0
1,10329,0
2,10329,1,10417
1,10505,0
2,10549,1,10814
3,10593,1,10770
0,10770,1,10902
1,10770,1,10858
3,10858,0
2,10902,1,11123
1,10946,1,11035
0,10991,0
3,11035,1,11123
1,11123,1,11211
3,11211,1,11299
2,11211,1,11299
1,11299,1,11388
2,11388,0
3,11388,0
0,11388,0
1,11476,0
2,11564,0
0,11652,0
1,11741,0
3,11741,0
0,11829,0
2,11917,0
1,12005,0
2,12093,0
3,12093,0
0,12182,0
1,12270,0
3,12314,0
2,12358,0
0,12402,0
1,12446,0
1,12535,0
3,12623,0
2,12711,0
1,12799,0
0,12799,0
3,12843,0
2,12888,0
0,12976,0
1,13035,0
2,13093,0
3,13152,0
0,13152,0
1,13241,0
3,13329,0
2,13417,0
0,13505,0
3,13549,0
1,13593,0
2,13638,0
0,13682,0
0,13770,0
2,13858,0
3,13858,0
1,13946,0
2,14035,0
0,14123,0
1,14211,0
3,14211,0
2,14299,0
0,14388,0
2,14476,0
0,14564,0
3,14564,0
1,14652,0
3,14741,0
1,14829,0
3,14917,0
2,14961,0
1,15005,0
0,15049,0
3,15093,0
1,15182,0
2,15270,0
0,15270,0
3,15358,0
1,15446,0
0,15491,0
3,15535,0
1,15579,0
2,15623,0
0,15711,0
2,15799,0
3,15843,0
0,15888,0
2,15932,0
1,15976,0
3,16064,0
1,16152,0
2,16241,0
3,16329,0
0,16329,0
1,16417,0
3,16505,0
2,16549,0
0,16593,0
1,16638,0
3,16682,0
3,16770,0
1,16858,0
1,16946,0
2,17035,0
3,17035,0
0,17035,0
1,17123,0
2,17211,0
0,17299,0
1,17388,0
3,17388,0
0,17476,0
2,17564,0
1,17652,0
2,17741,0
3,17741,0
0,17829,0
1,17917,0
3,17961,0
2,18005,0
0,18049,0
1,18093,0
1,18182,0
3,18270,0
2,18358,0
1,18446,0
0,18446,0
3,18446,0
2,18535,0
0,18623,0
1,18623,0
2,18711,0
3,18799,0
0,18799,0
1,18888,0
3,18976,0
2,18976,0
1,19064,0
0,19152,0
3,19152,0
2,19241,0
0,19329,0
1,19329,0
2,19417,0
3,19505,0
0,19505,0
1,19593,0
2,19682,0
3,19682,0
0,19770,0
3,19858,0
2,19858,0
1,19946,0
0,19946,0
2,20035,0
3,20035,0
1,20123,0
0,20211,0
3,20211,0
2,20299,0
1,20388,0
0,20388,0
2,20476,0
3,20476,0
1,20564,0
0,20564,0
2,20652,0
3,20741,0
0,20741,0
1,20829,0
2,20917,0
3,20917,0
1,21005,0
0,21005,0
2,21093,0
3,21093,0
1,21182,0
0,21270,0
3,21270,0
2,21314,0
1,21446,0
2,21491,0
1,21623,0
0,21667,0
1,21799,0
2,21843,0
3,21976,1,22196
2,22020,1,22152
0,22152,0
1,22196,0
2,22241,0
3,22285,0
0,22329,1,22476
2,22388,1,22593
1,22446,1,22535
3,22505,1,22593
0,22564,0
1,22623,0
2,22682,1,22770
3,22682,1,22829
0,22741,0
1,22799,1,22946
2,22858,1,22946
3,22917,0
0,23035,0
1,23035,1,23123
2,23079,0
3,23211,1,23299
2,23255,0
0,23388,0
1,23388,1,23476
2,23432,0
3,23564,1,23652
2,23608,0
1,23741,0
0,23741,0
3,23799,0
2,23858,0
0,23917,0
2,23976,0
0,24093,1,24241
1,24093,1,24182
3,24152,0
2,24211,1,24358
1,24270,1,24358
0,24329,0
3,24446,0
2,24446,0
0,24535,0
2,24623,1,24711
3,24682,1,24770
0,24711,0
2,24799,0
1,24799,0
3,24976,1,25064
0,24976,0
2,25035,1,25123
1,25152,0
3,25152,0
3,25329,0
0,25329,0
1,25388,0
2,25446,1,25652
3,25505,1,25593
0,25505,0
1,25623,1,25829
0,25682,1,25770
2,25858,0
3,25858,0
1,25902,0
0,26035,0
1,26079,0
2,26211,0
0,26211,0
3,26270,0
1,26329,0
2,26388,1,26652
1,26564,1,26829
3,26564,1,26652
0,26564,0
2,26741,1,26829
0,26741,1,27005
1,26917,1,27005
3,26917,1,27152
2,26917,0
2,27093,1,27329
1,27152,1,27270
0,27211,1,27505
3,27270,1,27388
1,27446,1,27682
2,27505,1,27623
3,27564,1,27888
0,27623,1,27741
2,27799,1,27888
1,27858,1,28035
0,27917,1,28241
2,27976,1,28093
3,27976,1,28152
1,28152,1,28241
2,28211,1,28329
3,28270,1,28329
1,28329,1,28417
0,28329,1,28476
3,28388,0
2,28446,1,28593
1,28505,1,28593
0,28564,0
3,28682,0
0,28682,1,28770
1,28726,0
1,28858,1,28946
2,28902,0
0,29035,0
2,29035,1,29123
3,29079,0
3,29211,1,29299
1,29255,0
0,29388,1,29535
2,29388,0
3,29446,1,29652
1,29505,1,29593
2,29564,1,29652
0,29623,0
1,29682,0
3,29741,1,29888
2,29741,1,29829
0,29799,0
1,29858,1,30005
2,29917,1,30005
3,29976,0
0,30093,0
1,30093,0
2,30182,0
1,30270,1,30358
0,30329,1,30476
2,30358,0
3,30446,0
1,30446,1,30535
2,30623,1,30711
0,30623,0
1,30682,1,30829
3,30799,0
2,30799,1,30888
3,30976,1,31064
2,31035,1,31123
1,31093,1,31299
0,31152,1,31241
3,31211,0
2,31270,1,31358
3,31329,1,31417
1,31388,0
2,31446,0
1,31505,1,31652
0,31505,1,31593
3,31564,1,31770
2,31623,1,31711
0,31682,0
1,31741,0
2,31799,1,32005
3,31858,1,31946
0,31858,1,32123
1,31917,1,32064
3,32035,0
2,32093,0
1,32152,1,32241
0,32211,1,32299
3,32211,1,32417
2,32270,1,32358
1,32329,1,32417
0,32388,1,32476
2,32446,0
1,32505,0
2,32564,1,32652
3,32564,1,32711
0,32623,1,32829
1,32682,1,32829
2,32829,1,32946
3,32829,1,32888
1,32917,1,33005
0,32917,1,33005
3,32976,0
2,33035,0
3,33093,1,33182
1,33093,1,33270
0,33093,1,33270
3,33270,0
2,33446,1,33623
3,33446,1,33623
0,33446,1,33535
0,33623,0
1,33682,0
2,33741,1,33917
0,33799,1,33858
3,33799,1,33917
1,33858,1,33917
3,33976,1,34035
2,33976,1,34093
1,33976,1,34152
0,33976,1,34211
0,34329,1,34476
1,34329,1,34417
3,34388,0
2,34446,1,34593
1,34505,1,34593
0,34564,0
3,34682,0
2,34682,1,34770
1,34726,0
0,34858,1,34946
1,34902,0
2,35035,0
0,35035,1,35182
3,35093,1,35299
1,35152,1,35241
2,35211,1,35299
0,35270,0
1,35329,0
3,35388,1,35535
2,35388,1,35476
0,35446,0
1,35505,1,35652
2,35564,1,35652
3,35623,0
0,35741,0
1,35741,0
3,35829,0
1,35917,1,36005
0,35976,1,36064
3,36005,0
1,36093,0
2,36093,0
0,36270,1,36358
3,36270,0
1,36329,1,36417
0,36446,0
2,36446,0
3,36623,0
0,36623,0
2,36682,0
1,36741,1,36946
0,36799,1,36888
3,36799,0
2,36917,1,37123
3,36976,1,37064
1,37152,0
0,37152,0
2,37196,0
3,37329,0
2,37373,0
1,37505,0
3,37505,0
0,37564,0
2,37623,0
1,37682,1,37946
2,37858,1,38123
0,37858,1,37946
3,37858,0
1,38035,1,38123
3,38035,1,38299
2,38211,1,38299
0,38211,1,38446
1,38211,0
1,38388,1,38623
2,38446,1,38564
3,38505,1,38799
0,38564,1,38682
2,38741,1,38976
1,38799,1,38917
0,38858,1,39182
3,38917,1,39035
1,39093,1,39182
2,39152,1,39329
3,39211,1,39535
1,39270,1,39388
0,39270,1,39446
2,39446,1,39535
1,39505,1,39623
0,39564,1,39623
2,39623,1,39711
3,39623,1,39770
0,39682,0
1,39741,1,39888
2,39799,1,39888
3,39858,0
1,39976,1,40064
2,39976,0
0,40020,0
2,40152,1,40241
1,40196,0
3,40329,1,40417
0,40329,0
2,40373,0
0,40505,1,40593
3,40549,0
3,40682,1,40829
1,40682,0
0,40741,1,40946
2,40799,1,40888
1,40858,1,40946
3,40917,0
2,40976,0
0,41035,1,41182
1,41035,1,41123
3,41093,0
2,41152,1,41299
1,41211,1,41299
0,41270,0
3,41388,0
2,41388,0
1,41476,0
2,41564,1,41652
3,41623,1,41770
1,41652,0
0,41741,0
2,41741,1,41829
1,41917,1,42005
3,41917,0
2,41976,1,42123
0,42093,0
1,42093,1,42182
3,42270,1,42476
2,42270,1,42358
1,42270,1,42417
0,42270,1,42535
2,42446,1,42741
1,42505,1,42593
3,42564,1,42741
0,42623,1,42741
1,42682,1,42741
0,42799,1,42946
2,42799,1,42888
3,42799,1,43005
1,42799,1,43064
2,42976,1,43123
0,43035,1,43270
3,43093,1,43270
1,43152,1,43270
2,43211,1,43270
1,43329,1,43417
0,43329,1,43476
3,43329,1,43535
2,43329,1,43652
1,43505,1,43593
0,43564,1,43799
3,43623,1,43799
1,43682,1,43799
2,43741,1,43799
3,43858,1,44005
2,43858,1,43946
0,43858,1,44064
1,43858,1,44182
2,44035,1,44123
3,44093,1,44329
0,44152,1,44358
2,44211,1,44329
1,44270,1,44417
2,44388,1,44476
3,44388,1,44535
0,44446,1,44652
1,44505,1,44593
2,44564,1,44829
3,44623,1,44711
1,44682,1,44770
0,44741,1,45005
3,44799,1,44888
1,44858,1,44946
2,44917,1,45064
3,44976,1,45182
1,45035,1,45123
0,45093,1,45182
2,45152,1,45270
1,45211,1,45270
3,45270,0
0,45270,1,46505
1,46329,1,46505
2,46505,1,48093
1,47741,1,48799
3,48093,1,49505
0,48093,0
2,48799,1,49505
1,49329,1,50917
0,49329,0
2,50564,1,50917
0,50917,1,52329
3,50917,0
1,52152,1,56564
0,53211,1,53564
2,53564,1,55152
0,53741,0
0,54976,1,56564
3,54976,0
3,56564,1,56652
2,56564,0
3,56741,1,56917
0,56917,1,57005
0,57093,1,57270
3,57270,1,57623
2,57446,0
1,57623,1,57711
1,57799,1,57976
3,57976,1,58064
3,58152,1,58329
0,58329,1,58417
0,58505,1,58682
3,58682,1,59123
2,58858,0
0,59035,1,59123
1,59211,1,59388
3,59388,0
2,59564,1,59917
1,59741,1,60093
0,59917,1,60270
3,60093,0
2,60270,1,60799
1,60446,1,60623
3,60623,1,60976
0,60799,0
1,60976,1,61505
2,61152,1,61505
3,61329,1,62035
0,61505,0
1,61682,1,62035
2,61858,0
0,62035,0
0,62211,1,62299
3,62211,0
0,62388,1,62564
3,62564,1,62652
3,62741,1,62917
0,62917,1,63270
1,63093,0
2,63270,1,63358
2,63446,1,63623
0,63623,1,63711
0,63799,1,63976
3,63976,1,64064
3,64152,1,64329
0,64329,1,64770
1,64505,0
3,64682,1,64770
2,64858,1,65035
0,65035,0
3,65035,0
1,65211,1,65564
2,65388,1,65741
3,65564,1,65917
0,65741,0
1,65917,1,66446
2,66093,1,66270
0,66270,1,66799
3,66446,0
2,66623,1,67152
1,66799,1,67152
0,66976,1,67682
3,67152,0
2,67329,1,67682
1,67505,0
3,67682,0
3,67858,1,67946
1,67858,0
0,67858,0
3,68035,1,68211
0,68211,1,68299
2,68211,0
0,68388,1,68564
3,68564,1,68917
2,68741,0
1,68917,1,69005
0,68917,0
1,69093,1,69270
3,69270,1,69358
3,69446,1,69623
0,69623,1,69711
2,69623,0
0,69799,1,69976
3,69976,1,70417
1,70152,0
0,70329,1,70417
2,70329,0
1,70505,1,70682
3,70682,0
2,70858,1,71211
1,71035,1,71388
3,71035,0
0,71211,1,71564
3,71388,0
2,71564,1,71917
1,71741,1,71917
0,71741,0
3,71917,1,72005
3,72093,1,72446
1,72270,0
0,72446,0
2,72446,1,72623
3,72623,1,73329
0,72799,0
2,72976,1,73329
0,73152,0
1,73152,0
0,73329,1,74211
2,73505,0
1,73682,0
2,73858,0
3,73858,0
1,74035,0
3,74211,0
1,74388,0
3,74564,0
2,74564,1,75093
3,74741,1,75093
0,74917,0
1,75093,0
2,75270,0
3,75270,0
1,75446,0
0,75623,1,75976
3,75799,1,76152
2,75976,1,76329
1,75976,0
0,76152,1,76329
3,76329,1,77211
2,76505,0
1,76682,0
0,76682,0
2,76858,1,77211
1,77035,1,77211
0,77211,0
3,77388,0
2,77388,0
1,77564,0
3,77564,0
0,77564,1,77829
2,77564,1,77652
2,77741,1,78005
0,77917,1,78182
2,78093,1,78358
0,78270,1,78535
2,78446,1,78711
0,78623,1,78888
2,78799,1,79064
0,78976,1,79064
0,79152,0
2,79152,0
3,79152,0
1,79152,0
3,79329,0
2,79329,0
0,79505,0
1,79505,0
3,79505,0
1,79682,0
0,79682,0
3,79858,0
0,79858,0
2,79858,1,80123
1,80035,1,80123
3,80035,1,80123
3,80211,0
1,80211,1,80476
2,80211,0
0,80388,1,80476
2,80388,1,80476
1,80564,0
0,80564,0
3,80564,0
2,80741,0
2,80829,0
1,80917,0
0,80917,0
3,80917,1,81182
1,81093,1,81182
0,81093,1,81182
0,81270,1,81535
2,81270,0
3,81270,0
2,81446,1,81535
3,81446,1,81535
3,81623,0
0,81623,1,81888
2,81623,0
1,81799,1,81888
3,81799,1,81888
2,81976,1,82064
3,81976,1,82123
0,82035,0
1,82093,0
2,82152,0
3,82211,0
1,82329,0
0,82329,0
3,82417,0
1,82505,0
1,82593,0
3,82682,0
2,82682,0
0,82770,0
2,82858,0
1,82946,0
2,83035,0
3,83035,0
0,83123,0
1,83211,0
3,83299,0
2,83388,0
0,83388,0
1,83476,0
3,83564,0
3,83652,0
1,83741,0
0,83741,0
2,83829,0
1,83917,0
0,84005,0
3,84093,1,84226
2,84093,1,84182
0,84182,1,84358
1,84226,1,84314
2,84270,0
3,84314,0
0,84446,1,84579
1,84446,1,84535
3,84535,1,84711
2,84579,1,84667
1,84623,0
0,84667,0
2,84799,0
3,84799,0
0,84888,0
1,84976,0
2,84976,0
3,85064,0
1,85152,0
0,85152,0
2,85241,0
3,85329,0
0,85329,0
1,85417,0
2,85417,0
3,85505,0
0,85505,0
1,85593,0
2,85682,0
3,85682,0
0,85770,0
1,85858,0
2,85858,0
3,85946,0
1,86035,0
0,86035,0
2,86123,0
1,86211,0
0,86211,0
3,86211,0
2,86299,0
3,86388,0
0,86388,0
1,86476,0
2,86564,0
3,86564,0
0,86652,0
1,86741,0
2,86741,0
0,86829,0
3,86829,0
2,86917,0
1,86917,0
3,87005,0
1,87093,0
0,87093,0
2,87182,0
3,87270,0
0,87270,0
1,87358,0
2,87446,0
3,87446,0
0,87535,0
2,87623,0
3,87623,0
0,87711,0
1,87711,0
3,87799,0
2,87799,0
1,87888,0
0,87888,0
2,87976,0
3,87976,0
1,88064,0
0,88064,0
2,88152,0
3,88152,0
1,88241,0
0,88241,0
2,88329,0
3,88329,0
1,88417,0
0,88417,0
3,88505,0
2,88505,0
1,88593,0
0,88593,0
2,88682,0
3,88682,0
1,88770,0
0,88770,0
3,88858,0
2,88858,0
1,88946,0
3,89035,1,89123
2,89035,1,89299
0,89035,1,89299
3,89211,1,89476
2,89388,1,89652
0,89388,1,89652
3,89564,1,90005
2,89741,1,90005
0,89741,1,90005
2,90093,1,90358
0,90093,1,90358
3,90093,1,90358
3,90446,1,90505
2,90446,1,90564
1,90446,1,90623
0,90446,1,90682
2,90799,1,91064
3,90799,1,90976
0,90799,1,90888
1,90976,1,91064
0,90976,1,91064
3,91064,1,91196
2,91152,1,91241
1,91152,1,91285
0,91152,1,91329
2,91329,1,91417
1,91373,1,91417
0,91417,1,91770
2,91505,1,91638
3,91505,1,91682
1,91505,1,91593
1,91682,1,91770
2,91726,1,91770
3,91770,0
1,91858,1,91946
0,91858,1,91946
2,91858,0
1,92035,1,92123
0,92035,1,92123
3,92123,1,92388
1,92211,0
2,92211,1,92343
0,92211,1,92476
1,92388,1,92476
2,92432,1,92476
3,92476,0
1,92564,1,92652
2,92564,1,92696
0,92564,1,92741
1,92741,1,92829
2,92785,1,92829
0,92829,1,93182
2,92917,1,93005
1,92917,1,93049
3,92917,1,93093
2,93093,1,93182
1,93138,1,93182
3,93182,0
2,93270,1,93329
1,93270,1,93388
0,93270,1,93446
3,93388,1,93505
2,93446,1,93505
1,93505,0
3,93623,1,93711
0,93623,1,93799
1,93623,1,93888
3,93799,1,93888
2,93799,1,93888
0,93888,1,94020
3,93976,1,94152
2,93976,1,94108
1,93976,1,94064
1,94152,1,94241
2,94196,1,94241
3,94241,1,94593
2,94329,1,94417
0,94329,1,94505
1,94329,1,94461
2,94505,1,94593
1,94549,1,94593
0,94593,0
1,94682,0
3,94682,1,94770
2,94682,1,94770
3,94858,1,94946
2,94858,1,94946
0,94946,1,95211
3,95035,1,95299
1,95035,1,95167
2,95035,0
2,95211,1,95299
1,95255,1,95299
1,95388,1,95520
2,95388,1,95476
0,95388,1,95652
3,95388,1,95652
2,95564,1,95652
1,95608,1,95652
2,95741,1,95873
1,95741,1,95829
3,95741,1,96005
0,95741,1,96005
1,95917,1,96005
2,95961,1,96005
3,96093,1,96152
2,96093,1,96211
1,96093,1,96270
0,96093,1,96329
2,96446,1,96535
3,96446,1,96535
1,96446,1,96711
0,96535,1,96623
2,96623,1,96711
3,96623,1,96799
0,96711,1,97064
1,96799,1,96888
2,96799,1,96888
3,96888,1,96976
1,96976,1,97064
2,96976,1,97299
3,97064,1,97152
1,97152,1,97241
0,97152,1,97417
3,97241,1,97358
1,97329,1,97417
2,97388,1,97505
3,97446,1,97505
1,97505,1,97593
0,97505,1,97593
1,97682,1,97770
0,97682,1,97770
3,97770,1,98035
1,97858,0
2,97858,1,97991
0,97858,1,98123
1,98035,1,98123
2,98079,1,98123
3,98123,0
1,98211,1,98299
2,98211,1,98343
0,98211,1,98388
1,98388,1,98476
2,98432,1,98476
0,98476,1,98829
2,98564,1,98652
1,98564,1,98696
3,98564,1,98741
2,98741,1,98829
1,98785,1,98829
3,98829,0
2,98917,1,98976
1,98917,1,99035
0,98917,1,99093
3,99035,1,99152
2,99093,1,99152
1,99152,0
3,99270,1,99358
0,99270,1,99446
1,99270,1,99535
3,99446,1,99535
2,99446,1,99535
0,99535,1,99667
3,99623,1,99799
2,99623,1,99755
1,99623,1,99711
1,99799,1,99888
2,99843,1,99888
3,99888,1,100241
2,99976,1,100064
0,99976,1,100152
1,99976,1,100108
2,100152,1,100241
1,100196,1,100241
0,100241,0
1,100329,0
3,100329,1,100417
2,100329,1,100417
3,100505,1,100593
2,100505,1,100593
0,100593,1,100858
3,100682,1,100946
1,100682,1,100814
2,100682,0
2,100858,1,100946
1,100902,1,100946
1,101035,1,101167
2,101035,1,101123
0,101035,1,101299
3,101035,1,101299
2,101211,1,101299
1,101255,1,101299
2,101388,1,101520
1,101388,1,101476
3,101388,1,101652
0,101388,1,101652
1,101564,1,101652
2,101608,1,101652
3,101741,0
1,101799,1,101917
2,101858,1,101976
3,101917,1,102358
1,102093,1,102182
1,102270,1,102446
0,102358,1,102446
2,102446,1,102535
3,102446,1,102579
2,102623,1,102755
3,102667,1,102755
1,102799,1,102946
0,102799,1,102888
3,102858,1,103064
2,102917,1,103005
0,102976,1,103064
1,103035,1,103123
2,103093,1,103182
3,103152,1,103241
1,103329,1,103505
2,103329,1,103417
0,103417,1,103505
3,103505,0
2,103505,1,103711
3,103682,1,103770
1,103741,1,103888
2,103799,0
0,103858,1,103946
3,103858,1,104211
1,104035,1,104093
0,104123,1,104182
2,104211,1,104270
1,104299,1,104358
3,104388,1,104446
2,104476,1,104535
0,104564,0
1,104564,1,104961
3,104623,0
2,104682,0
0,104741,1,104829
0,104917,1,105182
2,104917,1,105005
3,104961,1,105049
1,105049,1,105182
2,105093,1,105182
3,105138,1,105182
1,105270,1,105535
0,105270,1,105358
2,105314,1,105491
0,105446,1,105652
3,105535,0
2,105579,0
1,105623,1,105711
2,105682,1,105770
3,105741,1,105888
1,105799,1,106020
0,105858,1,105976
2,105976,1,106064
3,106020,1,106108
0,106064,1,106196
1,106108,1,106196
2,106152,0
3,106241,0
1,106329,1,106417
0,106329,1,106461
3,106417,1,106549
2,106461,1,106549
1,106505,0
0,106593,0
2,106682,1,106770
3,106682,1,106814
0,106770,0
1,106814,0
2,106858,1,107079
1,107035,1,107123
0,107035,1,107167
3,107123,1,107299
2,107167,1,107255
1,107211,0
0,107255,0
0,107388,1,107593
2,107388,1,107505
3,107476,1,107593
1,107564,1,107682
2,107652,1,107770
0,107741,1,107799
1,107829,1,107888
3,107917,1,107976
2,108005,1,108064
0,108093,1,108152
1,108093,1,108152
2,108182,1,108241
3,108270,1,108329
1,108358,1,108417
0,108446,1,108505
3,108491,0
2,108535,1,108593
0,108623,1,108711
1,108682,1,108770
2,108741,1,108829
3,108799,1,108888
0,108976,1,109064
1,108976,1,109270
2,109064,1,109211
3,109152,0
0,109152,1,109329
2,109329,0
1,109388,1,109564
0,109446,1,109505
3,109505,0
2,109505,1,109623
1,109682,0
2,109741,1,109917
3,109799,1,109858
1,109858,1,110035
0,109902,1,110035
3,110035,1,110152
2,110093,1,110152
1,110211,1,110299
0,110211,1,110343
3,110299,0
2,110343,1,110608
1,110388,0
3,110476,1,110564
1,110564,1,110652
0,110608,1,110652
1,110741,1,110961
0,110829,1,110917
3,110917,1,111049
2,110917,1,111005
0,111005,0
1,111049,0
2,111093,1,111314
3,111182,1,111270
1,111270,1,111358
0,111314,1,111358
3,111358,0
2,111402,1,111623
1,111446,1,111535
3,111535,1,111667
0,111623,0
1,111667,0
2,111711,0
3,111799,1,111888
2,111843,1,111932
1,111976,1,112064
2,112020,1,112108
1,112152,1,112241
0,112196,1,112285
1,112329,0
2,112373,1,112549
3,112417,1,112505
1,112505,1,112593
0,112549,0
2,112682,1,112829
3,112682,1,112770
0,112741,1,112946
1,112799,1,112888
3,112858,0
2,112917,0
1,112976,0
3,113035,1,113182
2,113035,1,113123
0,113093,0
1,113152,1,113299
2,113211,1,113299
3,113270,0
0,113388,0
1,113388,1,113476
2,113432,0
3,113564,1,113652
2,113608,0
0,113741,0
1,113741,1,113829
2,113785,0
3,113917,1,114005
2,113961,0
1,114093,0
0,114093,0
3,114152,0
2,114211,0
0,114270,0
2,114329,0
1,114446,1,114535
0,114446,1,114593
3,114505,0
2,114564,1,114711
1,114623,1,114711
0,114682,0
3,114799,0
2,114799,0
0,114888,0
2,114976,1,115064
3,115035,1,115123
0,115064,0
2,115152,0
1,115152,0
3,115329,1,115417
0,115329,0
2,115388,1,115476
3,115505,0
1,115505,0
3,115682,0
0,115682,0
1,115741,0
2,115799,1,116005
3,115858,1,115946
0,115858,0
1,115976,1,116182
0,116035,1,116123
2,116211,0
3,116211,0
1,116255,0
0,116388,0
1,116432,0
2,116564,0
0,116564,0
3,116623,0
1,116682,0
2,116741,1,117005
1,116917,1,117182
3,116917,1,117005
0,116917,0
2,117093,1,117182
0,117093,1,117358
1,117270,1,117358
3,117270,1,117505
2,117270,0
2,117446,1,117682
1,117505,1,117623
0,117564,1,117858
3,117623,1,117741
1,117799,1,118035
2,117858,1,117976
3,117917,1,118241
0,117976,1,118093
2,118152,1,118241
1,118211,1,118388
0,118270,1,118593
2,118329,1,118446
3,118329,1,118505
1,118505,1,118593
2,118564,1,118682
3,118623,1,118682
1,118682,1,118770
0,118682,1,118829
3,118741,0
2,118799,1,118946
1,118858,1,118946
0,118917,0
0,119035,1,119123
3,119035,0
1,119079,0
1,119211,1,119299
2,119255,0
2,119388,1,119476
0,119388,0
3,119432,0
3,119564,1,119652
1,119608,0
0,119741,1,119888
2,119741,0
3,119799,1,120005
1,119858,1,119946
2,119917,1,120005
0,119976,0
1,120035,0
3,120093,1,120241
2,120093,1,120182
0,120152,0
1,120211,1,120358
2,120270,1,120358
3,120329,0
0,120446,0
1,120446,0
2,120535,0
1,120623,1,120711
0,120682,1,120829
2,120711,0
3,120799,0
1,120799,1,120888
2,120976,1,121064
0,120976,0
1,121035,1,121182
3,121152,0
2,121152,1,121241
3,121329,1,121417
2,121388,1,121476
1,121446,1,121652
0,121505,1,121593
3,121564,0
2,121623,1,121711
3,121682,1,121770
1,121741,0
2,121799,0
1,121858,1,122005
0,121858,1,121946
3,121917,1,122123
2,121976,1,122064
0,122035,0
1,122093,0
2,122152,1,122358
3,122211,1,122299
0,122211,1,122476
1,122270,1,122417
3,122388,0
2,122446,0
1,122505,1,122593
0,122564,1,122652
3,122564,1,122770
2,122623,1,122711
1,122682,1,122770
0,122741,1,122829
2,122799,0
1,122858,0
2,122917,1,123005
3,122917,1,123064
0,122976,1,123182
1,123035,1,123182
2,123182,1,123299
3,123182,1,123241
1,123270,1,123358
0,123270,1,123358
3,123329,0
2,123388,0
3,123446,1,123535
1,123446,1,123623
0,123446,1,123623
3,123623,0
2,123799,1,123976
3,123799,1,123976
0,123799,1,123888
0,123976,0
1,124035,0
2,124093,1,124270
0,124152,1,124211
3,124152,1,124270
1,124211,1,124270
0,124329,1,124564
1,124329,1,124505
2,124329,1,124446
3,124329,1,124388
0,124682,1,124829
1,124682,1,124770
3,124741,0
2,124799,1,124946
1,124858,1,124946
0,124917,0
3,125035,0
2,125035,1,125123
1,125079,0
0,125211,1,125299
1,125255,0
2,125388,0
0,125388,1,125535
3,125446,1,125652
1,125505,1,125593
2,125564,1,125652
0,125623,0
1,125682,0
3,125741,1,125888
2,125741,1,125829
0,125799,0
1,125858,1,126005
2,125917,1,126005
3,125976,0
0,126093,0
1,126093,0
3,126182,0
1,126270,1,126358
0,126329,1,126417
3,126358,0
1,126446,0
2,126446,0
0,126623,1,126711
3,126623,0
1,126682,1,126770
2,126799,0
0,126799,0
0,126976,0
3,126976,0
2,127035,0
1,127093,1,127299
0,127152,1,127241
3,127152,0
2,127270,1,127476
3,127329,1,127417
1,127505,0
0,127505,0
2,127549,0
3,127682,0
2,127726,0
1,127858,0
3,127858,0
0,127917,0
2,127976,0
1,128035,1,128299
2,128211,1,128476
0,128211,1,128299
3,128211,0
1,128388,1,128476
3,128388,1,128652
2,128564,1,128652
0,128564,1,128799
1,128564,0
1,128741,1,128976
2,128799,1,128917
3,128858,1,129152
0,128917,1,129035
2,129093,1,129329
1,129152,1,129270
0,129211,1,129535
3,129270,1,129388
1,129446,1,129535
2,129505,1,129682
3,129564,1,129888
1,129623,1,129741
0,129623,1,129799
2,129799,1,129888
1,129858,1,129976
0,129917,1,129976
2,129976,1,130064
3,129976,1,130123
0,130035,0
1,130093,1,130241
2,130152,1,130241
3,130211,0
1,130329,1,130417
2,130329,0
0,130373,0
2,130505,1,130593
1,130549,0
3,130682,1,130770
0,130682,0
2,130726,0
0,130858,1,130946
3,130902,0
3,131035,1,131182
1,131035,0
0,131093,1,131299
2,131152,1,131241
1,131211,1,131299
3,131270,0
2,131329,0
0,131388,1,131535
1,131388,1,131476
3,131446,0
2,131505,1,131652
1,131564,1,131652
0,131623,0
3,131741,0
2,131741,0
1,131829,0
2,131917,1,132005
3,131976,1,132123
1,132005,0
0,132093,0
2,132093,1,132182
1,132270,1,132358
3,132270,0
2,132329,1,132476
0,132446,0
1,132446,1,132535
3,132623,1,132829
2,132623,1,132711
1,132623,1,132770
0,132623,1,132888
2,132799,1,133093
1,132858,1,132946
3,132917,1,133093
0,132976,1,133093
1,133035,1,133093
0,133152,1,133299
1,133152,1,133417
2,133152,1,133241
3,133152,1,133358
2,133329,1,133476
0,133388,1,133623
3,133446,1,133623
1,133505,1,133623
2,133564,1,133623
1,133682,1,133770
0,133682,1,133829
2,133682,1,134005
3,133682,1,133888
1,133858,1,133946
0,133917,1,134152
3,133976,1,134152
1,134035,1,134152
2,134093,1,134152
0,134211,1,134358
1,134211,1,134299
2,134211,1,134535
3,134211,1,134417
1,134388,1,134476
0,134446,1,134711
3,134505,1,134682
1,134564,1,134770
2,134623,1,134682
2,134741,1,134829
3,134741,1,134888
0,134799,1,135005
1,134858,1,134946
2,134917,1,135182
3,134976,1,135064
1,135035,1,135123
0,135093,1,135358
3,135152,1,135241
1,135211,1,135299
2,135270,1,135417
3,135329,1,135535
1,135388,1,135476
0,135446,1,135535
2,135505,1,135623
1,135564,1,135623
0,135623,0
3,135623,1,135711
3,135799,1,135976
0,135976,1,136064
0,136152,1,136329
3,136329,1,136682
2,136505,0
1,136682,1,136770
1,136858,1,137035
3,137035,1,137123
3,137211,1,137388
0,137388,1,137476
0,137564,1,137741
3,137741,1,138182
2,137917,0
0,138093,1,138182
1,138270,1,138446
3,138446,0
2,138623,1,138976
1,138799,1,139152
0,138976,1,139329
3,139152,0
2,139329,1,139858
1,139505,1,139682
3,139682,1,140035
0,139858,0
1,140035,1,140564
2,140211,1,140564
3,140388,1,141093
0,140564,0
1,140741,1,141093
2,140917,0
0,141093,0
0,141270,1,141358
3,141270,0
0,141446,1,141623
3,141623,1,141711
3,141799,1,141976
0,141976,1,142329
1,142152,0
2,142329,1,142417
2,142505,1,142682
0,142682,1,142770
0,142858,1,143035
3,143035,1,143123
3,143211,1,143388
0,143388,1,143829
1,143564,0
3,143741,1,143829
2,143917,1,144093
0,144093,0
3,144093,0
1,144270,1,144623
2,144446,1,144799
3,144623,1,144976
0,144799,0
1,144976,1,145505
2,145152,1,145329
0,145329,1,145858
3,145329,0
3,145505,1,146035
2,145682,0
1,145858,1,146211
0,146035,1,146741
3,146211,0
2,146388,1,146741
1,146564,0
3,146741,0
3,146917,1,147005
1,146917,0
0,146917,0
3,147093,1,147270
0,147270,1,147358
2,147270,0
0,147446,1,147623
3,147623,1,147976
2,147799,0
1,147976,1,148064
0,147976,0
1,148152,1,148329
3,148329,1,148417
3,148505,1,148682
0,148682,1,148770
2,148682,0
0,148858,1,149035
3,149035,1,149476
1,149211,0
0,149388,1,149476
2,149388,0
1,149564,1,149741
3,149741,0
2,149917,1,150270
1,150093,1,150446
3,150093,0
0,150270,1,150623
3,150446,0
2,150623,1,150976
1,150799,1,150976
0,150799,0
3,150976,1,151064
3,151152,1,151505
1,151329,0
0,151505,0
2,151505,1,151682
3,151682,1,152388
0,151858,0
2,152035,1,152388
0,152211,0
1,152211,0
0,152388,1,153270
2,152564,0
1,152741,0
2,152917,0
3,152917,0
1,153093,0
3,153270,0
1,153446,0
3,153623,0
2,153623,1,154152
3,153799,1,154152
0,153976,0
1,154152,0
2,154329,0
3,154329,0
1,154505,0
0,154682,1,155035
3,154858,1,155211
2,155035,1,155388
1,155035,0
0,155211,1,155388
3,155388,1,156270
2,155564,0
1,155741,0
0,155741,0
2,155917,1,156270
1,156093,1,156270
0,156270,0
3,156446,0
2,156446,0
1,156623,0
3,156623,0
0,156623,1,156888
2,156623,1,156711
2,156799,1,157064
0,156976,1,157241
2,157152,1,157417
0,157329,1,157593
2,157505,1,157770
0,157682,1,157946
2,157858,1,158123
0,158035,1,158123
0,158211,0
2,158211,0
3,158211,0
1,158299,0
2,158388,0
0,158476,0
1,158564,0
3,158564,0
0,158652,0
2,158741,0
1,158829,0
2,158917,0
3,158917,0
0,159005,0
2,159093,0
1,159152,0
3,159211,0
0,159270,0
0,159358,0
2,159446,0
1,159535,0
2,159623,0
3,159623,0
0,159711,0
1,159799,0
3,159888,0
2,159976,0
0,159976,0
3,160064,0
1,160152,0
2,160241,0
0,160329,0
3,160373,0
2,160417,0
1,160461,0
0,160505,0
0,160593,0
2,160682,0
3,160682,0
1,160770,0
2,160858,0
0,160946,0
1,161035,0
3,161035,0
0,161123,0
2,161211,0
0,161299,0
2,161388,0
3,161388,0
1,161476,0
3,161564,0
1,161652,0
3,161741,0
0,161785,0
1,161829,0
2,161873,0
0,161917,0
3,162005,0
2,162093,0
1,162093,0
0,162182,0
3,162270,0
1,162314,0
2,162358,0
3,162402,0
0,162446,0
1,162535,0
3,162623,0
2,162667,0
1,162711,0
0,162755,0
3,162799,0
1,162888,0
3,162976,0
1,163064,0
2,163152,1,163241
3,163152,1,163285
0,163241,1,163417
1,163285,1,163373
2,163329,0
3,163373,0
1,163505,1,163593
0,163505,1,163638
3,163593,1,163770
2,163638,1,163726
1,163682,0
0,163726,0
3,163858,1,163946
0,163858,1,163946
2,163917,1,164005
1,163976,1,164064
3,164035,1,164123
0,164093,1,164182
1,164152,1,164241
2,164211,0
3,164211,1,164299
0,164270,1,164358
1,164329,1,164417
2,164388,1,164476
3,164446,1,164535
0,164505,1,164593
1,164564,0
2,164564,1,164652
3,164623,1,164711
0,164682,1,164770
2,164741,1,164829
1,164799,1,164888
0,164858,1,164946
2,164917,0
3,164917,1,165005
1,164976,1,165064
2,165035,1,165123
3,165093,1,165182
0,165152,1,165241
1,165211,1,165299
2,165270,1,165417
3,165270,1,165358
0,165329,1,165535
1,165388,1,165476
3,165446,1,165535
2,165505,1,165593
1,165564,1,165711
0,165623,0
3,165623,1,165829
2,165682,1,165770
0,165741,1,165829
1,165799,1,165888
2,165858,1,166005
3,165917,0
1,165976,1,166064
0,165976,1,166182
3,166035,1,166123
2,166093,1,166241
1,166152,1,166241
3,166211,1,166299
0,166270,1,166358
1,166329,1,166476
2,166329,1,166417
3,166388,1,166593
0,166446,1,166535
2,166505,1,166593
1,166564,1,166682
0,166623,1,166682
2,166682,1,166770
3,166682,1,166770
1,166770,1,166858
0,166770,1,166946
2,166858,1,167035
3,166858,1,166946
1,166946,1,167123
3,167035,1,167211
0,167035,1,167123
2,167123,1,167211
1,167211,1,167299
0,167211,1,167299
2,167299,1,167388
3,167299,1,167476
1,167388,1,167564
0,167388,1,167476
2,167476,1,167652
3,167564,1,167652
0,167564,1,167741
1,167652,1,167741
2,167741,1,167829
3,167741,1,167829
1,167829,1,167917
0,167829,1,168005
2,167917,1,168005
3,167917,1,168005
1,168005,1,168093
2,168093,1,168182
3,168093,1,168182
0,168093,1,168270
1,168182,1,168358
3,168270,1,168446
2,168270,1,168358
0,168358,1,168535
2,168446,1,168623
1,168446,1,168535
3,168535,1,168623
1,168623,1,168711
0,168623,1,168711
2,168711,1,168799
3,168711,1,168799
0,168799,1,168888
1,168799,1,168932
2,168888,1,168976
3,168888,1,169020
0,168976,1,169064
1,169020,1,169108
2,169064,1,169152
3,169108,1,169196
0,169152,0
0,169241,1,169417
3,169329,0
3,169417,1,169505
0,169505,0
1,169858,0
1,170035,0
1,170123,0
3,170211,0
2,170270,0
0,170388,0
1,170446,0
3,170564,1,170829
2,170564,0
1,170623,0
2,170741,1,170829
0,170741,1,170829
3,170917,0
0,170917,0
2,170917,1,171123
1,171005,1,171064
3,171093,1,171182
1,171152,1,171417
2,171211,0
3,171270,0
0,171270,1,171476
2,171446,0
1,171505,0
0,171564,0
2,171623,1,171711
3,171623,1,171799
1,171799,1,171858
2,171888,1,171946
0,171976,0
3,171976,1,172035
1,172064,1,172123
2,172152,1,172211
0,172241,1,172299
3,172329,0
2,172329,1,172770
1,172373,1,172461
0,172417,0
3,172505,1,172593
1,172682,1,172814
0,172682,1,172858
3,172682,1,172991
2,172858,1,172946
1,172902,0
0,172946,0
2,173035,1,173123
3,173079,1,173167
1,173123,1,173255
2,173211,1,173299
3,173255,1,173299
0,173299,0
1,173343,0
2,173388,1,173476
3,173388,1,173535
1,173446,1,173535
0,173505,1,173652
2,173564,1,173652
3,173623,1,173741
1,173682,1,173741
0,173741,0
2,173741,0
3,173829,1,174005
2,173873,1,173961
1,173917,1,174138
0,174005,1,174093
2,174093,1,174182
3,174093,1,174226
0,174182,1,174314
1,174226,1,174314
2,174270,1,174491
3,174358,1,174446
1,174446,1,174535
0,174446,1,174579
3,174535,0
2,174579,0
1,174623,0
0,174667,0
2,174799,1,174888
3,174799,1,174932
0,174888,1,175064
1,174932,1,175020
2,174976,0
3,175020,0
3,175152,1,175211
2,175152,1,175270
1,175152,1,175329
0,175152,1,175388
0,175505,0
3,175505,0
1,175505,1,175770
3,175682,0
2,175682,1,175770
0,175770,1,175946
2,175858,0
1,175858,1,175946
3,175858,1,176123
1,176035,0
0,176035,1,176123
2,176211,1,176299
3,176211,1,176299
0,176211,1,176476
3,176388,0
2,176388,1,176476
1,176564,1,176652
0,176564,1,176652
3,176564,1,176829
1,176741,0
0,176741,1,176829
2,176829,1,176917
3,176917,1,177182
1,176917,1,177064
0,176917,1,177123
2,177093,1,177182
1,177152,1,177358
0,177211,1,177358
2,177270,1,177358
3,177270,1,177358
1,177446,1,177505
2,177535,1,177593
0,177623,0
3,177623,1,177682
1,177711,1,177770
2,177799,1,177858
0,177888,1,177946
2,177976,1,178064
3,177976,1,178123
0,178035,0
1,178093,0
2,178152,1,178358
3,178211,1,178299
1,178329,1,178417
0,178329,1,178476
3,178388,0
2,178446,0
1,178505,1,178711
0,178564,1,178652
2,178682,1,178770
3,178682,1,178829
0,178770,1,179123
1,178829,1,178917
2,178888,0
3,178946,0
1,179035,1,179182
2,179035,0
3,179123,0
0,179211,1,179299
1,179270,1,179593
2,179329,0
0,179388,0
3,179388,1,179652
0,179564,1,179652
2,179623,1,179711
1,179682,1,179829
3,179741,0
0,179741,0
2,179799,1,179888
1,179917,0
2,179976,0
3,180035,0
0,180093,1,180226
1,180093,1,180182
3,180182,1,180358
2,180226,1,180314
1,180270,0
0,180314,0
2,180446,1,180535
3,180446,1,180579
0,180535,1,180711
1,180579,1,180667
2,180623,0
3,180667,0
1,180799,1,180888
2,180858,1,181064
3,180917,1,181005
1,180976,1,181417
0,181035,1,181358
2,181152,1,181241
2,181329,0
2,181417,1,181505
1,181505,1,181593
0,181505,1,181652
1,181682,1,181858
0,181741,1,181858
2,181858,1,181946
3,181858,1,182152
0,181946,0
1,182035,1,182388
2,182093,1,182152
0,182211,1,182446
3,182388,0
2,182446,1,182593
1,182505,0
3,182564,1,182652
0,182564,1,182858
1,182741,1,182858
2,182799,1,182858
1,182917,1,182976
3,182917,1,183035
0,182917,1,183329
2,183093,1,183152
1,183182,1,183241
3,183270,1,183329
2,183358,1,183417
1,183446,1,183505
3,183535,1,183593
0,183623,0
1,183623,1,184020
3,183682,0
2,183741,0
0,183799,1,183888
0,183976,1,184241
2,183976,1,184064
3,184020,1,184108
1,184108,1,184241
2,184152,1,184241
3,184196,1,184241
1,184329,1,184593
0,184329,1,184417
2,184373,1,184549
0,184505,1,184711
3,184593,0
2,184638,0
1,184682,1,184770
2,184741,1,184829
3,184799,1,184946
1,184858,1,185079
0,184917,1,185035
2,185035,1,185123
3,185079,1,185167
0,185123,1,185255
1,185167,1,185255
2,185211,0
3,185299,0
1,185388,1,185476
0,185388,1,185520
3,185476,1,185608
2,185520,1,185608
1,185564,0
0,185652,0
2,185741,1,185829
3,185741,1,185873
0,185829,0
1,185873,0
2,185917,1,186138
1,186093,1,186182
0,186093,1,186226
3,186182,1,186358
2,186226,1,186314
1,186270,0
0,186314,0
2,186446,1,186535
3,186446,1,186593
1,186505,1,186711
0,186564,1,186652
2,186623,1,187064
3,186682,1,187005
1,186799,1,186888
0,186799,1,186888
1,186976,0
1,187064,1,187152
2,187152,1,187241
3,187152,1,187299
2,187329,1,187505
3,187388,1,187505
1,187505,1,187593
0,187505,1,187799
3,187593,0
2,187682,1,188035
1,187741,1,187799
3,187858,1,188123
0,188035,0
1,188035,1,188299
2,188123,1,188211
0,188211,1,188299
3,188211,1,188505
2,188299,1,188505
1,188388,1,188505
0,188446,1,188505
2,188564,1,188623
0,188564,1,188682
3,188564,1,188976
1,188741,1,188799
2,188829,1,188888
0,188917,1,188976
1,189005,1,189064
2,189093,1,189152
0,189182,1,189241
2,189270,1,189358
3,189270,1,189402
0,189358,0
1,189402,1,189667
2,189446,0
0,189535,1,189623
2,189623,1,189711
3,189667,1,189711
2,189799,1,190020
3,189888,1,189976
0,189976,1,190108
1,189976,1,190064
3,190064,0
2,190108,0
1,190152,1,190373
0,190241,1,190329
2,190329,1,190417
3,190373,1,190417
0,190417,0
1,190461,0
2,190505,0
2,190593,1,190682
1,190682,1,190814
0,190682,1,190770
3,190726,1,190902
2,190770,1,190858
0,190858,1,190946
1,190902,1,190991
2,191035,1,191123
1,191079,1,191167
2,191211,1,191299
3,191255,1,191343
2,191388,0
1,191432,1,191608
0,191476,1,191564
2,191564,1,191652
3,191608,0
1,191741,1,191888
0,191741,1,191829
3,191799,1,192005
2,191858,1,191946
0,191917,0
1,191976,0
2,192035,0
0,192093,1,192241
1,192093,1,192182
3,192152,0
2,192211,1,192358
1,192270,1,192358
0,192329,0
2,192446,1,192535
3,192446,1,192579
1,192491,0
0,192623,1,192711
1,192667,1,192755
2,192799,1,192888
3,192799,1,192932
1,192843,0
0,192976,1,193064
1,193020,1,193108
2,193152,0
3,193152,0
0,193211,0
1,193270,0
3,193329,0
1,193388,0
2,193505,1,193593
3,193505,1,193652
0,193564,0
1,193623,1,193770
2,193682,1,193770
3,193741,0
0,193858,0
1,193858,0
3,193946,0
1,194035,1,194123
0,194093,1,194182
3,194123,0
1,194211,0
2,194211,0
0,194388,1,194476
3,194388,0
1,194446,1,194535
2,194564,0
0,194564,0
0,194741,0
3,194741,0
2,194799,0
1,194858,1,195064
0,194917,1,195005
3,194917,0
2,195035,1,195241
3,195093,1,195182
1,195270,1,195358
0,195270,1,195402
2,195314,0
3,195446,1,195535
2,195491,0
1,195623,0
3,195623,0
0,195682,0
2,195741,0
1,195799,1,196064
2,195976,1,196241
0,195976,1,196064
3,195976,0
1,196152,1,196241
3,196152,1,196417
2,196329,1,196417
0,196329,1,196564
1,196329,0
1,196505,1,196741
2,196564,1,196682
3,196623,1,196917
0,196682,1,196799
2,196858,1,197093
1,196917,1,197035
0,196976,1,197299
3,197035,1,197152
1,197211,1,197299
2,197270,1,197446
3,197329,1,197652
1,197388,1,197505
0,197388,1,197564
2,197564,1,197652
1,197623,1,197741
0,197682,1,197741
2,197741,1,197829
3,197741,1,197888
0,197799,0
1,197858,1,198005
2,197917,1,198005
3,197976,0
1,198093,1,198182
0,198093,1,198226
2,198138,0
3,198270,1,198358
2,198314,1,198402
1,198446,1,198535
0,198446,1,198579
2,198491,0
3,198623,1,198711
2,198667,1,198755
3,198799,1,198946
1,198799,0
0,198858,1,199064
2,198917,1,199005
1,198976,1,199064
3,199035,0
2,199093,0
0,199152,1,199299
1,199152,1,199241
3,199211,0
2,199270,1,199417
1,199329,1,199417
0,199388,0
3,199505,0
2,199505,0
1,199593,0
2,199682,1,199770
3,199741,1,199888
1,199770,0
0,199858,0
2,199858,1,199946
1,200035,1,200123
3,200035,0
2,200093,1,200241
0,200211,0
1,200211,1,200299
0,200388,1,200476
1,200446,1,200535
2,200505,1,200711
3,200564,1,200652
0,200623,0
1,200682,1,200770
0,200741,1,200829
2,200799,0
1,200858,0
2,200917,1,201064
3,200917,1,201005
0,200976,1,201182
1,201035,1,201123
3,201093,0
2,201152,0
1,201211,1,201417
0,201270,1,201358
3,201270,1,201535
2,201329,1,201476
0,201446,0
1,201505,0
2,201564,1,201652
3,201623,1,201711
0,201623,1,201829
1,201682,1,201770
2,201741,1,201829
3,201799,1,201888
1,201858,0
2,201917,0
1,201976,1,202064
0,201976,1,202123
3,202035,1,202241
2,202093,1,202241
1,202241,1,202358
0,202241,1,202299
2,202329,1,202417
3,202329,1,202417
0,202388,0
1,202446,0
0,202505,1,202593
2,202505,1,202682
3,202505,1,202682
0,202682,0
1,202858,1,203035
0,202858,1,203035
3,202858,1,202946
3,203035,0
2,203093,0
1,203152,1,203329
3,203211,1,203270
0,203211,1,203329
2,203270,1,203329
2,203388,1,203505
3,203388,1,203446
0,203388,1,203623
1,203388,1,203564
3,203741,1,203888
2,203741,1,203829
0,203799,0
1,203858,1,204005
2,203917,1,204005
3,203976,0
1,204093,1,204182
0,204093,1,204226
2,204138,0
3,204270,1,204358
2,204314,1,204402
1,204446,0
3,204446,1,204593
0,204505,1,204711
2,204564,1,204652
1,204623,1,204711
3,204682,0
2,204741,0
0,204799,1,204946
1,204799,1,204888
3,204858,0
2,204917,1,205064
1,204976,1,205064
0,205035,0
3,205152,0
2,205152,0
0,205241,0
2,205329,1,205417
3,205388,1,205476
0,205417,0
2,205505,0
1,205505,0
3,205682,1,205770
0,205682,0
2,205741,1,205829
1,205858,0
3,205858,0
3,206035,0
0,206035,0
1,206093,0
2,206152,1,206358
3,206211,1,206299
0,206211,0
1,206329,1,206535
0,206388,1,206476
2,206564,1,206652
3,206564,1,206696
1,206608,0
0,206741,1,206829
1,206785,0
2,206917,0
0,206917,0
3,206976,0
1,207035,0
2,207093,1,207358
1,207270,1,207535
3,207270,1,207358
0,207270,0
2,207446,1,207535
0,207446,1,207711
1,207623,1,207711
3,207623,1,207858
2,207623,0
2,207799,1,208035
1,207858,1,207976
0,207917,1,208211
3,207976,1,208093
1,208152,1,208388
2,208211,1,208329
3,208270,1,208593
0,208329,1,208446
2,208505,1,208593
1,208564,1,208741
0,208623,1,208946
2,208682,1,208799
3,208682,1,208858
1,208858,1,208946
2,208917,1,209035
3,208976,1,209035
1,209035,1,209123
0,209035,1,209182
3,209093,0
2,209152,1,209299
1,209211,1,209299
0,209270,0
2,209388,1,209476
3,209388,1,209652
1,209432,0
0,209564,1,209741
1,209608,1,209696
2,209741,1,209829
3,209741,1,210005
1,209785,0
0,209917,1,210005
1,209961,1,210049
0,210093,1,210241
2,210093,0
3,210152,1,210358
1,210211,1,210299
2,210270,1,210358
0,210329,0
1,210388,0
3,210446,1,210593
2,210446,1,210535
0,210505,0
1,210564,1,210711
2,210623,1,210711
3,210682,0
0,210799,0
1,210799,0
2,210888,0
1,210976,1,211064
3,210976,0
0,211035,1,211182
2,211064,0
3,211152,0
1,211152,1,211241
2,211329,1,211417
0,211329,0
1,211388,1,211535
3,211505,0
2,211505,1,211593
1,211682,1,211770
3,211682,0
0,211741,1,211888
1,211858,1,211946
2,211858,0
3,211946,0
1,212035,0
0,212035,0
3,212123,0
1,212211,0
0,212241,0
2,212299,0
3,212329,0
1,212388,0
1,212476,0
3,212564,0
2,212593,0
0,212652,0
2,212741,0
2,212829,0
0,212917,0
1,212946,0
3,213005,0
2,213093,0
0,213093,0
1,213182,0
0,213270,1,213358
3,213270,1,213505
2,213270,0
2,213446,1,213711
1,213505,1,213623
0,213564,1,213888
3,213623,1,213711
3,213799,1,214241
1,213799,1,213888
2,213799,1,214064
0,213976,1,214064
2,214152,1,214241
0,214152,1,214417
1,214152,1,214417
3,214329,1,214593
2,214329,1,214593
1,214505,1,214593
0,214505,1,214593
2,214682,0
3,214682,0
0,214682,0
1,214770,0
2,214858,0
0,214946,0
1,215035,0
3,215035,0
0,215123,0
2,215211,0
1,215299,0
2,215388,0
3,215388,0
0,215476,0
1,215564,0
3,215608,0
2,215652,0
0,215696,0
1,215741,0
1,215829,0
3,215917,0
2,216005,0
1,216093,0
0,216093,0
3,216138,0
2,216182,0
0,216270,0
1,216329,0
2,216388,0
3,216446,0
0,216446,0
1,216535,0
3,216623,0
2,216711,0
0,216799,0
3,216843,0
1,216888,0
2,216932,0
0,216976,0
0,217064,0
2,217152,0
3,217152,0
1,217241,0
2,217329,0
3,217329,0
0,217417,0
1,217505,0
3,217505,0
2,217593,0
0,217682,0
2,217770,0
0,217858,0
3,217858,0
1,217946,0
3,218035,0
1,218123,0
3,218211,0
2,218255,0
1,218299,0
0,218343,0
3,218388,0
1,218476,0
2,218564,0
0,218564,0
3,218652,0
1,218741,0
2,218785,0
0,218829,0
3,218873,0
1,218917,0
2,218961,0
1,219093,0
0,219138,0
3,219182,0
1,219226,0
2,219270,0
0,219358,0
2,219446,0
1,219535,0
3,219623,0
0,219623,0
2,219711,0
0,219799,0
1,219843,0
2,219888,0
3,219932,0
0,219976,0
0,220064,0
2,220152,0
1,220241,0
0,220329,0
3,220329,0
2,220417,0
1,220505,0
3,220593,0
2,220682,0
0,220682,0
3,220770,0
1,220858,0
2,220946,0
1,221035,0
0,221035,0
3,221123,0
2,221211,0
0,221255,0
1,221299,0
3,221343,0
2,221388,0
2,221476,0
0,221564,0
1,221652,0
2,221741,0
3,221741,0
0,221785,0
1,221829,0
3,221917,0
2,221976,0
1,222035,0
0,222093,0
3,222093,0
2,222182,0
0,222270,0
1,222358,0
3,222446,0
0,222491,0
2,222535,0
1,222579,0
3,222623,0
3,222711,0
1,222799,0
0,222799,0
2,222888,0
1,222976,0
0,222976,0
3,223064,0
2,223152,0
0,223152,0
1,223241,0
3,223329,0
1,223417,0
3,223505,0
0,223505,0
2,223593,0
0,223682,0
2,223770,0
0,223858,0
1,223902,0
2,223946,0
3,223991,0
0,224035,0
2,224123,0
1,224211,0
3,224211,0
0,224299,0
2,224388,0
3,224432,0
0,224476,0
2,224520,0
1,224564,0
3,224652,0
1,224741,0
0,224785,0
3,224829,0
1,224873,0
2,224917,0
0,225005,0
2,225093,0
1,225182,0
0,225270,0
3,225270,0
2,225358,0
0,225446,0
1,225491,0
3,225535,0
2,225579,0
0,225623,0
0,225711,0
1,225799,0
2,225888,0
1,225976,0
0,225976,0
3,225976,0
2,226064,0
3,226152,0
0,226241,0
3,226329,0
1,226329,0
0,226417,0
2,226505,0
1,226593,0
3,226682,0
2,226682,0
0,226770,0
1,226858,0
3,226902,0
2,226946,0
0,226991,0
1,227035,0
1,227123,0
3,227211,0
2,227299,0
0,227388,0
1,227388,0
3,227432,0
2,227476,0
0,227564,0
1,227623,0
2,227682,0
0,227741,0
3,227741,0
1,227829,0
3,227917,0
2,228005,0
0,228093,0
3,228138,0
1,228182,0
2,228226,0
0,228270,0
0,228358,0
3,228446,0
2,228446,0
1,228535,0
2,228623,0
3,228623,0
0,228711,0
3,228799,0
1,228799,0
2,228888,0
0,228976,0
2,229064,0
3,229152,0
0,229152,0
1,229241,0
3,229329,0
1,229417,0
3,229505,0
2,229549,0
1,229593,0
0,229638,0
3,229682,0
1,229770,0
0,229858,0
2,229858,0
3,229946,0
1,230035,0
2,230079,0
0,230123,0
3,230167,0
1,230211,0
2,230255,0
1,230388,0
0,230432,0
3,230476,0
1,230520,0
2,230564,0
0,230652,0
2,230741,0
1,230829,0
0,230917,0
3,230917,0
2,231005,0
0,231093,0
1,231138,0
2,231182,0
3,231226,0
0,231270,0
0,231358,0
2,231446,0
1,231535,0
3,231623,1,231711
0,231623,1,231711
2,231682,1,231770
1,231741,1,231829
3,231799,1,231888
0,231858,1,231946
1,231917,1,232005
2,231976,0
3,231976,1,232064
0,232035,1,232123
1,232093,1,232182
2,232152,1,232241
3,232211,1,232299
0,232270,1,232358
1,232329,0
2,232329,1,232417
3,232388,1,232476
0,232446,1,232535
2,232505,1,232593
1,232564,1,232652
0,232623,1,232711
2,232682,0
3,232682,1,232770
1,232741,1,232829
2,232799,1,232888
3,232858,1,232946
0,232917,1,233005
1,232976,1,233064
2,233035,1,233182
3,233035,1,233123
0,233093,1,233299
1,233152,1,233241
3,233211,1,233299
2,233270,1,233358
1,233329,1,233476
0,233388,0
3,233388,1,233593
2,233446,1,233535
0,233505,1,233593
1,233564,1,233652
2,233623,1,233770
3,233682,0
1,233741,1,233829
0,233741,1,233946
3,233799,1,233888
2,233858,1,234005
1,233917,1,234005
3,233976,1,234064
0,234035,1,234123
1,234093,1,234241
2,234093,1,234182
3,234152,1,234358
0,234211,1,234299
2,234270,1,234358
1,234329,1,234446
0,234388,1,234446
2,234446,1,234535
3,234446,1,234535
1,234535,1,234623
0,234535,1,234711
2,234623,1,234799
3,234623,1,234711
1,234711,1,234888
3,234799,1,234976
0,234799,1,234888
2,234888,1,234976
1,234976,1,235064
0,234976,1,235064
2,235064,1,235152
3,235064,1,235241
1,235152,1,235329
0,235152,1,235241
2,235241,1,235417
3,235329,1,235417
0,235329,1,235505
1,235417,1,235505
2,235505,1,235593
3,235505,1,235593
1,235593,1,235682
0,235593,1,235770
2,235682,1,235770
3,235682,1,235770
1,235770,1,235858
3,235858,0
0,235858,0
2,235858,0
1,236035,1,236388
2,236211,1,236388
0,236388,1,236741
1,236785,0
2,236829,1,237049
3,236873,1,237005
1,237005,1,237093
