0,1150,0
2,1150,0
1,1293,0
3,1293,1,1577
0,1577,1,1719
2,1577,0
3,1861,0
1,2004,0
2,2146,0
3,2288,1,2430
0,2288,0
1,2572,0
3,2572,0
0,2714,1,2857
2,2714,0
3,2999,0
1,2999,1,3141
0,3141,0
3,3283,1,3425
0,3425,0
1,3425,0
3,3568,0
2,3568,1,3852
0,3852,1,3994
3,3852,0
0,4278,0
1,4278,0
3,4421,0
1,4563,0
2,4563,0
3,4705,1,4847
0,4705,0
1,4847,0
2,4989,0
3,5132,0
0,5132,1,5274
2,5416,0
0,5558,0
3,5700,0
1,5700,0
0,5842,1,6127
2,5842,0
3,6127,1,6269
1,6127,0
2,6411,0
1,6553,0
3,6696,0
0,6838,0
2,6838,0
3,6980,1,7264
1,6980,0
2,7264,1,7406
0,7264,0
1,7549,0
2,7691,0
0,7833,0
3,7975,0
2,8046,0
0,8117,0
3,8117,1,8402
0,8402,1,8544
1,8402,0
2,8544,1,8828
1,8686,1,8970
0,8828,1,8970
3,8828,0
2,8970,1,9113
0,9113,0
3,9160,0
1,9207,0
2,9255,0
0,9302,0
3,9350,0
1,9397,0
2,9539,0
3,9681,1,9823
0,9681,0
1,9966,1,10108
0,10250,0
2,10250,0
3,10392,1,10677
1,10392,0
0,10677,1,10819
2,10677,0
3,10961,1,11103
0,10961,0
0,11103,1,11245
2,11103,0
3,11245,0
2,11245,1,11387
3,11387,1,11530
0,11387,0
0,11672,0
3,11672,1,11814
0,11814,1,11956
2,11814,0
3,12098,0
1,12098,1,12241
0,12241,0
3,12383,1,12525
1,12383,0
1,12525,0
0,12525,1,12667
3,12667,0
2,12667,1,12951
0,12951,1,13094
3,12951,0
0,13378,0
3,13378,1,13520
0,13520,1,13662
2,13520,0
3,13662,0
1,13662,1,13805
3,13805,1,13947
0,13805,0
1,13947,0
0,14089,0
2,14089,1,14231
3,14231,0
0,14231,1,14373
3,14515,1,14658
0,14515,0
0,14658,1,14800
2,14658,0
3,14800,0
1,14800,0
0,14942,1,15226
2,14942,0
3,15226,1,15369
1,15226,0
0,15511,0
2,15511,1,15653
0,15653,1,15795
3,15653,0
2,15795,0
3,15795,1,15937
0,15937,0
2,15937,0
3,16079,1,16364
1,16079,0
2,16364,1,16506
0,16364,0
1,16648,0
3,16790,0
2,16790,1,16932
0,16932,0
1,17075,0
3,17075,1,17217
2,17217,0
0,17217,1,17501
3,17501,1,17643
1,17501,0
3,17928,1,18070
1,17928,0
0,18212,1,18354
2,18212,0
3,18781,0
0,18781,0
3,18994,0
1,18994,0
0,19065,0
2,19065,0
3,19207,0
1,19207,0
0,19350,1,19634
1,19350,1,19492
3,19350,0
2,19350,0
3,19634,0
1,19634,0
0,19776,0
2,19918,0
1,20060,1,20345
3,20060,0
0,20203,0
2,20203,1,20345
3,20392,0
1,20487,1,20771
0,20487,1,20629
2,20629,0
3,20771,0
0,20771,0
2,20914,0
1,21056,0
0,21056,0
0,21198,1,21482
3,21198,0
1,21340,0
3,21340,1,21482
2,21530,0
1,21624,0
0,21624,0
0,21767,1,22051
3,21767,1,21909
1,21909,0
2,21909,0
3,22051,1,22335
2,22051,1,22193
0,22193,0
1,22193,0
2,22335,1,22478
3,22478,1,22762
0,22478,0
0,22620,1,22762
2,22620,0
1,22762,1,23046
2,22762,1,22904
3,22904,0
2,23046,0
0,23046,0
2,23188,0
1,23188,1,23473
0,23331,0
3,23331,1,23473
2,23473,0
0,23473,0
1,23544,0
2,23615,0
3,23615,1,23757
0,23757,0
1,23757,1,23899
3,23899,1,24184
0,23899,0
2,23899,1,24041
0,24184,0
2,24184,0
1,24326,0
2,24468,0
3,24468,0
0,24610,0
2,24610,1,24895
1,24752,1,24895
3,24752,0
0,24895,0
3,24895,0
2,25037,1,25321
0,25037,1,25179
1,25179,0
3,25321,0
0,25321,0
1,25463,1,25748
3,25463,1,25605
2,25605,0
0,25605,0
3,25748,0
0,25890,1,26174
2,25890,1,26032
1,26032,0
3,26032,0
1,26174,0
2,26174,1,26459
0,26316,1,26459
1,26459,0
3,26459,0
0,26601,1,26743
2,26601,1,26885
1,26743,0
3,26885,1,27027
0,26885,1,27169
1,27027,0
2,27169,0
3,27169,0
0,27241,0
2,27312,1,27454
3,27312,1,27596
1,27454,0
0,27454,0
2,27738,0
3,27738,0
1,27880,0
0,27880,0
3,27880,1,28165
2,28023,1,28165
1,28165,0
0,28165,0
1,28260,0
3,28260,0
2,28354,0
3,28354,0
1,28449,1,28662
0,28449,1,28520
3,28520,1,28591
0,28591,1,28805
3,28662,1,28947
1,28733,1,28947
2,28805,1,28876
0,28876,1,29018
2,28947,1,29018
1,29018,0
3,29018,0
0,29089,0
2,29089,0
3,29160,0
1,29231,0
0,29231,0
2,29302,0
3,29302,0
1,29373,0
0,29373,0
2,29444,0
3,29515,0
1,29515,0
2,29587,1,29800
0,29587,1,29800
1,29658,1,29729
3,29729,1,29871
1,29800,1,29871
2,29871,0
0,29871,0
3,29942,0
0,30013,0
1,30013,0
2,30084,0
3,30084,0
0,30155,0
1,30155,0
3,30226,0
0,30297,0
2,30297,0
1,30369,0
3,30369,0
2,30440,0
0,30440,1,30534
3,30511,0
1,30534,1,30629
2,30582,0
3,30629,1,30724
0,30653,0
1,30724,1,30937
2,30724,1,30795
0,30795,1,30866
2,30866,1,31008
0,30937,1,31008
3,31008,0
1,31008,0
2,31103,0
3,31103,0
1,31198,0
0,31198,0
2,31293,0
3,31293,0
1,31340,0
2,31387,0
0,31435,0
3,31482,0
2,31530,0
1,31577,0
0,31577,0
3,31624,0
1,31672,0
2,31719,0
0,31767,0
1,31814,0
2,31861,0
3,31861,1,32359
0,31909,1,32359
0,32430,0
1,32430,0
2,32430,0
3,32430,0
1,32714,0
2,32857,0
3,32999,0
0,32999,0
1,33141,0
2,33283,0
3,33425,0
1,33852,0
0,34136,0
3,34136,0
2,34278,0
1,34421,0
0,34563,0
2,34989,0
1,35274,0
3,35274,0
0,35416,0
1,35558,0
0,35700,0
2,35842,0
1,35985,0
2,36127,0
1,36269,0
3,36411,1,37122
0,36411,0
0,36980,1,37478
2,37122,1,37478
3,37264,1,37478
3,37549,1,38402
0,37549,1,37833
2,37549,1,38260
1,37975,0
0,37975,0
0,38402,1,38544
1,38402,1,38686
2,38402,0
3,38544,0
0,38686,1,39539
2,38686,1,38970
3,38686,1,39397
1,38970,0
1,39113,0
2,39113,0
2,39397,0
2,39539,0
1,39539,0
3,39539,0
1,39681,0
3,39823,1,40108
2,39823,1,40250
0,39823,1,39966
0,40108,1,40534
3,40250,0
1,40250,0
2,40392,1,40677
3,40392,1,40534
0,40677,1,40819
3,40677,1,41245
1,40677,0
2,40819,0
2,40961,1,41245
0,40961,1,41672
1,40961,1,41103
1,41245,0
3,41387,0
1,41387,0
2,41530,1,41672
3,41672,0
1,41672,0
2,41743,0
3,41814,1,42241
1,41814,1,41956
0,41814,0
2,41956,0
0,42098,1,42667
2,42098,1,42241
1,42098,1,42951
3,42383,0
3,42525,0
2,42525,0
0,42809,0
2,42951,1,43236
3,42951,1,43094
0,42951,0
1,43094,0
0,43236,1,43520
3,43236,1,43662
1,43236,1,43378
1,43520,1,43947
2,43520,0
2,43662,0
0,43662,0
0,43805,1,44089
3,43805,1,44231
2,43947,0
1,44089,1,44515
2,44089,1,44231
0,44231,0
2,44373,1,44658
3,44373,1,44800
0,44373,1,45084
1,44658,0
2,44800,0
1,44800,0
2,44942,1,45653
3,44942,1,45226
1,45226,0
0,45226,0
3,45369,0
0,45511,1,45795
3,45511,1,45937
1,45511,1,46079
2,45795,0
2,45937,0
0,45937,0
0,46079,1,46222
3,46079,1,46222
1,46222,0
2,46222,0
2,46364,1,47359
0,46364,1,46506
3,46364,0
1,46506,0
0,46648,1,47643
1,46648,1,47501
3,46648,1,47786
2,47786,1,48639
1,47786,1,48496
0,47786,1,48781
3,48354,1,48781
1,48639,1,48923
0,48923,1,49634
2,48923,1,49776
3,48923,0
3,49207,1,49634
1,49492,1,49918
0,49776,1,50345
3,50060,1,50345
2,50060,1,50487
1,50060,0
1,50345,1,50771
0,50487,1,51056
3,50487,1,50771
2,50629,1,51056
1,50914,1,51482
3,50914,1,51056
3,51198,1,52051
0,51198,1,51624
2,51198,1,51767
1,51767,1,52620
0,51767,1,52193
0,52335,1,52620
3,52335,1,52620
2,52335,1,53046
1,52762,1,53331
3,52762,1,53046
0,52762,1,53046
0,53188,1,53757
3,53188,1,53331
2,53188,1,53331
1,53473,1,53757
2,53473,1,53899
3,53473,1,54326
1,53899,1,54895
0,54041,1,54326
2,54326,1,54859
0,54610,1,54930
3,54895,1,54966
2,54930,1,55001
1,54966,1,55037
0,55001,1,55072
3,55037,1,55108
2,55084,1,55155
1,55132,1,55297
0,55179,1,55250
2,55250,1,55345
3,55321,1,55392
1,55369,0
2,55416,0
3,55463,0
2,55605,0
0,55629,0
1,55748,1,55961
2,55748,1,55961
3,55748,1,55961
1,56032,1,56245
2,56032,1,56245
3,56032,1,56245
1,56316,1,56530
3,56316,1,56530
2,56316,1,56530
1,56601,1,56814
3,56601,1,56814
2,56601,1,56814
2,56885,1,57098
3,56885,1,57098
1,56885,1,57098
2,57169,1,57383
3,57169,1,57383
1,57169,1,57383
1,57454,1,57667
3,57454,1,57667
2,57454,1,57667
1,57738,1,57951
3,57738,1,57951
2,57738,1,57951
2,58023,1,58236
1,58023,1,58236
0,58023,1,58236
2,58307,1,58520
1,58307,1,58520
0,58307,1,58520
2,58591,1,58805
0,58591,1,58805
1,58591,1,58805
2,58876,1,59089
0,58876,1,59089
1,58876,1,59089
1,59160,1,59373
0,59160,1,59373
2,59160,1,59373
1,59444,1,59658
0,59444,1,59658
2,59444,1,59658
2,59729,1,59942
0,59729,1,59942
1,59729,1,59942
0,60013,0
2,60013,0
1,60013,0
0,60155,0
2,60155,0
3,60155,0
3,60297,1,60511
2,60297,1,60511
1,60297,1,60511
3,60582,1,60795
2,60582,1,60795
1,60582,1,60795
2,60866,1,61079
3,60866,1,61079
1,60866,1,61079
2,61151,1,61364
3,61151,1,61364
1,61151,1,61364
1,61435,1,61648
3,61435,1,61648
2,61435,1,61648
1,61719,1,61932
3,61719,1,61932
2,61719,1,61932
2,62004,1,62217
3,62004,1,62217
1,62004,1,62217
2,62288,0
1,62288,0
3,62288,0
3,62430,0
0,62430,0
1,62430,0
3,62501,0
0,62572,1,62786
1,62572,1,62786
2,62572,1,62786
0,62857,1,63070
1,62857,1,63070
2,62857,1,63070
1,63141,1,63354
0,63141,1,63354
2,63141,1,63354
1,63425,1,63639
0,63425,1,63639
2,63425,1,63639
2,63710,1,63923
0,63710,1,63923
1,63710,1,63923
2,63994,1,64207
0,63994,1,64207
1,63994,1,64207
0,64278,0
2,64302,0
3,64326,0
1,64373,0
2,64444,0
0,64492,0
3,64539,0
2,64587,0
0,64634,0
3,64681,0
1,64729,0
2,64776,0
3,64847,1,64918
0,64847,1,65060
1,64847,1,65060
3,64989,1,65132
1,65132,1,65345
0,65132,1,65345
2,65132,1,65203
2,65274,1,65416
0,65416,1,65629
1,65416,1,65629
3,65416,1,65487
3,65558,1,65700
1,65700,1,65914
0,65700,1,65914
2,65700,1,65771
2,65842,1,65914
0,65985,1,66056
2,65985,1,66198
3,65985,1,66198
0,66127,1,66269
1,66269,1,66340
2,66269,1,66482
3,66269,1,66482
1,66411,1,66553
0,66553,1,66624
2,66553,1,66767
3,66553,1,66767
0,66696,1,66838
1,66838,1,66909
2,66838,1,67051
3,66838,1,67051
1,66980,1,67051
3,67122,1,67193
0,67122,1,67335
1,67122,1,67335
3,67264,1,67406
1,67406,1,67620
0,67406,1,67620
2,67406,1,67478
2,67549,1,67691
0,67691,1,67904
1,67691,1,67904
3,67691,1,67762
3,67833,1,67975
1,67975,1,68188
0,67975,1,68188
2,67975,1,68046
2,68117,1,68188
0,68260,1,68331
2,68260,1,68473
3,68260,1,68473
0,68402,1,68544
1,68544,1,68615
2,68544,1,68757
3,68544,1,68757
1,68686,1,68828
0,68828,1,68899
2,68828,1,69041
3,68828,1,69041
0,68970,1,69113
2,69113,0
3,69136,0
1,69184,0
2,69219,0
0,69278,0
1,69326,0
2,69397,1,69610
3,69397,1,69610
0,69397,1,69539
1,69539,1,69610
0,69610,1,69681
3,69681,1,69895
2,69681,1,69895
1,69681,1,69823
0,69823,1,69895
1,69895,1,69966
2,69966,1,70179
3,69966,1,70179
0,69966,1,70037
0,70108,1,70250
1,70250,0
3,70274,0
1,70321,0
2,70392,0
0,70416,0
2,70463,0
1,70534,1,70748
0,70534,1,70748
3,70534,1,70677
2,70677,1,70748
3,70748,1,70819
0,70819,1,71032
1,70819,1,71032
2,70819,1,70961
3,70961,1,71032
2,71032,1,71103
3,71103,1,71222
0,71103,1,71222
1,71151,0
2,71198,1,71269
1,71245,1,71316
0,71293,1,71435
2,71340,1,71411
1,71387,1,71506
3,71435,1,71601
2,71482,1,71553
0,71530,1,71601
1,71577,1,71648
2,71624,1,71696
0,71672,0
3,71672,0
1,71814,0
3,71814,0
2,71956,0
0,71956,0
1,71956,0
0,72098,0
2,72098,0
3,72169,0
1,72241,0
2,72241,0
3,72312,0
1,72383,0
0,72383,0
2,72525,0
3,72525,0
0,72525,0
1,72667,0
3,72667,0
0,72738,0
1,72809,0
2,72809,0
2,72951,0
3,72951,0
0,73094,0
1,73094,0
3,73094,0
0,73236,0
2,73236,0
1,73307,0
3,73378,0
0,73378,0
3,73520,1,73591
1,73520,1,73591
0,73520,1,73733
3,73662,1,73876
2,73662,1,73805
1,73662,1,73733
1,73805,0
0,73805,0
2,73876,0
1,73947,1,74160
0,73947,1,74018
3,73947,0
2,74018,1,74089
0,74089,1,74231
2,74160,1,74231
3,74231,0
1,74231,1,74350
0,74302,0
3,74326,1,74444
2,74373,1,74492
1,74421,1,74539
0,74468,1,74587
3,74515,1,74587
2,74587,1,74658
1,74658,0
3,74658,1,74800
0,74729,1,74800
2,74800,0
1,74800,1,75013
0,74871,1,74942
3,74942,1,75013
2,74978,0
0,75013,1,75084
3,75084,1,75297
1,75084,1,75155
2,75155,1,75226
0,75226,1,75297
1,75262,0
2,75297,1,75369
0,75369,1,75511
3,75369,1,75511
2,75440,0
1,75511,1,75582
2,75546,0
0,75582,1,75724
3,75582,1,75795
1,75653,1,75724
2,75724,1,75795
1,75795,0
0,75795,1,75937
2,75866,1,75937
3,75937,0
1,75937,1,76079
0,76008,1,76079
3,76079,0
2,76079,0
0,76151,0
1,76151,0
2,76222,1,76364
3,76222,1,76364
0,76364,0
2,76435,1,76577
3,76435,1,76577
1,76506,0
0,76506,0
3,76648,1,76790
2,76719,0
0,76719,0
1,76790,0
3,76861,0
1,76932,1,77146
0,76932,1,77004
2,77075,1,77146
3,77075,1,77288
2,77217,1,77359
1,77288,0
0,77288,0
0,77359,0
1,77359,0
3,77406,0
2,77454,0
3,77501,1,77643
1,77549,0
2,77596,0
1,77643,0
0,77643,0
2,77786,0
3,77786,0
2,77857,0
3,77857,0
0,77928,1,78070
1,77928,1,78070
2,78070,0
3,78070,0
1,78212,1,78354
0,78212,1,78354
3,78212,0
1,78425,0
0,78425,0
3,78496,1,78568
2,78496,1,78710
0,78496,0
1,78568,1,78639
3,78639,1,78781
1,78710,1,78781
0,78781,0
2,78781,1,78899
3,78852,0
0,78876,1,78994
1,78923,1,79041
2,78970,1,79089
3,79018,1,79136
0,79065,1,79136
1,79136,1,79207
2,79207,0
0,79207,1,79350
3,79278,1,79350
1,79350,1,79563
2,79350,1,79421
3,79421,1,79492
0,79492,1,79563
2,79527,0
3,79563,1,79705
1,79634,1,79847
0,79634,1,79705
2,79705,0
0,79776,1,79847
3,79812,0
2,79847,1,79918
1,79918,1,80060
0,79918,1,79989
2,79989,1,80060
3,80060,1,80132
0,80096,0
1,80132,1,80274
2,80132,0
3,80203,1,80321
2,80274,1,80416
0,80345,0
1,80345,1,80487
3,80416,1,80487
0,80487,0
2,80487,1,80629
3,80558,1,80629
1,80629,0
0,80629,1,80700
3,80700,0
2,80700,1,80771
0,80771,1,80985
1,80771,1,80842
2,80842,1,80914
3,80914,1,81056
1,80985,1,81056
2,81056,0
0,81056,1,81198
3,81103,1,81198
2,81151,1,81340
1,81198,1,81269
0,81269,0
3,81269,1,81340
1,81340,1,81482
2,81411,1,81553
0,81482,0
3,81482,1,81553
1,81553,1,81624
3,81624,0
0,81624,1,81767
1,81696,1,81767
2,81767,0
3,81802,0
1,81838,0
0,81838,1,81909
2,81909,1,82122
3,81909,1,81980
0,81980,1,82051
3,82051,1,82193
1,82051,1,82122
0,82122,1,82193
2,82193,1,82335
1,82193,1,82264
3,82264,1,82406
0,82335,0
1,82335,0
2,82406,0
0,82406,1,82549
1,82478,1,82549
3,82549,0
2,82549,0
3,82620,1,82762
1,82620,0
0,82691,1,82762
2,82762,0
1,82762,0
3,82833,0
1,82833,1,82975
0,82904,1,82975
2,82975,0
3,82975,0
1,83046,1,83260
0,83046,1,83117
3,83046,0
2,83117,1,83188
0,83188,1,83331
2,83260,1,83331
1,83331,0
3,83331,1,83473
2,83402,0
0,83425,1,83544
1,83473,1,83615
3,83544,1,83686
2,83544,0
0,83615,1,83686
1,83686,1,83757
2,83686,0
0,83757,0
3,83757,1,83899
2,83828,1,83899
0,83899,1,84113
1,83899,1,83970
3,83970,1,84041
1,84041,1,84113
2,84077,0
3,84113,1,84184
0,84184,1,84397
2,84184,1,84255
1,84255,1,84326
3,84326,1,84468
2,84361,0
1,84397,1,84468
0,84468,1,84610
2,84468,1,84539
3,84539,1,84610
2,84610,0
1,84610,1,84752
3,84681,1,84823
0,84681,0
2,84752,1,84823
1,84823,0
0,84823,1,84966
2,84895,0
3,84895,1,85037
1,84966,1,85037
0,85037,0
2,85037,1,85179
3,85108,1,85179
1,85179,0
0,85179,1,85250
2,85250,0
3,85250,1,85321
0,85321,1,85463
1,85357,1,85463
2,85392,0
3,85463,1,85534
1,85534,0
0,85534,1,85605
3,85605,1,85677
1,85641,1,85748
0,85677,1,85748
2,85748,0
3,85748,1,85961
0,85819,0
1,85819,0
2,85890,1,86032
0,85961,0
1,86032,1,86103
3,86068,0
2,86103,1,86174
1,86174,0
0,86174,1,86245
2,86245,0
3,86245,1,86316
0,86316,0
1,86316,1,86387
3,86387,0
2,86387,1,86459
0,86459,1,86601
1,86459,0
2,86530,1,86672
3,86601,0
1,86601,1,86743
0,86672,1,86743
3,86743,0
2,86743,1,86885
1,86885,0
0,86885,0
3,86956,0
1,86956,1,87098
0,87027,1,87098
2,87098,0
3,87098,0
2,87169,1,87312
0,87169,0
3,87241,1,87312
0,87312,0
1,87312,0
2,87383,0
0,87383,1,87525
3,87454,1,87525
1,87525,0
2,87525,1,87596
3,87596,0
0,87596,1,87738
1,87667,1,87738
3,87738,0
2,87738,1,87809
0,87809,0
1,87809,1,87880
2,87880,0
3,87880,1,87999
0,87928,1,88023
1,87975,1,88070
2,88023,1,88117
0,88094,1,88236
3,88094,1,88165
1,88165,1,88236
2,88236,1,88307
3,88236,1,88378
1,88307,1,88378
0,88307,1,88449
2,88378,0
3,88449,1,88591
1,88449,1,88520
2,88520,1,88733
1,88591,1,88662
0,88591,1,88662
3,88662,1,88733
1,88733,0
0,88733,0
1,88828,0
3,88828,0
3,88923,0
2,88923,0
2,89018,0
0,89018,0
1,89113,0
0,89113,0
3,89160,0
1,89231,0
2,89231,0
0,89302,0
2,89397,0
3,89397,0
0,89492,0
2,89492,0
3,89587,0
0,89587,0
1,89681,0
3,89681,0
2,89729,0
1,89800,0
0,89800,0
3,89871,1,89942
2,89871,1,90132
1,89942,1,90013
3,90013,1,90084
1,90084,1,90179
0,90155,0
3,90155,1,90226
2,90203,1,90274
1,90250,1,90321
0,90297,1,90440
3,90297,1,90369
1,90369,0
2,90369,1,90440
3,90440,1,90582
1,90511,1,90582
2,90582,0
0,90582,1,90724
1,90653,1,90724
2,90724,0
3,90724,1,90866
0,90795,1,90866
1,90866,0
2,90866,0
3,90937,0
0,90937,0
2,91008,0
1,91008,0
0,91079,0
3,91079,0
1,91151,0
3,91222,0
2,91222,0
0,91293,0
1,91293,0
2,91364,0
3,91435,0
0,91435,0
2,91506,0
1,91506,0
0,91577,0
3,91577,0
1,91648,0
2,91719,0
3,91719,0
1,91790,0
0,91790,0
2,91861,0
3,91861,0
0,91932,0
1,91932,0
2,92004,0
3,92004,0
1,92075,0
0,92075,0
2,92146,0
3,92146,0
0,92203,0
2,92260,0
1,92316,0
3,92373,0
1,92430,0
0,92430,0
3,92487,0
0,92544,0
2,92601,0
1,92658,0
0,92714,0
3,92762,0
1,92809,0
3,92857,0
0,92857,0
2,92904,0
1,92951,0
0,92999,0
3,92999,0
2,93039,0
1,93080,0
3,93121,0
0,93161,0
2,93202,0
1,93243,0
0,93283,0
3,93283,0
2,93331,0
1,93378,0
3,93425,0
2,93473,0
1,93520,0
3,93568,0
0,93568,0
2,93621,0
0,93674,0
1,93728,0
2,93781,0
3,93781,0
0,93834,0
3,93887,0
1,93941,0
2,93994,0
0,93994,0
0,94083,0
3,94136,0
2,94136,0
1,94190,0
0,94243,0
3,94278,0
3,94350,0
1,94421,0
0,94421,0
1,94563,1,94705
2,94705,0
3,94705,0
0,94705,0
2,94847,1,94989
1,94918,0
0,94918,0
2,95060,0
3,95132,1,95274
1,95132,0
2,95274,0
1,95274,0
0,95274,1,95416
2,95487,0
0,95487,0
2,95558,0
3,95558,0
0,95629,0
1,95677,0
3,95700,1,95842
2,95771,0
1,95842,0
0,95842,0
1,95985,0
0,95985,0
1,96056,0
3,96056,0
0,96127,1,96269
2,96269,0
3,96269,0
1,96411,0
0,96411,0
3,96411,1,96553
2,96553,0
1,96553,0
2,96624,0
0,96696,0
1,96696,0
3,96752,0
0,96809,0
3,96866,0
1,96923,0
2,96923,0
0,96980,0
3,97037,0
2,97037,0
1,97094,0
0,97151,0
2,97151,0
3,97207,0
0,97264,0
1,97264,0
3,97321,0
1,97378,0
0,97435,0
2,97492,0
3,97492,0
0,97549,0
2,97605,0
3,97605,0
1,97662,0
0,97719,0
3,97719,0
2,97776,0
1,97833,0
0,97833,0
3,97890,0
1,97947,0
0,97947,0
3,98004,0
1,98060,0
2,98060,0
0,98117,0
3,98174,0
2,98174,0
1,98231,0
3,98288,0
2,98288,0
0,98345,0
3,98402,0
1,98402,0
2,98459,0
0,98515,0
1,98515,0
2,98572,0
0,98629,0
1,98629,0
3,98686,0
0,98743,0
1,98800,0
2,98857,0
3,98857,0
0,98914,0
3,98970,0
2,98970,0
1,99006,0
0,99113,0
2,99184,0
3,99255,0
1,99255,0
0,99397,0
1,99397,0
0,99468,0
3,99468,0
2,99539,0
1,99610,0
2,99681,0
0,99681,0
3,99823,0
1,99823,0
0,99859,0
3,99966,0
1,99966,0
3,100037,0
0,100108,0
2,100108,0
0,100214,0
2,100268,0
1,100321,0
3,100321,0
0,100392,0
2,100463,0
3,100534,0
0,100582,0
1,100582,0
1,100677,0
0,100677,0
3,100771,0
2,100771,0
1,100819,0
0,100819,0
2,100961,0
3,100961,0
1,101056,0
3,101056,0
1,101151,0
0,101151,0
0,101245,0
3,101245,0
2,101293,0
1,101340,0
3,101387,0
0,101459,0
2,101459,0
3,101530,0
1,101530,0
0,101577,0
2,101624,0
1,101672,0
0,101743,0
3,101743,0
1,101814,0
3,101885,0
2,101885,0
1,101956,0
0,101956,0
3,102027,0
2,102098,0
1,102098,0
3,102169,0
0,102241,0
2,102241,0
1,102312,0
3,102383,0
0,102383,0
2,102430,0
1,102478,0
0,102525,0
2,102596,0
3,102596,0
1,102667,0
0,102667,0
2,102714,0
0,102762,0
1,102809,0
3,102809,0
2,102880,0
0,102904,0
1,102951,0
2,103023,0
3,103040,0
1,103094,0
0,103111,0
2,103165,0
3,103236,0
0,103236,0
3,103307,0
1,103378,0
0,103378,0
1,103449,0
3,103520,0
2,103520,0
0,103568,0
1,103615,0
2,103662,0
0,103733,0
3,103733,0
1,103805,0
2,103805,0
0,103876,0
2,103947,0
3,103947,0
1,104018,0
0,104018,0
3,104089,0
2,104136,0
0,104184,0
1,104231,0
3,104231,0
2,104302,0
0,104373,0
3,104373,0
2,104444,0
1,104444,0
0,104515,0
1,104587,0
2,104587,0
0,104658,0
3,104658,0
2,104705,0
1,104752,0
0,104800,0
3,104871,0
2,104871,0
0,104942,0
1,104942,0
2,105013,0
3,105084,0
1,105084,0
2,105155,0
0,105155,0
1,105226,0
2,105297,0
3,105297,0
0,105369,0
1,105369,0
2,105440,0
0,105511,0
3,105511,0
2,105582,0
1,105582,0
3,105653,0
2,105724,0
0,105724,0
1,105795,0
3,105795,0
2,105866,0
0,105937,0
1,105937,0
2,106008,0
3,106008,0
0,106079,0
1,106079,0
3,106151,0
1,106222,0
2,106222,0
3,106293,0
0,106293,0
2,106364,0
0,106435,0
3,106435,0
1,106506,0
2,106506,0
0,106577,0
3,106577,0
2,106648,0
1,106648,0
0,106719,0
3,106790,0
1,106790,0
2,106861,0
0,106932,0
3,106932,0
0,107027,0
1,107027,0
0,107122,0
2,107122,0
1,107217,0
3,107217,0
3,107312,0
2,107312,0
3,107406,0
0,107406,0
1,107454,0
2,107501,0
0,107549,0
1,107596,0
3,107596,0
0,107691,0
3,107691,0
1,107786,0
2,107786,0
1,107880,0
3,107880,0
0,107928,0
2,107999,0
3,107999,0
1,108070,0
0,108070,0
3,108117,0
2,108165,0
1,108212,0
0,108283,0
2,108283,0
3,108354,0
1,108354,0
0,108425,0
3,108496,0
2,108496,0
1,108568,0
0,108568,0
2,108615,0
3,108662,0
0,108710,0
3,108781,0
1,108781,0
0,108852,0
2,108923,0
3,108923,0
1,109065,0
0,109065,0
1,109136,0
2,109207,0
3,109207,0
0,109278,0
2,109350,0
3,109350,0
1,109421,0
2,109492,0
0,109492,0
3,109492,0
1,109563,0
3,109634,0
0,109634,0
2,109705,0
1,109776,0
3,109776,0
0,109800,0
2,109847,0
1,109918,0
0,109989,0
3,110060,0
2,110060,0
1,110084,0
3,110203,0
0,110203,0
0,110345,0
1,110345,0
2,110345,0
2,110629,0
1,110629,0
0,110629,0
0,110914,0
1,110914,0
2,110914,0
0,111198,0
1,111198,0
2,111198,0
2,111482,0
1,111482,0
0,111482,0
1,111767,0
0,111767,0
2,111767,0
2,112051,0
1,112051,0
0,112051,0
0,112335,0
1,112335,0
2,112335,0
1,112620,1,112691
2,112620,1,112691
3,112620,1,112691
2,112904,1,112975
3,112904,1,112975
1,112904,1,112975
1,113188,1,113260
2,113188,1,113260
3,113188,1,113260
1,113473,1,113544
2,113473,1,113544
3,113473,1,113544
2,113757,1,113828
3,113757,1,113828
1,113757,1,113828
1,114041,1,114113
3,114041,1,114113
2,114041,1,114113
3,114326,1,114397
1,114326,1,114397
2,114326,1,114397
2,114610,1,114681
3,114610,1,114681
1,114610,1,114681
0,114895,1,115037
1,114895,1,115037
2,114895,1,115037
2,115179,1,115321
0,115179,1,115321
1,115179,1,115321
0,115463,1,115605
2,115463,1,115605
1,115463,1,115605
0,115748,1,115890
1,115748,1,115890
2,115748,1,115890
0,116032,1,116174
2,116032,1,116174
1,116032,1,116174
1,116316,1,116459
0,116316,1,116459
2,116316,1,116459
2,116601,1,116743
0,116601,1,116743
1,116601,1,116743
2,116885,1,117027
1,116885,1,117027
0,116885,1,117027
1,117169,1,117383
3,117169,1,117383
2,117169,1,117383
1,117454,1,117667
2,117454,1,117667
3,117454,1,117667
3,117738,1,117951
2,117738,1,117951
1,117738,1,117951
3,118023,1,118236
2,118023,1,118236
1,118023,1,118236
1,118307,1,118520
2,118307,1,118520
3,118307,1,118520
1,118591,1,118805
2,118591,1,118805
3,118591,1,118805
3,118876,1,119089
2,118876,1,119089
1,118876,1,119089
3,119160,0
2,119160,0
0,119207,0
1,119255,0
3,119302,0
1,119350,0
2,119397,0
3,119444,0
0,119444,1,119942
1,119587,0
2,119587,0
1,119729,1,119942
3,119729,0
3,119871,1,119942
2,119871,0
3,120013,0
1,120013,0
0,120013,0
3,120155,1,120511
0,120155,0
2,120297,1,120511
1,120297,0
1,120440,0
0,120440,1,120724
3,120582,0
2,120582,1,120724
1,120724,0
3,120724,1,120866
2,120795,1,120937
0,120866,0
1,120866,1,121008
3,120937,1,121008
0,121008,0
2,121008,1,121151
3,121079,1,121222
0,121151,0
1,121151,1,121364
2,121222,1,121293
3,121293,0
0,121293,1,121435
2,121364,1,121506
1,121435,1,121648
3,121435,0
0,121506,1,121577
2,121577,1,121648
0,121648,1,121719
2,121719,0
3,121719,1,122075
1,121719,0
0,121861,0
2,121861,0
1,122004,0
0,122004,1,122146
2,122075,1,122217
1,122146,0
3,122146,0
0,122217,1,122288
2,122288,0
3,122288,0
0,122359,1,122572
1,122430,0
2,122430,0
1,122572,1,122786
3,122572,0
2,122714,0
3,122714,1,122999
0,122857,0
1,122857,1,123354
2,122999,0
0,122999,0
2,123141,0
3,123141,0
3,123283,1,123496
0,123283,0
1,123425,0
0,123425,1,123639
1,123568,0
3,123568,1,123923
0,123710,0
2,123710,1,123852
1,123852,0
2,123923,0
0,123994,0
1,123994,1,124207
3,123994,0
2,124065,0
0,124136,0
3,124136,1,124278
2,124207,0
1,124278,0
0,124278,1,124492
3,124350,0
1,124421,0
2,124421,1,124563
3,124492,0
0,124563,0
1,124563,1,124776
2,124634,0
0,124705,0
3,124705,1,124847
2,124776,0
1,124847,0
3,124918,0
2,124989,0
1,125060,0
3,125132,0
2,125132,1,125345
0,125132,0
1,125203,0
3,125274,0
0,125274,1,125416
1,125345,0
2,125416,0
3,125416,1,125629
0,125487,0
2,125558,0
1,125558,1,125700
0,125629,0
3,125700,0
2,125700,1,125914
1,125771,0
3,125842,0
0,125842,1,125985
1,125914,0
2,125985,1,126198
0,126056,1,126198
1,126269,0
0,126269,0
3,126269,1,126364
2,126364,0
1,126364,1,126553
0,126459,0
3,126459,1,126553
2,126553,0
0,126553,1,126648
2,126648,1,126838
1,126648,0
3,126743,0
0,126743,1,126838
1,126838,0
3,126838,1,126932
0,126932,0
1,126932,1,127122
2,127027,0
3,127027,1,127122
0,127122,0
2,127122,1,127217
3,127217,0
0,127217,1,127312
1,127312,0
2,127312,1,127406
3,127406,0
0,127406,1,127596
1,127406,0
3,127501,1,127596
2,127596,0
1,127596,1,127691
0,127691,0
3,127691,1,127880
2,127691,0
0,127786,1,127880
1,127880,0
2,127880,1,127975
3,127975,0
0,127975,0
1,127975,1,128070
3,128070,0
2,128070,1,128165
1,128165,0
0,128165,1,128260
2,128260,0
3,128260,0
2,128354,0
2,128449,0
0,128544,0
3,128544,1,128686
1,128591,1,128828
2,128639,1,128757
0,128686,0
3,128757,0
0,128828,1,128970
3,128876,1,128970
2,128923,1,129041
1,128970,1,129184
0,129041,1,129113
3,129113,1,129397
2,129113,1,129681
0,129184,0
1,129255,0
0,129326,0
1,129397,0
3,129468,0
1,129539,0
3,129610,0
0,129681,1,129752
1,129681,1,129823
2,129752,1,129966
0,129823,1,129966
3,129895,1,130037
1,129966,1,130108
0,130037,1,130179
2,130108,1,130629
3,130179,1,130250
0,130250,1,130321
1,130250,1,130724
3,130321,1,130392
0,130392,1,130463
3,130463,1,130534
0,130534,1,130629
3,130629,1,130724
0,130724,1,130819
2,130819,1,130890
3,130819,1,131103
1,130819,0
0,130961,0
1,131008,0
2,131056,1,131151
1,131103,1,131293
0,131151,1,131293
3,131198,0
2,131245,1,131387
3,131316,1,131387
1,131387,1,131956
0,131387,1,131672
3,131459,0
2,131530,0
3,131601,0
2,131672,0
0,131743,0
2,131814,0
0,131885,0
3,131956,0
2,131956,1,132169
1,132027,1,132098
3,132098,1,132241
0,132169,1,132312
1,132241,1,132454
2,132312,1,132383
0,132383,1,132525
2,132454,1,132525
1,132525,0
3,132525,0
2,132596,1,132786
0,132620,1,132691
1,132667,1,132738
3,132714,1,132833
0,132809,1,133023
1,132809,1,132928
3,132904,1,132999
2,132951,1,133046
1,132999,1,133094
0,133094,0
3,133094,1,133520
2,133165,0
0,133236,1,133307
1,133283,1,133449
2,133331,0
0,133378,1,133520
2,133449,1,133591
1,133520,1,133662
0,133591,1,133733
3,133662,1,133805
2,133662,1,133733
0,133805,0
0,133876,0
3,133947,0
3,134018,0
1,134089,0
1,134160,0
2,134231,1,134302
3,134231,1,134373
0,134278,1,134373
1,134326,1,134515
2,134373,1,134444
0,134444,1,134610
3,134515,0
2,134563,1,134729
1,134610,0
3,134658,1,134729
0,134705,0
1,134752,0
2,134800,1,134989
3,134800,1,135226
0,134895,0
1,134895,0
1,134989,0
0,135084,0
2,135084,0
0,135179,0
2,135226,0
1,135274,0
3,135321,0
2,135369,1,135511
0,135369,1,135795
1,135440,1,135511
3,135511,1,135724
1,135582,1,135653
2,135653,1,135724
1,135724,1,135866
2,135795,1,135937
3,135866,1,135937
0,135937,0
1,135937,1,136127
0,136032,1,136127
3,136032,1,136127
2,136127,1,136222
1,136222,0
3,136222,0
0,136222,1,136316
1,136316,1,136506
3,136316,1,136411
0,136411,1,136506
3,136506,0
2,136506,1,136696
0,136601,0
3,136601,1,136696
0,136696,1,136790
1,136790,0
3,136790,0
2,136838,0
0,136885,0
1,136932,0
3,136932,1,137075
1,137075,0
0,137075,0
2,137075,0
0,137217,0
1,137217,0
3,137264,0
2,137264,0
2,137406,0
3,137406,0
0,137454,0
1,137454,0
2,137549,0
3,137549,0
3,137643,0
1,137643,1,137738
0,137643,1,137833
2,137738,0
2,137833,0
1,137833,0
0,137928,0
3,137928,0
1,137975,0
3,138023,0
2,138070,0
0,138117,0
1,138165,0
3,138212,0
0,138212,0
2,138212,0
3,138307,0
1,138402,0
0,138402,0
3,138496,0
1,138496,0
2,138591,0
3,138591,0
0,138686,0
2,138733,0
3,138781,0
0,138781,0
1,138781,0
1,138876,0
3,138970,0
2,138970,0
1,139065,0
0,139065,0
3,139065,0
3,139207,0
0,139207,0
1,139207,0
3,139350,0
0,139350,0
2,139350,0
2,139444,0
3,139492,0
0,139539,0
1,139539,0
0,139634,0
3,139634,0
1,139729,0
3,139729,0
1,139823,0
2,139823,0
0,139918,0
2,139918,0
3,139918,0
0,140013,0
0,140108,0
2,140203,0
2,140297,0
2,140392,0
0,140487,0
3,140487,1,140677
1,140534,0
2,140582,0
0,140629,0
2,140677,0
1,140724,0
0,140771,1,140961
3,140771,0
2,140819,0
1,140866,0
3,140914,0
1,140961,0
2,141008,0
0,141056,0
3,141056,0
0,141151,0
1,141151,0
3,141245,0
2,141245,0
3,141340,0
1,141340,0
1,141435,0
0,141435,0
3,141530,0
2,141577,0
0,141624,0
3,141624,0
1,141624,0
1,141719,0
2,141719,0
0,141814,0
3,141814,0
1,141909,1,142098
3,141909,1,142004
2,142004,0
0,142098,0
3,142098,0
2,142193,0
0,142193,1,142383
1,142193,1,142288
2,142288,0
2,142383,0
3,142383,0
1,142478,0
0,142478,0
1,142572,0
1,142667,0
3,142762,0
0,142762,0
2,142809,0
0,142904,0
2,142904,0
1,142951,0
3,143046,0
1,143046,0
3,143141,0
2,143141,0
0,143188,0
2,143236,0
0,143331,0
1,143331,0
3,143378,0
3,143473,0
0,143473,0
1,143568,0
2,143615,0
0,143662,0
3,143662,0
0,143757,0
2,143757,0
1,143852,0
2,143899,0
3,143899,0
0,143947,0
0,144041,0
1,144041,0
0,144136,0
2,144136,0
3,144231,0
1,144231,0
2,144326,0
3,144326,0
3,144421,0
1,144468,0
0,144468,0
0,144563,0
2,144563,0
3,144658,0
1,144658,0
3,144752,0
2,144752,0
0,144847,0
1,144847,0
1,144942,0
2,144942,0
2,145037,0
3,145037,0
0,145037,0
0,145132,0
2,145226,0
1,145274,0
0,145321,0
2,145321,0
3,145321,0
3,145416,0
2,145511,0
0,145511,0
3,145605,0
0,145605,1,145748
1,145605,0
2,145677,1,145819
3,145748,1,145961
1,145819,1,145890
0,145819,0
2,145890,1,145961
0,145961,1,146103
1,145961,0
2,146032,1,146103
3,146032,0
1,146103,1,146174
3,146174,1,146387
2,146174,1,146316
0,146174,1,146245
1,146316,1,146459
0,146316,0
2,146387,1,146459
0,146459,0
3,146459,1,146530
1,146530,0
2,146530,1,146672
3,146601,0
0,146601,1,146672
1,146672,1,146743
2,146743,0
3,146743,1,146861
0,146790,1,146909
2,146838,1,147004
1,146885,1,146956
3,146932,1,147051
1,147027,1,147146
0,147027,1,147098
2,147075,1,147241
3,147122,0
0,147169,1,147241
1,147217,1,147383
3,147264,0
0,147312,1,147454
2,147312,1,147430
3,147383,1,147501
1,147454,1,147525
2,147501,1,147667
0,147549,0
1,147596,1,147738
3,147596,1,147667
0,147667,1,147880
3,147738,0
2,147786,0
1,147833,0
3,147880,1,148094
2,147880,1,147951
1,147951,1,148023
0,147951,0
2,148023,1,148094
0,148070,1,148236
1,148117,1,148378
3,148165,0
2,148165,0
2,148236,0
0,148307,1,148378
3,148378,1,148591
2,148449,1,148520
0,148449,1,148733
1,148520,1,148591
2,148591,1,148662
1,148662,1,148805
2,148733,1,148876
3,148733,1,149018
0,148805,1,148876
1,148876,1,148947
0,148947,1,149018
2,149018,0
1,149018,1,149207
0,149089,1,149184
2,149160,1,149231
3,149184,1,149255
3,149302,0
0,149302,0
0,149373,0
2,149444,0
2,149515,0
1,149587,0
0,149587,1,149729
3,149634,1,149752
1,149681,1,149847
2,149729,1,149800
0,149800,1,149895
2,149871,1,150013
3,149871,1,149942
1,149942,0
3,150013,1,150084
0,150013,1,150084
1,150060,1,150132
2,150108,1,150179
3,150155,1,150274
0,150155,1,150226
2,150250,1,150321
0,150297,1,150369
1,150345,1,150416
2,150392,1,150463
3,150440,1,150582
0,150440,1,150605
1,150511,0
2,150582,1,150653
1,150629,1,150700
0,150677,1,150748
3,150724,1,150795
2,150724,1,150795
1,150771,1,150937
0,150819,1,150890
3,150866,1,150937
2,150937,1,151079
1,151008,1,151151
3,151008,1,151079
0,151008,1,151222
3,151151,1,151293
2,151151,1,151222
0,151293,0
1,151293,1,151387
2,151340,1,151459
0,151387,1,151506
3,151435,1,151506
1,151482,1,151553
2,151530,1,151743
3,151577,1,151861
0,151577,1,151648
1,151624,1,151696
0,151719,1,151790
1,151767,1,151838
2,151861,1,152027
0,151861,1,151932
1,151909,1,151980
3,152004,1,152075
1,152075,1,152146
3,152146,1,152217
0,152146,1,152430
2,152193,1,152264
3,152288,1,152359
2,152335,1,152406
1,152430,1,152501
3,152430,1,152572
0,152501,1,152643
2,152572,1,152643
1,152596,1,152667
3,152643,1,152786
2,152714,1,152928
0,152714,1,152809
1,152786,1,152857
3,152857,1,152928
0,152880,1,152951
1,152928,1,153070
2,152999,1,153070
3,152999,1,153141
0,153070,1,153212
2,153141,1,153212
1,153165,1,153236
3,153212,1,153283
2,153283,1,153425
0,153283,1,153354
3,153354,1,153425
0,153425,1,153496
1,153449,1,153520
2,153496,1,153568
0,153568,1,153639
3,153568,1,153639
1,153615,1,153686
2,153662,1,153733
3,153710,1,153781
1,153757,1,153852
0,153805,1,153994
3,153852,1,153923
2,153876,1,153947
1,153923,1,154065
3,153994,1,154065
2,154018,1,154136
0,154065,0
3,154136,1,154231
1,154136,0
0,154207,1,154278
2,154207,1,154350
1,154278,1,154350
3,154350,1,154421
0,154350,1,154421
1,154421,1,154515
2,154421,1,154563
0,154492,1,154634
3,154563,1,154705
1,154610,1,154776
0,154705,1,154776
2,154705,1,154918
1,154847,1,155060
0,154847,1,154918
3,154847,0
2,154989,1,155060
3,154989,1,155203
0,154989,0
0,155132,1,155345
1,155132,1,155203
2,155132,0
2,155274,1,155416
3,155274,1,155416
1,155274,0
0,155416,0
1,155451,0
2,155487,0
3,155523,0
0,155558,0
1,155558,0
3,155700,0
2,155700,0
0,155700,0
3,155842,0
1,155842,1,155937
0,155842,1,156056
2,155914,0
3,155961,0
1,156008,0
2,156056,0
0,156127,0
3,156127,0
0,156222,0
1,156222,0
2,156316,0
3,156316,0
0,156411,0
3,156411,1,156553
1,156411,1,156482
2,156482,1,156624
1,156553,1,156696
0,156624,0
3,156696,0
2,156696,0
2,156767,0
0,156838,0
0,156909,0
3,156980,1,157051
2,156980,1,157193
0,157051,1,157122
3,157122,1,157193
1,157122,1,157193
0,157193,1,157264
3,157264,1,157478
2,157264,1,157335
1,157335,1,157406
2,157406,1,157478
0,157406,1,157478
1,157478,1,157549
2,157549,1,157691
0,157549,1,157620
3,157620,1,157691
0,157691,1,157833
3,157762,1,157833
1,157833,0
2,157833,0
0,157928,0
1,157928,0
3,158023,0
2,158023,0
3,158117,0
0,158117,0
1,158165,0
2,158212,0
0,158260,1,158331
3,158260,0
1,158331,1,158425
3,158402,0
0,158402,1,158473
2,158449,0
1,158496,0
3,158544,1,158615
0,158544,0
2,158615,1,158710
0,158686,0
3,158686,1,158757
1,158733,0
1,158828,0
3,158828,0
2,158876,0
2,158970,1,159113
0,158970,1,159041
3,159041,1,159255
0,159113,1,159184
2,159184,1,159326
1,159255,1,159326
0,159255,1,159468
3,159326,1,159397
1,159397,1,159468
2,159397,1,159468
3,159468,1,159539
2,159539,1,159752
1,159539,1,159610
0,159610,1,159681
3,159681,1,159752
1,159681,1,159752
0,159752,1,159823
2,159823,0
3,159823,0
1,159871,0
3,159918,1,160037
2,159966,1,160132
1,160013,1,160084
0,160108,1,160250
3,160108,1,160179
1,160179,1,160250
3,160250,1,160321
2,160250,1,160321
0,160321,1,160392
1,160321,1,160392
2,160392,1,160534
3,160392,1,160463
0,160463,1,160605
1,160534,1,160605
3,160534,1,160605
2,160605,1,160677
1,160677,1,160748
0,160677,1,160748
3,160724,1,160819
2,160771,1,160890
1,160819,1,160961
0,160819,1,160890
3,160890,1,160961
0,160961,1,161103
2,160961,1,161032
1,161032,1,161103
3,161032,1,161174
2,161103,1,161174
1,161174,1,161245
0,161245,1,161316
3,161245,0
2,161293,0
1,161340,0
3,161387,1,161459
0,161387,1,161530
1,161459,1,161530
2,161530,1,161601
3,161530,1,161814
0,161601,1,161672
2,161672,1,161743
1,161672,1,161743
0,161743,1,161814
1,161814,1,161956
2,161814,1,161885
0,161885,1,162027
2,161956,0
3,162004,0
1,162051,0
3,162098,1,162241
0,162098,1,162169
2,162169,1,162241
1,162241,1,162383
0,162241,1,162312
2,162312,1,162383
3,162383,1,162596
0,162383,1,162454
1,162454,1,162525
2,162525,1,162596
0,162525,1,162667
1,162596,1,162667
2,162667,1,162738
3,162667,1,162738
1,162738,1,162809
0,162738,1,162880
2,162809,1,162880
3,162809,1,162880
1,162880,1,162951
2,162951,1,163023
3,162951,1,163023
0,163023,1,163094
1,163023,1,163165
2,163094,1,163165
3,163094,1,163165
0,163165,1,163236
3,163236,1,163307
2,163236,1,163378
1,163307,1,163378
0,163307,1,163378
3,163378,1,163449
0,163449,1,163520
1,163449,1,163520
2,163520,1,163591
3,163520,1,163662
1,163591,1,163662
0,163591,1,163662
2,163662,1,163733
0,163733,1,163805
1,163733,1,163805
2,163805,0
3,163805,1,163876
1,163876,0
0,163876,1,163947
2,163947,0
3,163947,1,164018
0,164018,1,164089
1,164018,0
3,164089,0
2,164089,1,164160
0,164160,0
1,164160,1,164231
3,164231,0
2,164231,1,164302
1,164302,1,164373
2,164373,0
0,164373,1,164515
3,164373,1,164515
2,164587,0
0,164587,1,164729
3,164587,1,164729
2,164800,0
0,164800,1,164871
3,164800,1,164871
3,164942,0
0,164942,0
1,164942,0
0,166364,0
1,166648,0
2,166932,0
0,167217,0
3,167217,1,167501
1,167501,0
2,167786,0
3,168070,1,168354
0,168354,0
2,168354,1,168639
1,168639,0
2,168923,0
3,169207,1,169492
0,169492,0
1,169492,1,169776
2,169776,0
3,169918,1,170203
1,170060,0
0,170345,1,170629
1,170629,1,170914
3,170629,0
0,170914,0
3,171198,0
0,171482,0
1,171624,0
3,171767,1,172051
2,171767,0
1,172051,0
0,172335,0
2,172620,1,172904
0,172904,1,173188
3,172904,0
2,173188,0
0,173473,1,173757
1,173473,0
3,173757,1,174041
2,174041,0
0,174041,1,174326
1,174326,0
0,174610,0
3,174895,1,175179
2,175179,1,175748
0,175179,1,175463
1,175748,1,176316
3,175748,1,176032
0,176032,1,176316
2,176316,1,177454
3,176316,1,176601
1,176459,0
0,176601,0
1,176743,1,177027
0,176885,0
3,177027,0
0,177169,1,177454
3,177454,1,178023
1,177454,1,177738
0,177596,0
2,177738,0
0,177880,0
1,178023,1,178307
2,178023,1,178591
0,178307,1,178591
1,178591,1,179729
3,178591,1,178876
2,178733,0
0,178876,0
2,179018,1,179302
0,179160,0
3,179302,0
0,179444,1,179729
2,179729,1,180013
3,179729,1,180297
0,180297,1,180866
1,180297,1,180582
2,180582,1,180866
1,180866,1,181719
3,180866,1,181151
3,181435,0
0,181719,1,182004
2,182004,1,182572
3,182004,1,182288
1,182572,1,182857
0,182572,1,183141
3,183141,1,185345
2,183141,1,183425
0,183425,0
0,183568,1,183852
1,183710,0
2,183994,1,184278
0,184278,1,185345
1,184563,1,184989
2,184847,1,185345
1,185132,1,185416
2,185416,0
0,185416,0
3,185416,0
3,185558,0
1,185558,0
2,185629,0
1,185700,0
0,185700,0
3,185842,0
0,185842,0
3,185985,0
1,185985,0
0,186127,0
1,186127,0
0,186269,0
2,186269,0
2,186411,0
1,186411,0
1,186553,0
0,186553,0
3,186553,0
2,186696,0
3,186696,0
0,186767,0
1,186838,0
2,186838,0
0,186980,0
3,186980,0
1,187122,0
3,187122,0
2,187264,0
1,187264,0
2,187406,0
0,187406,0
1,187549,0
3,187549,0
2,187620,0
1,187691,0
3,187691,0
0,187691,1,187904
2,187833,0
3,187833,0
1,187904,0
0,187975,0
2,187975,1,188188
1,188117,0
0,188117,1,188260
3,188260,0
2,188260,0
3,188402,1,188544
0,188402,0
2,188544,0
0,188544,1,188757
1,188686,1,188757
3,188686,0
2,188757,0
1,188828,0
0,188828,1,189041
3,188828,0
2,188970,0
3,188970,1,189184
1,189041,0
0,189113,0
2,189113,1,189397
3,189255,0
1,189255,1,189397
0,189326,0
3,189397,1,189468
1,189468,1,189539
3,189539,1,189610
1,189610,1,189681
2,189681,1,189752
0,189752,1,189823
2,189823,1,189895
0,189895,1,189966
3,189966,1,190179
1,189966,0
2,189966,1,190108
1,190108,0
0,190108,0
2,190179,1,190392
3,190250,1,190392
0,190250,1,190321
0,190392,1,190677
1,190392,1,190463
1,190534,0
2,190534,0
3,190677,1,190748
2,190677,1,190890
3,190819,1,191032
1,190819,1,190890
1,190961,1,191032
0,190961,1,191032
2,191032,0
1,191103,1,191245
3,191103,1,191316
0,191103,0
0,191245,0
2,191245,0
1,191316,1,191459
3,191387,0
2,191387,0
1,191530,1,191672
0,191530,1,191601
0,191672,0
2,191672,0
2,191814,1,192027
1,191814,1,191885
1,191956,1,192098
3,191956,1,192027
0,192027,0
2,192098,1,192169
3,192098,1,192169
1,192169,0
2,192241,1,192383
0,192241,1,192312
3,192241,1,192454
0,192383,1,192454
1,192383,1,192525
2,192454,1,192667
3,192525,1,192596
0,192525,1,192738
3,192667,1,192880
1,192667,1,192809
0,192809,1,192951
2,192809,1,192880
3,192951,1,193094
1,192951,1,193023
1,193094,1,193236
0,193094,1,193165
2,193165,1,193307
3,193236,1,193307
0,193236,1,193307
1,193307,1,193378
2,193378,1,193449
0,193378,1,193520
3,193378,1,193591
2,193520,1,193591
1,193520,1,193662
0,193591,1,193662
2,193662,1,193805
3,193662,1,193805
0,193805,0
1,193822,0
3,193876,0
2,193893,0
0,193947,1,194089
1,193947,1,194018
3,194018,1,194089
1,194089,1,194231
2,194089,1,194160
0,194160,1,194231
3,194231,1,194302
1,194302,1,194373
3,194373,1,194444
1,194444,1,194515
0,194515,1,194729
3,194515,1,194658
2,194515,1,194587
1,194587,1,194658
2,194658,1,194729
3,194729,1,194800
1,194729,1,194871
2,194800,1,194942
0,194800,1,194871
3,194871,1,195013
1,194942,1,195013
0,194942,1,195084
2,195013,1,195155
1,195084,1,195297
3,195084,1,195155
0,195155,1,195226
3,195226,1,195369
2,195226,1,195297
0,195297,1,195369
1,195369,0
2,195392,0
1,195511,0
2,195534,0
0,195653,1,195795
1,195653,1,195795
3,195653,1,195724
2,195724,1,195866
3,195795,1,195866
1,195866,1,196008
0,195866,1,195937
3,195937,1,196079
2,195937,1,196008
0,196008,1,196151
2,196079,1,196151
1,196079,1,196222
3,196151,1,196293
0,196222,1,196506
2,196222,1,196293
1,196293,1,196364
3,196364,1,196435
2,196364,1,196506
1,196435,1,196506
3,196506,1,196577
2,196577,1,196648
1,196648,1,196719
0,196719,1,196790
2,196790,1,196932
3,196790,1,196861
1,196790,1,196932
0,196861,1,197004
3,196932,1,197004
1,197004,1,197075
2,197004,1,197146
0,197075,1,197146
3,197075,1,197288
1,197146,1,197359
0,197217,1,197430
2,197217,1,197288
2,197359,1,197572
3,197359,1,197430
1,197430,1,197501
0,197501,1,197643
3,197501,1,197643
1,197572,1,197643
2,197643,0
2,197714,0
0,197786,0
0,197857,0
2,197928,1,197999
3,197928,1,198070
1,197928,1,198141
0,197999,1,198070
2,198070,1,198141
3,198141,1,198212
0,198141,1,198283
2,198212,1,198354
1,198212,1,198283
3,198283,1,198425
1,198354,1,198496
0,198354,1,198425
2,198425,1,198496
3,198496,0
0,198496,0
3,198781,0
0,198781,0
2,198852,0
0,198923,0
1,198923,0
2,198994,0
3,198994,0
1,199065,1,199207
0,199065,1,199136
2,199136,1,199278
0,199207,1,199350
3,199207,1,199278
1,199278,1,199421
3,199350,1,199492
2,199350,1,199421
0,199421,1,199492
1,199492,1,199634
2,199492,1,199563
3,199563,1,199634
2,199634,1,199776
0,199634,1,199705
3,199705,1,199847
0,199776,1,199918
1,199776,1,199847
2,199847,1,199918
3,199918,1,200060
1,199918,1,199989
0,199989,1,200060
2,200060,1,200132
1,200060,1,200203
3,200132,1,200203
0,200203,0
2,200203,1,200345
3,200274,0
1,200345,0
0,200345,1,200487
2,200416,0
1,200487,0
3,200487,1,200629
0,200558,1,200700
2,200629,0
1,200629,1,200771
3,200700,0
2,200771,0
0,200771,1,200914
3,200842,1,200985
1,200914,0
2,200914,1,201056
0,200985,0
3,201056,0
1,201056,1,201198
0,201127,0
3,201198,0
2,201198,1,201269
1,201269,0
3,201340,0
2,201340,0
0,201340,0
1,201411,0
0,201482,0
3,201482,0
2,201553,0
3,201624,0
1,201624,0
0,201696,0
2,201767,0
1,201767,0
3,201838,0
2,201909,0
0,201909,0
1,201909,0
3,201980,0
1,202051,0
0,202051,0
2,202122,0
3,202193,0
1,202193,0
0,202264,0
2,202335,0
3,202335,0
1,202406,0
2,202478,0
0,202478,0
3,202478,0
1,202549,0
2,202620,0
3,202691,0
1,202691,0
0,202691,0
2,202762,0
1,202833,0
0,202904,0
3,202904,0
2,202975,0
1,203046,0
0,203046,0
3,203046,0
2,203117,0
1,203188,0
0,203260,0
3,203260,0
2,203260,0
1,203331,0
2,203402,0
3,203473,0
0,203473,0
1,203544,0
2,203615,0
3,203615,0
1,203686,0
0,203686,0
2,203757,0
3,203757,0
1,203828,0
0,203828,0
2,203899,0
3,203899,0
1,203970,0
0,203970,0
2,204041,0
3,204041,0
1,204113,0
0,204113,0
3,204184,0
2,204184,0
1,204255,0
0,204255,0
3,204326,0
2,204326,0
1,204397,0
0,204397,0
3,204468,0
2,204468,0
0,204539,0
1,204539,0
2,204610,0
3,204610,0
1,204681,0
0,204681,0
2,204752,0
3,204752,0
1,204823,0
0,204823,0
3,204895,0
2,204895,0
0,204966,0
2,205037,0
3,205037,0
0,205108,0
1,205108,0
3,205179,0
1,205250,0
0,205250,0
2,205321,0
3,205321,0
1,205392,0
2,205463,0
3,205463,0
0,205534,0
1,205534,0
2,205605,0
1,205677,0
0,205677,0
2,205748,0
3,205748,0
0,205819,0
2,205890,0
3,205890,0
1,205961,0
0,205961,0
3,206032,0
1,206103,0
0,206103,0
2,206174,0
3,206174,0
1,206245,0
2,206316,0
3,206316,0
1,206387,0
0,206387,0
2,206459,0
1,206530,0
0,206530,0
2,206601,0
3,206601,0
1,206672,0
0,206672,0
2,206743,0
1,206814,0
0,206814,0
2,206885,0
3,206885,0
0,206956,0
2,207027,0
3,207027,0
1,207098,0
0,207098,0
3,207169,0
1,207241,0
0,207241,0
2,207312,0
3,207312,0
1,207383,0
2,207454,0
3,207454,0
1,207525,0
0,207525,0
2,207596,0
1,207667,0
0,207667,0
2,207738,0
3,207738,0
1,207809,0
0,207809,0
2,207880,0
1,207951,0
0,207951,0
2,208023,0
3,208023,0
0,208094,0
3,208165,0
1,208200,0
0,208236,0
2,208271,0
3,208342,0
1,208378,0
0,208414,0
2,208449,0
1,208520,0
3,208520,0
0,208591,0
2,208627,0
3,208662,0
1,208733,0
0,208733,0
3,208805,0
2,208805,0
1,208876,0
2,208947,0
3,208947,0
0,209018,0
1,209018,0
3,209089,0
1,209160,0
0,209160,0
2,209231,0
3,209231,0
0,209302,0
2,209373,0
3,209373,0
0,209444,0
1,209444,0
2,209515,0
1,209587,0
0,209587,0
2,209658,0
3,209658,0
1,209729,0
2,209800,0
3,209800,0
1,209871,0
0,209871,0
3,209942,0
2,209978,0
0,210013,0
1,210049,0
3,210084,0
0,210155,0
2,210203,0
0,210250,0
3,210297,0
1,210345,0
3,210392,0
0,210440,0
2,210440,0
1,210511,0
0,210546,0
2,210582,0
3,210582,0
1,210653,0
3,210688,0
0,210724,0
2,210724,0
1,210795,0
2,210831,0
0,210866,0
3,210866,0
1,210937,0
3,211008,0
2,211044,0
1,211079,0
2,211151,0
3,211151,0
0,211222,0
1,211257,0
2,211293,0
1,211364,0
0,211364,0
3,211435,0
2,211470,0
1,211506,0
0,211577,0
3,211577,0
2,211601,0
3,211719,0
0,211719,0
2,211743,0
0,211861,0
3,211861,0
2,211885,0
0,212004,0
3,212004,0
1,212027,0
3,212146,0
2,212146,0
0,212193,0
2,212264,0
1,212312,0
3,212359,0
0,212383,0
2,212406,0
1,212454,0
3,212501,0
1,212549,0
0,212596,0
2,212620,0
3,212667,0
0,212714,1,212786
1,212714,1,212786
3,232051,1,232193
0,237738,1,238023
1,237738,1,237809
1,238023,1,238307
2,238023,1,238165
2,238307,1,238591
3,238307,1,238520
3,238591,1,238875
0,238591,1,238875
1,238591,1,238733
2,238733,1,239017
1,238875,1,239159
3,239017,1,239586
0,239017,1,239301
2,239159,1,239301
1,239301,1,239586
0,239444,0
2,239444,1,239870
0,239586,1,240012
3,239728,0
1,239728,1,240012
3,239870,1,240439
2,240012,1,240439
0,240154,0
1,240154,1,240297
0,240297,1,241008
1,240439,1,240723
3,240581,0
2,240581,1,240723
3,240723,1,241434
2,240865,0
1,240865,1,241150
2,241008,1,241150
0,241150,1,241861
1,241292,0
2,241292,1,241576
1,241434,1,241576
3,241576,1,242429
2,241718,0
1,241718,1,241861
2,241861,1,242287
0,242003,0
1,242003,1,242145
0,242145,1,242429
1,242287,1,242714
2,242429,1,242856
0,242572,1,242714
3,242572,1,242643
3,242714,1,242998
1,242856,0
0,242856,1,243709
2,242998,0
1,242998,1,243140
2,243140,1,243282
3,243140,0
1,243282,1,243638
2,243425,1,243496
3,243425,1,243496
3,243567,1,244136
2,243567,1,243993
1,243709,1,243922
0,243851,1,243922
1,243993,1,244278
0,243993,1,244846
2,244136,1,244207
2,244278,1,244420
3,244278,1,244562
1,244420,1,244491
1,244562,1,244989
2,244562,1,244704
3,244704,1,244775
2,244846,1,245131
3,244846,1,245557
0,244989,1,245060
1,245131,1,245415
0,245131,1,245273
2,245273,1,245344
2,245415,1,245700
0,245415,1,245842
1,245557,1,245628
1,245700,1,245842
3,245700,1,246339
2,245842,1,245984
0,245984,1,246055
1,245984,1,246055
0,246126,1,246837
1,246126,1,246339
2,246268,1,246410
3,246410,1,246481
1,246410,1,246481
3,246553,1,246979
1,246553,1,246695
2,246695,1,247263
1,246837,1,247548
0,246979,1,247263
3,247121,1,247690
2,247406,1,247548
0,247406,1,247548
2,247690,0
1,247690,0
0,247690,1,247974
2,247785,0
1,247880,0
2,247974,0
1,248069,0
0,248164,0
0,248259,0
3,248259,0
1,248259,0
3,248354,0
2,248448,0
1,248543,0
0,248543,1,248733
2,248638,0
1,248733,0
3,248827,0
2,248827,0
1,248827,1,249017
3,248922,0
2,249017,0
1,249112,0
2,249112,0
0,249112,0
0,249254,0
3,249254,1,249681
1,249396,0
2,249491,0
0,249586,0
2,249681,0
0,249681,0
2,249775,0
1,249870,0
1,249965,0
2,249965,0
0,249965,1,250391
3,250036,0
2,250107,0
3,250178,0
2,250249,0
3,250320,0
2,250391,0
3,250463,0
2,250534,0
0,250534,0
1,250534,0
2,250747,0
0,250818,0
1,250818,1,250889
2,250960,1,251031
1,250960,0
1,251102,0
2,251102,0
3,251102,1,251529
0,251173,0
1,251245,0
0,251316,0
1,251387,0
0,251458,0
1,251529,0
0,251600,0
1,251671,0
3,251671,0
2,251671,0
2,251766,0
0,251861,0
3,251955,0
0,251955,0
3,252050,0
2,252098,0
0,252098,0
1,252145,0
1,252240,0
0,252240,1,252453
3,252240,0
2,252311,0
1,252382,0
2,252453,0
0,252524,1,252595
3,252524,0
2,252595,0
1,252666,0
0,252666,1,253093
3,252666,0
2,252737,0
1,252809,0
3,252809,0
1,253093,1,253377
2,253093,0
3,253093,1,253235
3,253377,0
2,253377,1,253662
0,253377,1,253804
2,253804,0
3,253804,1,254230
1,253804,1,254088
2,253946,0
0,253946,0
2,254230,1,254941
1,254230,1,254372
3,254515,0
0,254515,1,255226
1,254515,1,254799
3,254941,1,255510
1,254941,1,255226
2,255083,1,255510
1,255368,1,255510
0,255368,1,256576
3,255652,1,256292
1,255652,1,256434
3,256363,1,256434
2,256363,0
3,256505,1,256576
1,256505,0
3,256647,1,256718
0,256647,0
0,256790,0
2,256790,0
3,256790,0
1,256932,0
3,256932,0
2,257003,0
0,257074,0
2,257145,0
1,257216,0
3,257216,0
0,257358,0
3,257358,0
1,257429,0
0,257500,0
1,257572,0
2,257643,0
3,257643,0
0,257714,0
3,257785,0
0,257856,0
1,257927,0
2,257927,0
0,258069,0
2,258069,0
1,258140,0
3,258211,0
1,258282,0
0,258354,0
2,258354,0
3,258425,0
1,258496,0
2,258567,0
1,258638,0
0,258709,0
2,258780,0
3,258780,0
1,258851,0
3,258922,0
1,258993,0
3,259064,0
0,259064,0
2,259207,0
0,259207,0
1,259278,0
3,259349,0
2,259349,0
1,259420,0
2,259491,0
0,259491,0
3,259633,0
0,259633,0
2,259704,0
3,259775,0
2,259846,0
1,259918,0
0,259918,0
3,259989,0
0,260060,0
3,260131,0
2,260202,0
0,260202,0
3,260344,0
1,260344,0
2,260415,0
0,260486,0
1,260486,0
2,260557,0
3,260628,0
1,260628,0
0,260700,0
2,260771,0
3,260771,0
1,260842,0
2,260913,0
3,260984,0
1,261055,0
0,261055,0
2,261126,0
0,261197,0
1,261197,0
3,261268,0
0,261339,1,261481
2,261339,0
3,261481,0
1,261481,1,261624
2,261553,1,261624
0,261624,0
3,261624,0
2,261695,1,261837
3,261766,0
1,261766,1,261837
0,261908,0
2,261908,1,262050
1,261979,1,262050
0,262050,1,262192
1,262121,1,262263
3,262192,0
2,262192,1,262335
0,262263,1,262335
3,262335,1,262477
0,262406,1,262477
2,262477,0
1,262477,0
0,262619,0
2,262619,1,262761
1,262690,1,262761
3,262761,0
0,262761,0
1,262832,1,262974
2,262903,1,263045
3,262974,1,263045
1,263045,0
3,263117,1,263259
1,263188,0
0,263259,1,263401
3,263330,0
2,263330,0
1,263401,1,263543
2,263472,1,263614
0,263543,1,263614
3,263614,1,263756
1,263614,0
0,263756,0
2,263756,1,263970
1,263827,1,263899
3,263899,0
0,263899,0
1,263970,1,264112
0,264041,0
2,264041,1,264112
3,264183,0
1,264183,1,264396
0,264254,0
3,264325,1,264467
2,264396,1,264538
0,264467,0
1,264467,1,264609
3,264538,0
0,264609,1,264752
3,264681,1,264823
1,264752,0
2,264752,1,264894
3,264894,0
1,264894,1,265107
2,264965,1,265036
0,265036,0
3,265036,0
2,265107,1,265249
1,265178,1,265320
0,265178,0
3,265249,0
2,265320,0
0,265320,1,265463
1,265391,1,265463
3,265463,1,265605
2,265534,1,265605
0,265605,0
1,265652,0
3,265676,0
2,265723,0
0,265747,0
1,265794,0
2,265842,0
0,265889,1,266031
3,265889,1,265960
1,266031,1,266245
3,266031,1,266102
0,266102,1,266173
3,266173,0
2,266173,1,266316
0,266245,0
1,266316,1,266387
3,266316,1,266458
2,266387,0
0,266458,1,266529
1,266458,1,266671
3,266529,1,266671
0,266600,1,266742
2,266671,1,266813
1,266742,1,266813
3,266742,1,266884
1,266884,0
2,266884,0
3,266955,0
0,267027,1,267240
2,267027,1,267098
2,267169,1,267382
1,267169,1,267240
3,267240,1,267311
0,267311,0
1,267311,1,267453
3,267382,0
2,267453,1,267524
0,267453,1,267595
1,267524,0
3,267595,1,267666
2,267595,1,267809
0,267666,1,267809
3,267737,1,267880
1,267809,1,267951
2,267880,1,267951
0,267880,1,268022
3,267951,0
2,268022,0
1,268022,0
0,268093,0
3,268164,1,268306
2,268164,1,268235
2,268306,1,268519
0,268306,1,268377
3,268377,1,268448
0,268448,0
1,268448,1,268591
3,268519,0
2,268591,1,268662
0,268591,1,268733
1,268662,0
3,268733,1,268804
2,268733,1,268946
0,268804,1,268946
3,268875,1,269017
1,268946,1,269088
2,269017,1,269088
0,269017,1,269159
2,269159,0
1,269159,0
0,269230,0
3,269301,1,269515
1,269301,1,269372
1,269444,1,269657
2,269444,1,269515
0,269515,1,269586
3,269586,0
2,269586,1,269728
0,269657,0
1,269728,1,269799
3,269728,1,269870
2,269799,0
0,269870,1,269941
1,269870,1,270083
3,269941,1,270083
0,270012,1,270154
2,270012,1,270154
3,270154,0
3,270226,0
1,270297,0
1,270368,0
3,270439,0
2,270439,1,270581
0,270439,1,270581
1,270510,1,270652
3,270581,1,270652
0,270652,1,270723
2,270652,1,270794
3,270723,0
1,270723,1,270865
0,270794,1,270865
3,270865,0
2,270865,1,270936
1,270936,0
0,270936,1,271079
2,271008,1,271079
3,271008,1,271150
1,271079,0
0,271150,1,271221
2,271150,1,271292
1,271221,0
3,271221,1,271292
0,271292,0
2,271339,0
0,271387,0
2,271434,0
1,271481,0
3,271529,0
1,271576,1,271718
2,271576,1,271718
0,271576,0
3,271647,1,271790
0,271718,1,271790
2,271790,1,271861
1,271790,1,271932
0,271861,0
3,271861,1,272003
2,271932,1,272003
0,272003,0
1,272003,1,272074
2,272074,0
3,272074,1,272216
1,272145,1,272216
0,272145,1,272287
2,272216,0
3,272287,1,272358
1,272287,1,272429
2,272358,0
0,272358,1,272429
3,272429,0
3,272500,0
1,272572,0
1,272643,0
3,272714,0
0,272714,1,272856
2,272714,1,272785
1,272785,1,272856
3,272856,0
2,272856,1,272998
1,272927,1,273069
0,272927,1,272998
3,272998,1,273069
2,273069,1,273211
0,273069,0
1,273140,1,273247
3,273140,1,273282
0,273211,1,273282
2,273282,0
1,273318,1,273425
0,273354,1,273425
3,273389,1,273496
2,273425,1,273496
0,273496,1,273638
1,273496,0
3,273567,1,273709
2,273567,1,273638
1,273638,1,273780
2,273709,1,273851
0,273709,1,273780
3,273780,1,273851
1,273851,1,273993
0,273851,1,273922
3,273922,0
2,273993,1,274064
0,274064,1,274207
3,274136,0
2,274136,0
1,274207,1,274278
3,274278,1,274420
0,274349,0
2,274420,0
1,274467,0
0,274515,0
3,274562,0
1,274609,0
2,274657,0
0,274704,0
3,274752,0
2,274799,0
0,274846,0
3,274894,0
1,274941,0
2,274989,0
0,274989,0
3,275131,0
3,275273,0
3,275415,0
0,275700,0
0,275842,0
0,275984,0
1,276126,0
3,276126,0
2,276268,1,276339
2,276410,1,276481
2,276553,1,276624
1,276837,1,276908
1,276979,1,277050
1,277121,1,277192
0,277263,0
3,277263,0
2,277406,1,277477
3,277406,1,277548
1,277548,1,277619
2,277548,1,277690
1,277690,1,277832
0,277690,1,277761
0,277832,0
3,277832,0
0,277974,1,278117
1,277974,1,278045
1,278117,1,278259
2,278117,1,278188
2,278259,1,278401
3,278259,1,278330
3,278401,0
0,278401,1,278614
3,278543,1,278614
0,278685,0
3,278685,1,278899
0,278827,1,278899
3,278970,0
0,278970,1,279183
3,279112,1,279183
2,279254,0
0,279538,1,279609
3,279538,1,279752
1,279538,1,279609
2,279609,1,279681
0,279681,1,279752
1,279681,1,279823
2,279752,1,279823
0,279823,1,280036
3,279823,1,279894
1,279894,1,279965
3,279965,1,280131
2,279965,1,280036
1,280036,1,280178
2,280107,1,280249
0,280154,1,280320
3,280202,1,280320
1,280249,1,280368
2,280320,1,280510
3,280391,1,280463
0,280391,1,280463
1,280463,1,280557
0,280534,1,280605
3,280534,1,280652
2,280605,1,280700
1,280676,1,280818
0,280676,1,280747
3,280747,1,280889
2,280818,1,280889
0,280818,1,281031
1,280889,1,280960
2,280960,1,281102
3,280960,1,281031
1,281031,1,281173
0,281102,1,281245
3,281102,1,281173
2,281173,1,281245
3,281245,1,281363
1,281245,1,281316
0,281316,1,281387
2,281316,1,281434
1,281387,1,281505
0,281458,1,281600
2,281529,1,281695
3,281529,0
1,281576,1,281647
3,281624,1,281742
0,281671,1,281742
1,281718,1,281790
2,281766,1,281837
0,281813,1,281884
3,281813,1,281932
1,281861,1,281979
2,281908,0
0,281955,1,282027
3,282027,1,282098
2,282027,1,282169
0,282098,1,282240
1,282098,1,282169
3,282169,1,282240
2,282240,1,282382
1,282240,1,282311
3,282311,1,282382
0,282382,1,282453
1,282382,1,282524
2,282453,1,282524
3,282453,1,282737
0,282524,1,282595
2,282595,1,282666
1,282666,1,282844
0,282666,1,282737
2,282737,1,282809
0,282809,1,282880
3,282809,1,282951
2,282880,1,283069
1,282951,1,283022
0,282951,1,283117
3,283022,1,283117
1,283093,1,283164
2,283140,1,283306
3,283188,1,283259
1,283235,1,283354
0,283235,1,283401
3,283330,1,283448
2,283377,1,283448
1,283425,1,283519
0,283472,0
2,283519,1,283591
3,283519,1,283662
0,283591,1,283733
1,283591,1,283662
2,283662,1,283804
1,283733,1,283804
0,283804,1,283875
3,283804,1,283946
1,283875,1,284017
0,283946,1,284088
2,283946,1,284017
3,284017,1,284088
1,284088,1,284301
2,284088,1,284159
0,284159,1,284230
3,284230,1,284301
2,284230,1,284372
0,284301,1,284444
1,284372,1,284444
3,284372,1,284586
2,284444,1,284515
0,284515,1,284681
1,284515,1,284586
2,284586,1,284728
1,284657,1,284799
3,284704,1,284870
0,284752,1,284870
2,284799,1,284918
1,284870,1,285060
0,284941,1,285012
3,284941,1,285012
2,285012,1,285107
3,285083,1,285154
0,285083,1,285202
1,285154,1,285249
2,285226,1,285368
3,285226,1,285297
0,285297,1,285439
1,285368,1,285439
3,285368,1,285581
2,285439,1,285510
1,285510,1,285652
0,285510,1,285581
2,285581,1,285723
3,285652,1,285794
0,285652,1,285723
1,285723,1,285794
0,285794,1,285901
2,285794,1,285865
3,285865,1,285936
1,285865,1,285972
2,285936,1,286043
3,286008,1,286150
1,286079,1,286245
0,286079,0
2,286126,1,286197
0,286173,1,286292
3,286221,1,286292
2,286268,1,286339
1,286316,1,286387
0,286363,1,286481
3,286363,1,286434
2,286410,1,286529
1,286458,0
3,286505,1,286576
1,286576,1,286718
0,286576,1,286647
2,286647,1,286718
3,286647,1,286790
0,286718,1,286790
1,286790,1,286932
2,286790,1,286861
0,286861,1,286932
3,286932,1,287003
2,286932,1,287074
1,287003,1,287074
0,287003,1,287305
3,287074,1,287145
1,287145,1,287216
2,287216,1,287394
3,287216,1,287287
1,287287,1,287358
3,287358,1,287429
0,287358,1,287500
1,287429,1,287619
2,287500,1,287572
3,287500,1,287666
0,287572,1,287666
2,287643,1,287714
1,287690,1,287761
0,287737,1,287809
3,287785,0
2,287785,0
3,287856,1,287927
1,287927,0
0,287927,0
1,287998,1,288069
2,288069,0
3,288069,0
0,288140,0
2,288211,1,288282
1,288211,1,288354
3,288282,1,288472
0,288282,1,288354
2,288354,1,288567
1,288425,1,288519
0,288496,0
3,288543,1,288614
1,288591,0
2,288638,1,288709
0,288638,1,288851
1,288709,1,288780
3,288780,1,288851
2,288780,1,288922
1,288851,1,288922
3,288922,1,289136
0,288922,1,288993
2,288993,1,289064
0,289064,1,289230
1,289064,1,289136
2,289136,1,289278
1,289207,1,289349
3,289254,1,289420
0,289301,1,289420
2,289349,1,289491
1,289420,1,289609
0,289491,1,289562
3,289491,1,289562
2,289562,1,289657
3,289633,1,289704
0,289633,1,289752
1,289704,1,289799
2,289775,1,289918
3,289775,1,289846
0,289846,1,289989
1,289918,1,289989
3,289918,1,290131
2,289989,1,290060
1,290060,1,290202
0,290060,1,290131
2,290131,1,290273
3,290202,1,290344
0,290202,1,290273
1,290273,1,290344
0,290344,1,290439
2,290344,1,290415
3,290415,1,290486
1,290415,1,290510
2,290486,1,290581
3,290557,1,290700
1,290628,1,290794
0,290628,0
2,290676,1,290747
0,290723,1,290842
3,290771,1,290842
2,290818,1,290889
1,290865,1,290936
3,290913,1,290984
0,290913,1,291031
2,290960,1,291079
1,291008,0
3,291055,1,291126
1,291126,1,291268
0,291126,1,291197
3,291197,1,291339
2,291197,1,291268
0,291268,1,291339
1,291339,1,291481
2,291339,1,291410
0,291410,1,291481
3,291481,1,291553
2,291481,1,291624
1,291553,1,291624
0,291553,1,291837
3,291624,1,291695
1,291695,1,291766
2,291766,1,291944
3,291766,1,291837
1,291837,1,291908
3,291908,1,291979
0,291908,1,292050
1,291979,1,292169
2,292050,1,292121
3,292050,1,292216
0,292121,1,292216
2,292192,1,292263
1,292240,1,292406
0,292287,1,292358
2,292335,1,292453
3,292335,1,292500
0,292429,1,292548
1,292477,1,292548
2,292524,1,292619
3,292572,0
1,292619,1,292690
0,292619,1,292690
2,292690,1,292832
3,292690,1,292761
1,292761,1,292832
0,292761,1,292903
3,292832,1,292903
1,292903,1,293045
2,292903,1,292974
3,292974,1,293117
0,293045,1,293117
2,293045,1,293117
1,293117,1,293188
3,293188,1,293259
0,293188,1,293259
2,293188,1,293330
1,293259,1,293401
0,293330,1,293543
3,293330,1,293401
2,293401,1,293472
3,293472,1,293543
1,293472,1,293614
2,293543,1,293685
3,293614,1,293756
0,293614,1,293685
1,293685,1,293756
2,293756,1,293827
0,293756,1,293863
3,293827,1,293899
1,293827,1,293934
2,293899,1,294005
3,293970,1,294076
0,294041,1,294112
1,294041,1,294183
2,294112,1,294325
3,294183,1,294254
0,294183,1,294254
1,294254,1,294467
3,294325,1,294396
0,294325,1,294396
2,294396,1,294538
3,294467,1,294681
0,294467,1,294538
1,294538,1,294609
0,294609,1,294681
2,294609,1,294752
1,294681,1,294823
0,294752,1,294894
3,294752,1,294823
2,294823,1,294894
1,294894,1,294965
3,294894,1,295012
0,294965,1,295036
2,294965,1,295083
1,295036,1,295131
0,295107,1,295178
2,295178,1,295320
3,295178,1,295249
0,295249,1,295391
1,295320,1,295391
3,295320,1,295463
2,295391,1,295463
0,295463,1,295534
1,295463,1,295534
2,295534,1,295605
3,295534,1,295605
0,295605,1,295676
3,295676,1,295747
2,295676,1,295747
1,295747,1,295818
0,295747,1,295818
3,295818,1,295889
1,295889,1,295960
0,295889,1,295960
2,295960,1,296031
3,295960,1,296031
1,296031,0
0,296067,0
2,296102,0
3,296138,0
1,296173,1,296245
0,296173,1,296245
2,296245,1,296316
3,296245,1,296316
0,296316,0
1,296351,0
3,296387,0
2,296422,0
1,296458,1,296529
0,296458,1,296529
2,296529,1,296600
0,296600,1,296813
3,296600,1,296671
1,296600,1,296742
3,296742,0
2,296742,0
2,296813,0
0,296884,1,296955
1,296884,1,297098
0,297027,1,297240
3,297027,1,297098
3,297169,1,297311
1,297169,1,297275
2,297240,1,297382
0,297311,1,297453
1,297346,1,297418
3,297382,1,297489
2,297453,1,297524
1,297489,1,297560
0,297524,1,297595
2,297595,0
3,297595,0
3,297737,0
0,297737,0
1,297737,0
2,297809,0
0,297880,0
3,297880,0
1,297927,0
2,297974,0
3,298022,0
0,298022,0
1,298093,0
2,298164,0
1,298211,0
0,298259,0
3,298306,0
2,298306,0
0,298354,0
1,298425,0
3,298448,0
1,298519,0
3,298591,0
2,298591,0
0,298638,0
1,298685,0
2,298733,0
3,298780,0
1,298804,0
0,298875,0
2,298875,0
1,298946,0
3,299017,0
0,299017,0
2,299064,0
1,299112,0
0,299159,0
3,299159,0
2,299230,0
1,299301,0
2,299349,0
3,299396,0
0,299444,0
1,299444,0
0,299538,0
3,299565,0
2,299606,0
1,299647,0
0,299687,0
3,299728,0
2,299728,0
1,299799,0
0,299870,0
2,299870,0
1,299941,0
0,300012,0
3,300012,0
2,300012,0
1,300083,0
3,300154,0
0,300154,0
2,300202,0
1,300249,0
0,300297,0
3,300297,0
2,300344,0
2,300439,0
3,300439,0
0,300486,0
0,300581,0
2,300581,0
1,300652,0
3,300700,0
2,300747,0
3,300794,0
1,300865,0
0,300865,0
2,300913,0
0,300960,0
3,301008,0
1,301055,0
3,301102,0
2,301150,0
0,301150,0
1,301197,0
3,301245,0
2,301292,0
1,301339,0
0,301387,0
2,301434,0
1,301481,0
3,301529,0
2,301576,0
1,301624,0
0,301671,0
2,301718,0
3,301718,0
0,301790,0
1,301861,0
2,301861,0
0,301932,0
2,302003,0
3,302003,0
1,302074,0
3,302145,0
0,302145,0
2,302216,0
1,302216,0
0,302287,0
3,302287,0
2,302358,0
0,302382,0
1,302429,0
2,302477,0
3,302524,0
0,302572,0
1,302572,0
2,302643,0
1,302714,0
3,302761,0
0,302785,0
3,302856,0
2,302856,0
0,302913,0
1,302970,0
2,303027,0
3,303083,0
1,303140,0
0,303140,0
2,303188,0
3,303235,0
0,303259,0
2,303298,0
1,303361,0
0,303425,0
3,303425,0
2,303425,0
1,303496,0
3,303567,0
0,303567,0
2,303614,0
1,303662,0
0,303709,0
3,303709,0
2,303780,0
1,303851,0
2,303899,0
3,303946,0
0,303993,0
1,303993,0
2,304041,0
0,304088,0
3,304112,0
1,304183,0
0,304254,0
3,304278,0
2,304278,0
1,304325,0
3,304372,0
2,304436,0
0,304499,0
1,304562,0
3,304562,0
2,304609,0
0,304657,0
3,304704,0
1,304752,0
0,304799,0
3,304846,0
2,304846,0
0,304918,0
3,304965,0
1,304989,0
2,305060,0
3,305131,0
1,305131,0
0,305131,0
0,305273,0
2,305273,0
3,305273,0
1,305415,0
0,305415,0
3,305415,0
2,305557,0
1,305605,0
3,305652,0
2,305700,0
1,305700,0
0,305700,0
3,305771,0
0,305842,0
2,305842,0
1,305913,0
2,305984,0
3,305984,0
0,305984,0
1,306055,0
3,306126,0
0,306126,0
2,306197,0
1,306268,0
3,306268,1,306481
0,306339,1,306481
2,306410,1,306553
1,306481,1,306695
3,306553,0
0,306553,1,306624
2,306624,1,306766
3,306695,1,306766
0,306695,0
1,306766,1,306837
0,306837,0
3,306837,0
2,306837,0
1,306908,0
3,306979,0
0,306979,0
2,307027,0
1,307074,0
0,307121,0
3,307121,0
2,307192,0
1,307263,0
2,307311,0
3,307358,0
1,307406,0
0,307406,0
3,307453,0
2,307524,0
0,307548,0
2,307619,0
0,307690,0
1,307690,0
3,307737,0
2,307785,0
1,307832,0
0,307880,0
3,307974,0
1,307974,0
2,308045,0
0,308117,0
3,308117,0
1,308164,0
2,308211,0
3,308259,0
0,308259,0
1,308330,0
2,308401,0
1,308448,0
0,308496,0
3,308543,0
2,308543,0
3,308638,0
0,308665,0
1,308706,0
2,308746,0
3,308787,0
0,308827,0
1,308827,0
2,308899,0
3,308970,0
1,308970,0
2,309041,0
3,309112,0
0,309112,0
1,309112,0
2,309183,0
0,309254,0
3,309254,0
1,309301,0
2,309349,0
3,309396,0
0,309396,0
1,309467,0
2,309538,0
1,309586,0
0,309633,0
3,309681,0
2,309681,0
1,309752,0
3,309799,0
1,309870,0
0,309918,0
2,309965,0
3,309965,0
1,310012,0
3,310060,0
0,310107,0
2,310154,0
1,310202,0
0,310249,0
3,310249,0
2,310297,0
1,310344,0
2,310415,0
3,310486,0
1,310534,0
0,310534,0
2,310581,0
1,310628,0
0,310676,0
3,310723,0
1,310771,0
3,310818,0
2,310818,0
0,310889,0
2,310960,0
1,310960,0
3,311031,0
0,311102,0
1,311138,0
3,311173,0
2,311209,0
0,311245,0
1,311245,0
2,311316,0
3,311316,0
0,311387,0
1,311387,0
3,311444,0
2,311500,0
1,311557,0
0,311614,0
3,311671,0
2,311671,0
1,311742,0
2,311813,0
0,311837,0
3,311884,0
0,311955,0
1,311955,0
3,312012,0
2,312069,0
1,312126,0
0,312183,0
2,312240,0
3,312240,0
1,312287,0
0,312335,0
3,312358,0
2,312406,0
3,312477,0
0,312524,0
1,312524,0
2,312595,0
0,312666,0
3,312666,0
1,312714,0
2,312761,0
3,312809,0
0,312809,0
1,312880,0
2,312951,0
1,312998,0
0,313045,0
3,313093,0
2,313093,0
1,313140,0
3,313188,0
0,313211,0
2,313282,0
3,313354,0
0,313377,0
1,313377,0
2,313448,0
1,313519,0
0,313519,0
2,313591,0
3,313662,0
0,313662,0
1,313662,0
3,313804,0
2,313804,0
1,313804,0
3,313946,0
0,313946,0
2,313946,0
0,314088,0
3,314088,0
1,314088,0
2,314230,0
3,314230,0
0,314230,0
1,314301,0
2,314372,0
3,314372,0
1,314444,0
0,314515,0
2,314515,0
3,314586,0
1,314586,0
0,314657,0
2,314728,0
3,314728,0
1,314799,0
0,314799,0
2,314870,0
1,314941,0
2,315012,0
0,315083,0
1,315083,0
3,315154,0
0,315226,0
3,315297,0
0,315368,1,315581
1,315368,1,315439
1,315510,1,315723
2,315510,1,315581
2,315652,1,315865
3,315652,1,315723
3,315794,1,315913
1,315794,1,315865
0,315865,1,315960
2,315936,1,316055
1,315936,1,316008
3,315984,1,316102
0,316031,1,316150
1,316079,1,316197
2,316126,1,316292
3,316173,1,316245
0,316221,1,316434
1,316268,1,316363
3,316316,1,316481
2,316363,1,316434
1,316434,1,316529
2,316505,1,316576
0,316505,1,316624
3,316553,1,316624
1,316600,1,316671
2,316647,1,316718
0,316695,1,316766
1,316742,1,316861
2,316790,1,316908
3,316790,0
0,316837,1,316955
3,316884,1,316955
1,316932,1,317003
2,316979,1,317050
3,317027,1,317098
0,317074,0
1,317074,1,317169
0,317169,1,317240
3,317216,0
2,317216,1,317311
3,317311,1,317382
0,317358,0
1,317358,1,317453
0,317453,1,317524
3,317500,0
2,317500,1,317595
3,317595,1,317785
1,317643,1,317714
0,317643,1,317785
2,317714,1,317832
1,317785,1,317880
0,317856,1,317927
2,317927,1,318140
3,317927,1,317998
1,317998,1,318069
3,318069,1,318140
0,318069,1,318188
1,318140,1,318306
3,318211,1,318425
2,318211,0
0,318259,1,318354
2,318330,1,318425
1,318377,1,318567
0,318425,1,318496
3,318496,1,318662
2,318496,1,318614
0,318567,1,318662
1,318638,1,318756
2,318685,1,318804
0,318733,1,318851
3,318780,1,318851
1,318827,1,318922
2,318875,1,318993
3,318922,1,319064
1,318993,1,319136
0,319064,1,319136
2,319064,1,319207
3,319136,1,319207
1,319207,1,319278
0,319207,1,319325
3,319278,1,319396
1,319349,1,319491
0,319396,0
2,319444,1,319562
3,319491,0
0,319538,1,319704
1,319586,1,319657
2,319633,1,319775
3,319681,0
1,319728,1,319846
0,319775,0
3,319823,1,319918
2,319870,1,319965
1,319918,1,320060
0,319918,1,319989
3,319989,1,320060
2,320060,0
0,320060,1,320131
2,320131,1,320273
1,320202,1,320273
0,320202,1,320415
3,320344,1,320486
1,320344,1,320415
2,320486,1,320557
1,320486,1,320605
0,320534,1,320652
3,320581,1,320700
2,320628,1,320747
1,320676,1,320842
0,320723,1,320794
3,320771,1,320984
2,320818,1,320913
0,320865,1,321031
1,320913,1,320984
2,320984,1,321079
1,321055,1,321126
3,321055,1,321173
0,321102,1,321173
2,321150,1,321221
1,321197,1,321268
3,321245,1,321316
2,321292,1,321410
1,321339,1,321458
0,321339,0
3,321387,1,321505
0,321434,1,321505
2,321481,1,321553
1,321529,1,321600
0,321576,1,321647
3,321624,0
2,321624,1,321766
3,321718,1,321790
1,321766,1,321908
0,321766,0
0,321861,1,321932
2,321908,1,322050
3,321908,0
3,322003,1,322074
1,322050,1,322169
0,322050,0
0,322145,1,322335
2,322192,1,322263
3,322192,1,322335
1,322263,1,322382
2,322335,1,322429
3,322406,1,322477
1,322477,1,322690
0,322477,1,322548
2,322548,1,322619
0,322619,1,322690
3,322619,1,322737
2,322690,1,322856
0,322761,1,322974
1,322761,0
3,322809,1,322903
1,322880,1,322974
2,322927,1,323117
3,322974,1,323045
0,323045,1,323211
1,323045,1,323164
3,323117,1,323211
2,323188,1,323306
1,323235,1,323354
3,323282,1,323401
0,323330,1,323401
2,323377,1,323472
1,323425,1,323543
0,323472,1,323614
2,323543,1,323685
3,323614,1,323685
1,323614,1,323756
0,323685,1,323756
2,323756,1,323827
3,323756,1,323875
0,323827,1,323946
2,323899,1,324064
3,323946,0
1,323993,1,324112
0,324041,0
3,324088,1,324254
2,324136,1,324207
1,324183,1,324325
0,324230,0
2,324278,1,324396
3,324325,0
0,324372,1,324467
1,324420,1,324515
2,324467,1,324609
3,324467,1,324538
0,324538,1,324609
1,324609,0
3,324609,1,324681
1,324681,1,324823
2,324752,1,324823
3,324752,1,324965
0,324894,1,325060
2,324894,1,324965
1,325036,1,325107
2,325036,1,325154
3,325083,1,325202
0,325131,1,325249
1,325178,1,325297
2,325226,1,325391
3,325273,1,325344
0,325320,1,325534
1,325368,1,325463
3,325415,1,325581
2,325463,1,325534
1,325534,1,325628
2,325605,1,325676
0,325605,1,325723
3,325652,1,325723
1,325700,1,325771
2,325747,1,325818
0,325794,1,325865
1,325842,1,325960
2,325889,1,326008
3,325889,0
0,325936,1,326055
3,325984,1,326055
1,326031,1,326102
2,326079,1,326150
3,326126,1,326197
1,326173,1,326268
0,326173,0
0,326268,1,326339
2,326316,1,326410
3,326316,0
3,326410,1,326481
1,326458,1,326553
0,326458,0
0,326553,1,326624
2,326600,1,326695
3,326600,0
3,326695,1,326884
1,326742,1,326813
0,326742,1,326884
2,326813,1,326932
1,326884,1,326979
0,326955,1,327027
2,327027,1,327240
3,327027,1,327098
1,327098,1,327169
3,327169,1,327240
0,327169,1,327287
1,327240,1,327406
2,327311,0
3,327311,1,327477
0,327358,1,327453
2,327429,1,327524
1,327477,1,327666
0,327524,1,327595
3,327595,1,327856
2,327595,1,327714
0,327666,1,327761
1,327737,1,327809
2,327785,1,327903
0,327832,1,327951
1,327880,1,328045
3,327927,1,327998
2,327974,1,328093
0,328022,1,328188
3,328069,1,328140
1,328117,1,328282
2,328164,1,328235
3,328211,1,328377
0,328259,1,328330
2,328306,1,328377
1,328354,1,328448
0,328401,1,328543
2,328448,1,328709
3,328448,1,328519
1,328519,1,328591
3,328591,1,328662
1,328662,1,328756
0,328733,1,328804
3,328733,1,328899
2,328780,1,328851
1,328827,1,328899
0,328875,1,328946
2,328922,1,329017
3,328970,1,329088
0,329017,1,329183
1,329017,1,329136
2,329088,1,329183
3,329159,1,329230
1,329207,1,329301
0,329254,1,329372
2,329301,1,329420
3,329301,1,329372
1,329372,1,329467
0,329444,1,329515
3,329444,1,329515
2,329515,1,329586
1,329586,1,329728
3,329586,1,329657
0,329586,1,329657
2,329657,1,329799
0,329728,1,329799
3,329728,1,329870
1,329799,1,329870
2,329870,1,329941
0,329870,1,330012
3,329941,1,330083
1,330012,1,330083
2,330012,1,330154
0,330083,1,330226
3,330154,1,330297
1,330154,1,330226
2,330226,1,330368
0,330297,1,330368
1,330297,1,330368
3,330368,1,330439
1,330439,1,330510
2,330439,1,330581
0,330439,1,330510
3,330510,1,330581
0,330581,0
1,330581,0
0,330652,1,330723
2,330723,1,330865
3,330723,1,330794
1,330794,1,330936
0,330865,1,330936
3,330865,1,331008
2,330936,1,331079
0,331008,1,331079
1,331008,1,331150
3,331079,1,331221
0,331150,1,331221
2,331150,1,331363
1,331221,1,331292
0,331292,1,331434
3,331292,1,331363
1,331363,1,331576
3,331434,1,331505
2,331434,1,331505
0,331505,1,331576
2,331576,1,331647
3,331576,1,331647
1,331647,1,331718
0,331647,1,331718
3,331718,1,331790
2,331718,1,331861
1,331790,1,331932
0,331861,1,331932
3,331861,1,332003
2,331932,1,332003
0,332003,1,332074
1,332003,1,332074
2,332074,1,332145
3,332074,1,332216
0,332145,1,332358
1,332145,1,332216
2,332216,1,332287
1,332287,1,332429
3,332287,1,332358
2,332358,1,332429
3,332429,0
0,332429,0
3,332500,1,332572
1,332572,0
0,332572,0
1,332643,1,332714
2,332714,0
3,332714,0
2,332785,1,332856
0,332856,0
1,332856,0
0,332927,1,332998
3,332998,0
3,333069,1,333211
1,333140,0
1,333211,1,333354
2,333282,0
2,333354,1,333496
0,333425,0
0,333496,1,333638
2,333567,1,333673
3,333567,1,333638
1,333638,1,333816
0,333709,1,333780
3,333709,1,333887
2,333780,1,333851
0,333851,1,333958
1,333887,1,333993
2,333922,1,334029
3,333958,1,334064
1,334136,0
0,334136,0
3,334136,0
2,334207,0
0,334254,0
3,334278,0
1,334325,0
3,334396,0
0,334420,0
2,334444,0
0,334491,0
3,334562,0
1,334586,0
3,334633,0
0,334704,0
2,334704,0
1,334775,0
0,334846,0
2,334870,0
3,334894,0
3,334989,0
2,335024,0
0,335060,0
1,335131,0
2,335166,0
3,335202,0
1,335273,0
0,335273,0
2,335330,0
0,335387,0
2,335444,0
3,335500,0
0,335557,0
1,335581,0
3,335605,0
2,335700,0
1,335747,0
0,335794,0
3,335842,0
2,335842,0
1,335960,0
0,336008,0
2,336055,0
1,336102,0
3,336126,0
0,336150,0
3,336197,0
1,336268,0
1,336339,0
0,336410,0
3,336410,0
2,336458,0
1,336505,0
0,336553,0
3,336576,0
2,336647,0
0,336695,0
2,336742,0
1,336790,0
3,336837,0
1,336884,0
2,336932,0
0,336979,0
3,336979,0
1,337050,0
2,337098,0
3,337145,0
2,337192,0
1,337240,0
0,337287,0
3,337311,0
0,337406,0
2,337429,0
3,337453,0
1,337548,0
0,337548,0
3,337619,0
1,337666,0
2,337714,0
3,337761,0
1,337832,0
0,337832,0
2,337889,0
0,337946,0
2,338003,0
0,338060,0
1,338117,0
3,338117,0
2,338188,0
1,338259,0
2,338330,0
1,338401,0
0,338425,0
2,338472,0
1,338543,0
3,338567,0
2,338614,0
0,338685,0
3,338685,0
1,338748,0
2,338812,0
0,338843,0
3,338875,0
1,338906,0
2,338970,0
0,339001,0
3,339033,0
1,339064,0
2,339128,0
1,339191,0
0,339254,0
3,339254,0
2,339301,0
1,339349,0
2,339396,0
3,339444,0
1,339491,0
0,339538,0
2,339538,0
0,339633,0
1,339633,0
0,339728,0
3,339728,0
2,339823,0
3,339823,0
1,339880,0
2,339936,0
1,339993,0
3,340050,0
1,340107,0
0,340107,0
2,340154,0
2,340249,0
3,340249,0
0,340297,0
0,340391,0
3,340391,0
2,340439,0
1,340486,0
2,340557,0
0,340581,0
3,340628,0
1,340652,0
0,340700,0
2,340723,0
3,340818,0
1,340842,0
0,340960,0
2,340960,0
3,340960,0
1,341008,0
2,341055,0
1,341126,0
2,341197,0
0,341245,0
3,341268,0
0,341316,0
2,341387,0
1,341434,0
2,341481,0
3,341529,0
0,341529,0
1,341671,0
2,341695,0
3,341718,0
0,341813,0
2,341837,0
3,341861,0
2,341955,0
1,341979,0
0,342003,0
0,342098,0
2,342098,0
3,342098,0
1,342169,0
3,342240,0
2,342275,0
1,342311,0
3,342382,0
0,342418,0
1,342453,0
3,342524,0
2,342524,0
1,342595,0
3,342666,0
0,342666,0
1,342737,0
3,342809,0
2,342844,0
1,342880,0
0,342915,0
1,342986,0
2,343057,0
3,343128,0
1,343164,0
2,343235,0
3,343235,0
0,343235,0
1,343306,0
0,343354,0
2,343401,0
1,343448,0
0,343496,0
3,343519,0
2,343543,0
1,343567,0
0,343662,0
2,343685,0
3,343709,0
1,343804,0
0,343804,0
2,343875,0
1,343946,0
3,343970,0
1,344017,0
2,344088,0
0,344112,0
2,344159,0
3,344230,0
1,344254,0
3,344301,0
0,344372,0
1,344372,0
2,344515,0
1,344538,0
0,344562,0
0,344657,0
1,344692,0
3,344728,0
2,344799,0
1,344846,0
0,344894,0
2,344941,0
3,344941,0
1,344998,0
3,345055,0
1,345112,0
3,345169,0
2,345226,0
0,345226,0
0,345297,0
2,345368,0
2,345439,0
1,345510,0
0,345510,0
3,345581,0
2,345628,0
1,345676,0
2,345723,0
3,345771,0
0,345794,0
0,345865,0
2,345936,0
1,345960,0
3,345984,0
0,346079,0
3,346079,0
1,346126,0
2,346221,0
1,346221,0
3,346268,0
0,346316,0
2,346363,0
1,346410,0
0,346458,0
2,346505,0
1,346576,0
3,346647,0
0,346647,0
1,346695,0
2,346742,0
3,346790,0
2,346861,0
0,346932,0
1,346955,0
3,346955,0
3,347074,0
1,347098,0
0,347121,0
2,347216,0
3,347216,0
1,347273,0
2,347330,0
1,347387,0
0,347444,0
3,347500,0
2,347548,0
3,347595,0
0,347643,0
1,347690,0
0,347737,0
2,347785,0
3,347785,0
1,347842,0
3,347899,0
1,347955,0
2,348012,0
3,348069,0
0,348069,0
2,348117,0
1,348164,0
0,348211,0
2,348247,0
3,348282,0
1,348354,0
0,348354,0
3,348425,0
1,348472,0
0,348519,0
2,348567,0
3,348638,0
2,348685,0
1,348733,0
0,348780,0
2,348804,0
3,348875,0
1,348922,0
0,348922,0
2,348979,0
1,349036,0
2,349093,0
3,349150,0
0,349207,0
1,349230,0
3,349254,0
2,349349,0
1,349384,0
0,349420,0
2,349491,0
3,349491,0
0,349633,0
3,349633,0
1,349669,0
2,349775,0
3,349775,0
0,349811,0
0,349918,0
1,349918,0
3,349953,0
0,350060,0
2,350060,0
3,350060,0
0,350344,0
2,350344,0
3,350380,0
1,350415,0
0,350451,0
2,350486,0
1,350557,0
0,350628,0
2,350628,0
3,350628,0
3,350913,0
1,350913,0
0,350948,0
2,350984,0
3,351019,0
1,351055,0
0,351055,0
2,351126,0
1,351197,0
3,351197,0
0,351197,0
1,351339,0
2,351339,0
3,351339,0
0,351481,0
2,351481,0
3,351481,0
1,351624,0
0,351624,0
2,351624,0
0,351766,0
3,351766,0
1,351837,0
3,351908,0
2,351908,0
1,351979,0
0,352050,0
2,352050,1,352335
3,352050,0
0,352335,0
3,352335,0
1,352335,0
2,352477,0
1,352619,0
3,352761,0
0,353188,0
2,353472,0
1,353614,0
0,353756,0
3,353899,0
2,354325,0
1,354609,0
2,354752,0
3,354894,0
0,355036,0
3,355463,0
0,355747,0
1,355889,0
2,356031,0
0,356173,0
3,356316,0
2,356316,0
3,356600,0
0,356884,0
1,356884,0
2,357027,0
3,357169,0
1,357311,0
2,357453,0
0,357737,0
3,358022,0
2,358022,0
0,358306,0
0,358448,0
2,358448,0
3,358591,0
3,358875,0
2,358875,0
1,359159,0
0,359159,0
2,359301,0
3,359444,0
1,359586,0
3,359728,0
0,360012,0
0,360297,0
1,360581,0
0,360865,0
3,360865,0
3,361150,0
1,361150,0
0,361434,1,362145
1,361434,0
3,361434,0
2,361718,0
1,362003,1,362429
3,362003,0
2,362003,0
0,362287,1,362572
3,362287,0
1,362572,0
3,362572,1,362714
2,362714,1,362856
0,362856,0
3,362856,1,362998
2,362998,1,363425
0,363140,0
1,363140,0
3,363425,0
0,363709,0
3,363709,0
0,363993,0
1,364278,0
3,364278,0
2,364278,0
3,364562,0
3,364704,0
1,364704,0
1,364846,0
2,365131,0
0,365131,0
0,365415,0
3,365415,0
1,365415,0
2,365700,0
1,365842,0
3,365984,1,366695
2,365984,0
0,365984,0
1,366268,0
2,366553,1,366979
0,366553,0
1,366553,0
3,366837,1,367121
0,366837,0
2,367121,0
0,367121,1,367263
1,367263,1,367406
3,367406,0
0,367406,1,367548
1,367548,1,367974
2,367690,0
3,367690,0
0,367974,0
3,368259,0
0,368259,0
1,368543,0
3,368685,0
1,368827,0
0,368827,0
2,368827,0
0,369112,0
1,369254,0
0,369396,0
3,369396,0
3,369681,0
2,369681,0
0,369965,0
2,369965,0
1,369965,0
3,370249,0
2,370391,0
3,370534,0
1,370534,0
0,370534,1,371245
2,370818,0
3,371102,0
1,371102,1,371529
2,371102,0
3,371387,0
0,371387,1,371671
1,371671,0
3,371671,1,371813
2,371813,1,371955
0,371955,0
3,371955,1,372098
2,372098,1,372524
0,372240,0
1,372240,0
3,372524,0
0,372809,0
3,372809,0
0,373093,0
3,373377,0
2,373377,0
0,373377,0
3,373662,0
1,373804,0
0,373804,0
1,373946,0
0,374230,0
3,374230,0
3,374515,0
1,374515,0
0,374515,0
2,374799,0
1,374941,0
0,375083,0
2,375083,0
3,375083,1,375794
1,375368,0
0,375652,0
2,375652,1,376079
1,375652,0
0,375936,0
3,375936,1,376221
2,376221,0
0,376221,1,376363
1,376363,1,376505
3,376505,0
0,376505,1,376647
1,376647,1,377074
3,376790,0
2,376790,0
0,377074,0
3,377358,0
0,377358,0
3,377643,0
1,377927,0
2,377927,0
0,377927,0
0,378211,0
0,378354,0
2,378354,0
3,378496,0
2,378496,0
3,378780,0
0,378780,0
1,379064,0
0,379064,0
2,379064,0
3,379349,0
2,379491,0
3,379633,0
1,379633,0
0,379633,1,380486
2,379918,0
1,380202,1,380628
3,380202,0
2,380486,1,380771
3,380771,1,381197
0,380771,0
1,380913,1,381481
2,381055,1,381339
0,381197,1,381908
3,381339,0
2,381624,0
3,381908,0
1,382192,0
2,382477,0
0,382761,0
1,383045,0
0,383330,0
2,383614,0
1,383899,0
3,384183,1,385036
1,384467,0
2,384752,1,385178
0,384752,0
1,385036,1,385320
0,385320,1,385605
3,385320,0
2,385463,1,385889
1,385605,1,385747
3,385747,1,386458
0,385889,0
1,386173,0
0,386458,0
2,386742,0
1,387027,0
3,387311,0
2,387595,0
3,387880,0
1,388164,0
2,388448,0
0,388733,1,389301
3,388733,1,388875
1,389301,1,389586
2,389586,1,389870
3,389870,1,390154
1,390012,1,390439
2,390154,1,390297
0,390297,1,391008
3,390439,0
2,390723,0
3,391008,0
1,391292,0
2,391576,0
0,391861,0
1,392145,0
0,392429,0
2,392714,0
1,392998,0
3,393282,1,393851
2,393851,1,394136
1,394136,1,394420
0,394420,1,394562
2,394562,1,394704
1,394704,1,394846
3,394846,1,397832
0,397832,0
