0,2285,0
4,2285,0
5,2285,0
6,2285,0
1,2357,0
2,2428,0
3,2500,0
1,2571,0
2,2642,0
3,2714,0
4,2785,0
6,2857,0
5,2928,0
4,3000,0
3,3071,0
5,3142,0
4,3214,0
3,3285,0
2,3357,0
0,3428,0
1,3500,0
2,3571,0
3,3642,0
1,3714,0
2,3785,0
3,3857,0
4,3928,0
6,4000,0
5,4071,0
4,4142,0
3,4214,0
5,4285,0
4,4357,0
3,4428,0
2,4500,0
0,4571,0
1,4642,0
2,4714,0
3,4785,0
1,4857,0
2,4928,0
3,5000,0
4,5071,0
6,5142,0
5,5214,0
4,5285,0
3,5357,0
5,5428,0
4,5500,0
3,5571,0
2,5642,0
0,5714,0
1,5785,0
4,5857,0
3,5928,0
1,6000,0
2,6071,0
5,6142,0
4,6214,0
6,6285,0
3,6357,0
5,6428,0
2,6500,0
4,6571,0
1,6642,0
2,6714,0
3,6785,0
0,6857,0
1,6857,0
5,6857,0
6,6857,0
4,6928,0
0,7000,0
1,7071,0
2,7142,0
6,7142,0
4,7214,0
2,7285,0
3,7357,0
0,7428,0
6,7428,0
5,7500,0
3,7571,0
2,7642,0
0,7714,0
5,7714,0
4,7785,0
2,7857,0
1,7928,0
0,8000,0
6,8000,0
4,8071,0
0,8142,0
1,8214,0
2,8285,0
6,8285,0
4,8357,0
2,8428,0
3,8500,0
0,8571,0
6,8571,0
5,8642,0
3,8714,0
2,8785,0
0,8857,0
5,8857,0
4,8928,0
2,9000,0
1,9071,0
0,9142,0
6,9142,0
4,9214,0
0,9285,0
1,9357,0
2,9428,0
6,9428,0
4,9500,0
2,9571,0
3,9642,0
0,9714,0
6,9714,0
5,9785,0
3,9857,0
2,9928,0
0,10000,0
5,10000,0
4,10071,0
2,10142,0
1,10214,0
0,10285,0
6,10285,0
4,10357,0
0,10428,0
1,10500,0
2,10571,0
6,10571,0
4,10642,0
2,10714,0
3,10785,0
0,10857,0
6,10857,0
5,10928,0
3,11000,0
2,11071,0
0,11142,0
5,11142,0
4,11214,0
2,11285,0
1,11357,0
0,11428,1,12285
4,11428,0
5,11428,0
6,11428,0
5,11714,0
6,11785,0
4,11857,0
5,11928,0
3,12000,0
4,12071,0
2,12142,0
3,12214,0
1,12285,0
2,12357,0
0,12428,0
1,12500,0
2,12571,0
5,12571,0
6,12571,0
0,12642,0
1,12642,0
4,12642,0
0,12785,0
1,12785,0
4,12785,0
0,12928,0
1,12928,0
4,12928,0
2,13071,0
3,13071,0
6,13071,0
2,13214,0
3,13214,0
6,13214,0
0,13357,0
1,13357,0
4,13357,0
2,13428,0
5,13428,0
6,13428,0
2,13571,0
5,13571,0
6,13571,0
0,13714,0
3,13714,0
4,13714,0
6,13714,0
1,13857,0
5,13857,1,14000
0,14000,0
4,14000,0
2,14142,0
5,14142,1,14285
0,14285,0
4,14285,0
1,14428,0
5,14428,1,14571
0,14571,0
4,14571,0
2,14714,0
5,14714,1,14857
0,14857,0
4,14857,0
1,15000,0
5,15000,1,15142
0,15142,0
4,15142,0
2,15285,0
5,15285,1,15428
0,15428,0
4,15428,0
1,15571,0
5,15571,1,15714
0,15714,0
4,15714,0
2,15857,0
3,15928,0
4,16000,0
6,16000,0
2,16071,0
5,16142,0
3,16214,0
1,16285,0
6,16285,0
4,16357,0
2,16428,0
5,16500,0
0,16571,0
3,16571,0
1,16642,0
4,16714,0
2,16785,0
5,16857,0
6,16857,0
3,16928,0
1,17000,0
5,17071,0
0,17142,0
2,17142,0
4,17214,0
6,17285,0
1,17357,0
0,17428,0
3,17428,0
5,17500,0
2,17571,0
4,17642,0
1,17714,0
6,17714,0
3,17785,0
5,17857,0
2,17928,0
0,18000,0
4,18000,0
0,18142,0
4,18142,0
2,18285,0
3,18285,0
6,18285,0
1,18428,1,18571
5,18428,0
2,18571,0
6,18571,0
1,18714,1,18857
4,18714,0
2,18857,0
6,18857,0
1,19000,1,19142
5,19000,0
2,19142,0
6,19142,0
1,19285,1,19428
4,19285,0
2,19428,0
6,19428,0
1,19571,1,19714
5,19571,0
2,19714,0
6,19714,0
1,19857,1,20000
4,19857,0
2,20000,0
6,20000,0
1,20142,1,20285
5,20142,0
2,20285,0
6,20285,0
4,20428,0
3,20500,0
0,20571,0
2,20571,0
4,20642,0
1,20714,0
3,20785,0
0,20857,0
5,20857,0
2,20928,0
4,21000,0
1,21071,0
3,21142,0
6,21142,0
5,21214,0
2,21285,0
4,21357,0
0,21428,0
1,21428,0
3,21500,0
5,21571,0
2,21642,0
4,21714,0
5,21785,0
0,21857,0
6,21857,0
1,21928,0
4,21928,0
2,22000,0
6,22000,0
3,22071,0
4,22142,0
5,22142,0
2,22214,0
0,22285,0
6,22285,0
3,22357,0
5,22357,0
1,22428,0
4,22428,0
6,22500,0
0,22571,0
3,22571,0
5,22642,0
1,22714,0
2,22714,0
4,22785,0
0,22857,0
1,22857,1,23142
3,22857,0
6,22857,0
4,23000,0
0,23142,0
2,23142,0
6,23142,0
4,23285,0
3,23357,0
0,23428,0
2,23428,0
6,23428,0
5,23500,0
3,23571,0
4,23642,0
0,23714,0
1,23714,0
6,23714,0
3,23785,0
2,23857,0
4,23928,0
1,24000,0
5,24000,1,24285
6,24000,0
2,24142,0
0,24285,0
4,24285,0
6,24285,0
2,24428,0
3,24500,0
0,24571,0
4,24571,0
6,24571,0
1,24642,0
3,24714,0
2,24785,0
0,24857,0
5,24857,0
6,24857,0
3,24928,0
4,25000,0
2,25071,0
0,25142,0
1,25142,1,25428
5,25142,0
4,25285,0
0,25428,0
2,25428,0
6,25428,0
4,25571,0
3,25642,0
0,25714,0
2,25714,0
6,25714,0
5,25785,0
3,25857,0
4,25928,0
0,26000,0
1,26000,0
6,26000,0
3,26071,0
2,26142,0
4,26214,0
1,26285,0
5,26285,1,26571
6,26285,0
2,26428,0
0,26571,0
4,26571,0
6,26571,0
2,26714,0
3,26785,0
0,26857,0
4,26857,0
6,26857,0
1,26928,0
3,27000,0
2,27071,0
0,27142,0
5,27142,0
6,27142,0
1,27285,0
5,27285,0
6,27285,0
0,27428,0
3,27428,0
4,27428,0
6,27428,0
2,27500,0
5,27571,0
4,27642,0
0,27714,0
2,27714,0
6,27714,0
3,27785,0
1,27857,0
2,27928,0
0,28000,0
3,28000,0
6,28000,0
5,28071,0
2,28142,0
3,28214,0
0,28285,0
4,28285,0
6,28285,0
1,28357,0
3,28428,0
2,28500,0
0,28571,0
1,28571,0
4,28571,0
5,28642,0
2,28714,0
3,28785,0
0,28857,0
4,28857,0
6,28857,0
2,28928,0
5,29000,0
4,29071,0
0,29142,0
3,29142,0
6,29142,0
1,29214,0
4,29285,0
3,29357,0
0,29428,0
2,29428,0
6,29428,0
5,29500,0
3,29571,0
4,29642,0
0,29714,0
1,29714,0
6,29714,0
2,29785,0
3,29857,0
5,29857,0
2,29928,0
0,30000,0
4,30000,0
6,30000,0
3,30071,0
1,30142,0
2,30142,0
6,30214,0
0,30285,0
3,30285,0
4,30285,0
6,30357,0
1,30428,0
2,30428,0
4,30500,0
0,30571,0
2,30571,0
6,30571,0
5,30642,0
1,30714,0
3,30714,0
4,30785,0
2,30857,0
5,30857,0
0,30928,0
2,31000,0
0,31071,0
3,31142,0
6,31142,0
1,31214,0
3,31285,0
1,31357,0
4,31428,0
2,31500,0
4,31571,0
2,31642,0
0,31714,0
4,31714,0
6,31714,0
0,32000,0
2,32000,0
3,32000,1,34000
6,32000,0
2,32142,0
1,32285,1,32500
5,32500,0
1,32571,0
4,32714,0
6,32857,0
4,33000,0
1,33142,0
1,33357,0
4,33571,0
6,33714,0
4,33857,0
3,34142,0
0,34285,1,34557
3,34285,0
5,34285,0
6,34285,1,34557
5,34421,0
2,34557,0
4,34694,0
1,34830,0
5,34966,0
3,35103,0
1,35239,0
2,35239,0
3,35307,0
0,35375,1,35648
4,35375,0
5,35375,1,36057
6,35375,1,35648
3,35648,0
0,35785,1,36057
1,35785,1,36057
2,35785,0
6,35785,1,36057
3,36057,0
4,36194,0
6,36194,0
0,36466,0
1,36466,0
3,36466,0
6,36466,0
2,36596,0
0,36726,0
5,36726,0
2,36857,0
1,36987,0
6,36987,0
3,37118,0
1,37248,0
5,37248,0
3,37379,0
2,37509,0
6,37509,0
4,37639,0
0,37770,0
2,37770,0
4,37900,0
3,38031,0
6,38031,0
5,38161,0
0,38292,0
3,38292,0
6,38422,0
4,38487,0
0,38552,0
2,38552,0
0,38677,0
2,38677,0
1,38802,0
3,38802,0
1,38927,0
3,38927,0
2,39052,0
4,39052,0
2,39177,0
4,39177,0
3,39302,0
5,39302,0
3,39427,0
5,39427,0
4,39552,0
6,39552,0
2,39614,0
4,39677,0
2,39739,0
3,39802,0
5,39802,0
1,39864,0
5,39927,0
1,39989,0
0,40052,0
6,40052,0
2,40114,0
4,40177,0
0,40239,0
5,40302,0
6,40302,0
2,40364,0
4,40427,0
0,40489,0
1,40552,0
3,40552,1,41552
5,40552,0
6,40552,1,41552
5,40927,1,41552
0,42552,0
1,42552,0
3,42552,0
6,42552,0
4,42677,0
6,42677,0
0,42802,0
1,42802,0
3,42802,0
2,42927,0
5,42927,0
0,43052,0
1,43052,0
3,43052,0
4,43177,0
6,43177,0
0,43302,0
1,43302,0
3,43302,0
4,43427,0
6,43427,0
0,43552,0
1,43552,0
2,43552,0
5,43677,0
0,43802,0
1,43802,0
2,43802,0
5,43927,0
0,44052,0
1,44052,0
2,44052,0
4,44114,0
2,44177,0
4,44239,0
1,44302,0
5,44302,0
6,44302,0
3,44364,0
1,44427,0
5,44427,0
6,44427,0
3,44489,0
0,44552,0
2,44552,0
6,44552,0
1,44677,0
4,44677,0
0,44802,0
2,44802,0
6,44802,0
3,44927,0
5,44927,0
0,45052,0
2,45052,0
6,45052,0
3,45177,0
4,45177,0
0,45302,0
2,45302,0
6,45302,0
4,45427,0
5,45427,0
0,45552,0
1,45552,0
3,45552,0
6,45677,0
0,45802,0
1,45802,0
3,45802,0
6,45927,0
0,46052,0
1,46052,0
2,46052,0
4,46114,0
0,46177,0
1,46177,0
4,46239,0
0,46302,0
1,46302,0
2,46302,0
3,46364,0
5,46427,0
6,46427,0
2,46489,0
4,46489,0
0,46552,0
1,46552,0
6,46552,0
3,46677,0
5,46677,0
0,46802,0
2,46802,0
6,46802,0
1,46927,0
3,46927,0
4,46989,0
2,47052,0
5,47052,0
6,47052,0
3,47177,0
0,47239,0
1,47239,0
2,47302,0
4,47302,0
6,47302,0
3,47427,0
5,47427,0
0,47552,0
4,47552,0
6,47552,0
1,47677,0
3,47677,0
0,47802,0
4,47802,0
6,47802,0
3,47927,0
5,47927,0
2,47989,0
0,48052,0
1,48052,0
4,48052,0
3,48177,0
5,48239,0
6,48239,0
0,48302,0
2,48302,0
4,48302,0
1,48427,0
3,48427,0
2,48552,0
5,48552,0
6,48552,0
3,48677,0
4,48677,0
0,48802,0
1,48802,0
6,48802,0
2,48927,0
3,48927,0
4,49052,0
5,49052,0
6,49052,0
0,49177,0
2,49177,0
3,49302,0
5,49302,0
6,49302,0
2,49427,0
4,49427,0
0,49552,0
1,49552,0
6,49552,0
5,49614,0
2,49677,0
3,49677,0
4,49739,0
0,49802,0
5,49802,0
6,49802,0
1,49864,0
3,49927,0
4,49927,0
2,49989,0
0,50052,0
1,50052,0
6,50052,0
2,50177,0
3,50177,0
4,50177,0
0,50302,0
5,50302,0
6,50302,0
2,50364,0
4,50427,0
5,50427,0
2,50489,0
0,50552,0
1,50552,0
3,50552,0
4,50552,0
5,50677,0
6,50677,0
0,50802,0
1,50802,0
3,50802,0
5,50927,0
6,50927,0
0,51052,0
1,51052,0
3,51052,0
4,51177,0
6,51177,0
0,51302,0
1,51302,0
3,51302,0
2,51427,0
4,51427,0
1,51552,0
5,51552,0
6,51552,0
3,51677,0
1,51802,0
5,51802,0
6,51802,0
3,51927,0
0,52052,0
5,52052,0
6,52052,0
2,52114,0
0,52177,0
2,52239,0
1,52302,0
5,52302,0
6,52302,0
3,52364,0
5,52427,0
6,52427,0
3,52489,0
2,52552,0
4,52552,0
6,52552,0
0,52677,0
1,52677,0
2,52802,0
4,52802,0
6,52802,0
0,52927,0
1,52927,0
2,53052,0
4,53052,0
6,53052,0
1,53177,0
3,53177,0
2,53302,0
4,53302,0
6,53302,0
3,53427,0
5,53427,0
0,53552,0
1,53552,0
4,53552,0
6,53677,0
0,53802,0
1,53802,0
4,53802,0
6,53927,0
0,54052,0
1,54052,0
2,54052,0
4,54114,0
0,54177,0
2,54177,0
4,54239,0
1,54302,0
5,54302,0
6,54302,0
3,54364,0
5,54427,0
6,54427,0
3,54489,0
4,54489,0
0,54552,0
1,54552,0
2,54552,0
4,54677,0
6,54677,0
0,54802,0
1,54802,0
2,54802,0
4,54927,0
5,54927,0
3,54989,0
0,55052,0
2,55052,0
6,55052,0
3,55177,0
5,55239,0
6,55239,0
0,55302,0
2,55302,0
4,55302,0
3,55427,0
5,55427,0
1,55552,0
4,55552,0
6,55552,0
0,55677,0
2,55677,0
4,55802,0
5,55802,0
6,55802,0
1,55927,0
2,55927,0
3,55989,0
0,56052,0
4,56052,0
6,56052,0
3,56177,0
0,56239,0
1,56239,0
2,56302,0
4,56302,0
6,56302,0
1,56427,0
3,56427,0
0,56552,0
2,56552,0
5,56552,0
6,56552,0
4,56677,0
1,56802,0
2,56802,0
3,56927,0
0,57052,0
6,57052,0
5,57177,0
6,57177,0
2,57239,0
4,57302,0
3,57364,0
0,57427,0
2,57427,0
0,57552,0
4,57552,0
6,57552,0
1,57677,0
0,57802,0
2,57802,0
5,57864,0
3,57927,0
1,57989,0
4,58052,0
6,58052,0
3,58114,0
2,58177,0
5,58177,0
0,58302,0
1,58302,0
6,58302,0
4,58427,0
5,58427,0
1,58489,0
2,58489,0
0,58552,1,58677
4,58552,1,58677
6,58552,1,58677
2,58677,0
3,58739,0
0,58802,1,58927
4,58802,1,58927
6,58802,1,58927
2,58927,0
3,58989,0
0,59052,1,59177
4,59052,1,59177
6,59052,1,59177
2,59177,0
3,59239,0
0,59302,1,59427
4,59302,1,59427
6,59302,1,59427
2,59427,0
3,59489,0
0,59552,1,59677
2,59552,1,59677
6,59552,1,59677
4,59677,0
3,59739,0
0,59802,1,59927
2,59802,1,59927
6,59802,1,59927
4,59927,0
3,59989,0
0,60052,1,60177
2,60052,1,60177
6,60052,1,60177
4,60177,0
3,60239,0
0,60302,1,60427
2,60302,1,60427
6,60302,1,60427
4,60427,0
5,60427,0
1,60489,0
2,60489,0
0,60552,1,60677
3,60552,1,60677
6,60552,1,60677
5,60677,0
4,60739,0
0,60802,1,60927
3,60802,1,60927
6,60802,1,60927
1,60927,0
2,60989,0
0,61052,1,61177
3,61052,1,61177
6,61052,1,61177
5,61177,0
4,61239,0
0,61302,1,61427
3,61302,1,61427
6,61302,1,61427
1,61427,0
2,61489,0
0,61552,0
3,61552,0
5,61552,0
6,61552,0
0,62552,0
1,62552,0
4,62552,0
6,62552,0
1,62677,0
3,62802,0
5,62802,0
2,62927,0
4,63052,0
6,63052,0
3,63177,0
6,63177,0
0,63302,0
2,63302,0
2,63427,0
4,63427,0
1,63552,0
3,63552,0
6,63552,0
1,63677,0
4,63802,0
6,63802,0
3,63927,0
5,63989,0
0,64052,0
2,64052,0
2,64177,0
5,64177,0
1,64302,0
4,64302,0
3,64364,0
5,64427,0
4,64489,0
0,64552,0
2,64552,0
6,64552,0
6,64677,0
1,64802,0
4,64802,0
5,64927,0
0,65052,0
2,65052,0
2,65177,0
4,65177,0
3,65302,0
6,65302,0
5,65364,0
1,65427,0
3,65427,0
4,65489,0
0,65552,0
2,65552,1,66052
5,65552,1,66052
6,65552,1,66052
3,66052,0
0,66552,0
4,66552,0
5,66552,1,67052
6,66552,0
3,66677,0
1,66802,0
2,66927,0
5,67239,0
3,67302,0
1,67552,1,68052
6,67552,0
5,67802,0
3,67927,0
6,68052,0
4,68114,0
5,68239,0
2,68302,0
0,68427,0
1,68552,0
6,68552,1,69052
4,68677,0
2,68802,0
5,68927,0
6,69177,0
0,69552,1,70052
3,69552,0
5,69927,0
4,70177,0
2,70239,0
1,70302,0
0,70427,0
4,70552,0
6,70552,1,71052
3,70677,0
1,70802,0
2,70927,0
3,71302,0
0,71552,1,72052
5,71552,0
4,71802,0
2,71927,0
5,72052,0
3,72114,0
4,72239,0
6,72302,0
5,72427,0
1,72552,1,73052
2,72552,0
4,72677,0
6,72802,0
3,72864,0
5,72927,0
0,73052,0
2,73177,0
4,73302,0
3,73552,0
5,73552,1,74052
2,73927,0
1,74302,0
0,74552,0
4,74552,1,75052
6,74552,1,75302
1,74802,0
2,74927,0
0,75052,0
3,75302,0
5,75302,0
1,75552,1,76302
3,75552,1,76052
6,75552,0
4,75802,0
2,75927,0
5,76052,0
3,76114,0
4,76239,0
6,76302,0
3,76427,0
0,76552,1,77302
1,76552,0
5,76552,0
6,76552,1,77052
4,76677,0
2,76802,0
5,76927,0
3,77052,0
4,77177,0
6,77177,0
2,77427,0
0,77552,1,78302
3,77552,1,77802
6,77552,1,78302
2,77927,1,78302
4,77927,1,78302
1,78302,0
5,78302,0
3,78427,0
0,78552,0
5,78552,0
2,78614,0
0,78677,0
2,78739,0
4,78802,0
6,78802,0
3,78927,0
0,79052,0
2,79052,0
4,79177,0
6,79239,0
1,79302,0
4,79302,0
3,79427,0
0,79552,0
5,79552,0
2,79614,0
0,79677,0
2,79739,0
4,79802,0
6,79802,0
3,79927,0
0,80052,0
2,80052,0
4,80177,0
6,80239,0
1,80302,0
4,80302,0
3,80427,0
0,80552,0
2,80552,0
5,80677,0
1,80739,0
3,80739,0
5,80802,0
0,80927,0
2,80927,0
4,81052,0
6,81052,0
1,81177,0
3,81239,0
5,81239,0
1,81302,0
4,81427,0
6,81427,0
2,81489,0
0,81552,0
3,81552,0
5,81552,0
6,81552,0
0,81739,0
1,81739,0
3,81739,0
6,81739,0
1,81927,0
2,81927,0
4,81927,0
5,81927,0
0,82052,1,82427
2,82052,0
3,82052,1,82552
4,82052,0
6,82052,1,82427
0,82552,0
2,82552,0
4,82552,0
6,82552,0
5,82802,0
2,82927,0
5,83052,0
3,83239,0
6,83427,0
0,83552,1,84552
2,83552,1,83802
1,83927,1,84552
3,83927,1,84177
2,84302,1,84552
4,84302,1,84552
2,84802,0
4,84927,0
0,85052,0
1,85239,0
2,85427,0
4,85552,1,85802
6,85552,1,86552
3,85927,1,86177
5,85927,1,86552
2,86302,1,86552
4,86302,1,86552
4,86802,0
2,86927,0
6,87052,0
5,87239,0
4,87427,0
0,87552,1,88552
3,87552,1,87802
1,87927,1,88552
4,87927,1,88177
2,88302,1,88552
5,88302,1,88552
6,88552,0
4,88677,0
2,88802,0
6,88927,0
4,89052,0
2,89177,0
6,89302,0
4,89364,0
6,89427,0
4,89489,0
0,89552,0
1,89552,0
2,89552,0
6,89552,0
2,89739,0
3,89739,0
4,89739,0
4,89927,0
5,89927,0
6,89927,0
0,90052,0
1,90052,0
3,90052,0
1,90177,0
2,90177,0
4,90177,0
2,90302,0
3,90302,0
5,90302,0
3,90427,0
4,90427,0
6,90427,0
0,90552,0
4,90552,0
5,90552,0
6,90552,1,91427
2,90802,0
3,90927,0
4,91052,1,91427
2,91239,1,91427
0,91427,0
0,91552,0
1,91552,1,91864
2,91552,0
5,91552,0
1,91927,0
4,91927,0
5,91927,1,92239
6,91927,0
0,92302,0
1,92302,0
3,92302,1,92552
5,92302,0
0,92552,1,93427
1,92552,0
2,92552,0
6,92552,0
4,92802,0
3,92927,0
2,93052,1,93427
4,93239,1,93427
6,93427,0
1,93552,0
4,93552,0
5,93552,1,93864
6,93552,0
0,93927,0
1,93927,1,94239
2,93927,0
5,93927,0
1,94302,0
3,94302,1,94552
5,94302,0
6,94302,0
0,94552,0
2,94552,0
5,94552,0
6,94552,1,94927
1,94677,0
2,94802,0
1,94927,0
0,95052,0
2,95052,0
5,95052,0
6,95052,1,95427
3,95177,0
4,95302,0
3,95427,0
0,95552,1,95989
1,95552,1,95614
3,95552,1,95614
6,95552,1,95864
2,95677,1,95739
4,95677,1,95739
3,95802,1,95864
5,95802,1,95864
4,95927,1,95989
6,95927,1,95989
0,96052,1,96364
3,96052,1,96114
5,96052,1,96114
6,96052,1,96489
2,96177,1,96239
4,96177,1,96239
1,96302,1,96364
3,96302,1,96364
0,96427,1,96489
2,96427,1,96489
0,96552,0
1,96552,0
3,96552,0
5,96635,0
0,96718,0
1,96718,0
3,96718,0
5,96802,0
2,96885,0
3,96885,0
6,96885,0
0,96968,0
2,97052,0
3,97052,0
6,97052,0
1,97135,0
0,97218,0
4,97218,0
6,97218,0
3,97302,0
0,97385,0
4,97385,0
6,97385,0
3,97468,0
0,97552,0
1,97552,0
2,97552,0
4,97635,0
2,97718,0
4,97802,0
2,97885,0
4,97968,0
2,98052,0
4,98135,0
2,98218,0
4,98302,0
3,98343,0
2,98385,0
4,98427,0
3,98468,0
2,98510,0
0,98552,0
1,98552,1,101965
5,98552,1,101965
6,98552,0
3,98792,0
3,99032,0
3,99272,0
3,99512,0
3,99742,0
3,99973,0
3,100204,0
3,100435,0
3,100657,0
3,100879,0
3,101101,0
3,101323,0
3,101537,0
3,101751,0
3,101965,0
2,102073,0
4,102126,0
0,102180,0
2,102180,0
6,102180,0
0,102394,0
2,102394,0
1,102608,0
3,102608,0
1,102823,0
3,102823,0
2,103037,0
4,103037,0
2,103251,0
4,103251,0
3,103465,0
5,103465,0
3,103680,0
5,103680,0
4,103894,0
6,103894,0
4,104001,0
6,104001,0
0,104108,0
2,104108,0
0,104215,0
2,104215,0
5,104323,0
6,104323,0
2,104376,0
4,104430,0
1,104483,0
3,104537,0
6,104537,0
0,104590,0
2,104644,0
4,104698,0
0,104751,0
2,104751,0
6,104751,0
0,105608,1,105930
2,105608,1,105823
3,105608,0
6,105608,0
4,105823,0
5,105823,0
3,105876,0
2,105930,0
1,105983,0
0,106037,0
4,106037,0
6,106037,0
3,106090,0
2,106144,0
5,106198,0
1,106251,0
4,106251,0
3,106305,0
2,106358,0
6,106358,0
5,106412,0
0,106465,0
1,106465,0
3,106519,0
4,106573,0
2,106626,0
1,106680,0
6,106680,0
5,106733,0
3,106787,0
4,106840,0
0,106894,0
1,106894,0
6,106894,0
2,106948,0
4,107001,0
3,107055,0
5,107108,0
6,107108,0
4,107162,0
1,107215,0
2,107269,0
0,107322,0
3,107322,1,107537
6,107322,0
4,107430,0
5,107430,1,107644
0,107537,0
1,107537,0
2,107590,0
3,107644,0
4,107697,0
0,107751,0
5,107751,0
6,107751,0
2,107858,0
1,107965,0
5,107965,0
3,108019,0
4,108072,0
6,108072,0
2,108126,0
0,108180,0
5,108180,0
2,108233,0
4,108287,0
1,108340,0
5,108394,0
6,108394,0
2,108447,0
4,108501,0
2,108555,0
0,108608,0
1,108608,0
6,108608,0
3,108662,0
2,108715,0
5,108715,0
4,108769,0
1,108822,0
6,108822,0
2,108876,0
5,108930,0
4,108983,0
0,109037,0
2,109037,1,109251
6,109037,1,109358
3,109144,0
1,109251,0
5,109251,0
2,109305,0
3,109358,0
4,109412,0
0,109465,0
5,109465,0
6,109465,0
1,109519,0
4,109572,0
2,109626,0
0,109680,0
6,109680,0
5,109733,0
1,109787,0
3,109787,0
4,109840,0
5,109894,0
6,109894,0
3,109947,0
2,110001,0
4,110055,0
0,110108,0
1,110108,0
6,110162,0
3,110215,0
4,110269,0
0,110322,1,110430
2,110322,1,110430
5,110322,0
0,110483,1,110590
2,110483,1,110590
5,110483,0
0,110644,1,110751
2,110644,1,110751
5,110644,0
3,110751,0
6,110751,0
4,110805,0
1,110858,0
3,110912,0
5,110965,0
6,110965,0
0,111019,0
2,111072,0
5,111126,0
0,111180,0
1,111180,0
3,111180,0
2,111394,0
6,111394,0
4,111447,0
0,111501,0
1,111501,0
3,111555,0
2,111608,0
4,111608,1,111662
6,111608,1,111662
4,111715,1,111769
6,111715,1,111769
0,111822,1,111876
2,111822,1,111876
5,111822,0
0,111930,1,111983
2,111930,1,111983
3,112037,0
4,112037,0
6,112037,0
0,112144,0
1,112144,0
2,112251,0
4,112251,1,112305
6,112251,1,112305
4,112358,1,112412
6,112358,1,112412
0,112465,0
1,112465,1,112608
3,112465,0
4,112537,0
2,112608,0
4,112680,0
5,112680,1,112822
0,112751,0
2,112822,0
1,112894,0
4,112894,0
6,112894,0
3,112965,0
5,113037,0
0,113108,0
2,113108,0
4,113180,0
6,113180,0
3,113251,0
0,113322,0
5,113322,1,113465
6,113322,0
2,113394,0
4,113465,0
1,113537,1,113680
2,113537,0
6,113608,0
4,113680,0
0,113751,0
1,113751,0
5,113751,0
3,113822,0
2,113894,0
4,113965,0
6,113965,0
0,114037,0
2,114037,0
3,114108,0
0,114180,1,114322
1,114180,0
5,114180,0
3,114251,0
2,114322,0
4,114394,0
6,114394,1,114537
0,114465,0
2,114537,0
1,114608,0
4,114608,0
6,114608,0
3,114680,0
5,114751,0
0,114822,0
2,114822,0
4,114894,0
6,114894,0
3,114965,0
0,115037,0
1,115037,1,115144
5,115037,0
4,115144,0
3,115197,0
2,115251,0
5,115251,0
6,115251,0
1,115358,0
3,115412,0
0,115465,0
5,115465,0
6,115465,0
4,115519,0
1,115572,0
2,115572,0
3,115626,0
4,115680,0
6,115680,0
0,115787,0
3,115894,0
4,115894,1,116055
6,115894,1,116055
1,116001,0
0,116108,1,116269
2,116108,1,116269
3,116108,0
5,116215,0
2,116322,1,116483
3,116322,0
4,116322,1,116483
6,116322,0
2,116537,0
4,116537,0
3,116644,0
0,116751,1,116912
2,116751,1,116912
6,116751,0
5,116858,0
3,116965,0
4,116965,1,117126
6,116965,1,117126
2,117072,0
0,117180,0
1,117180,1,117340
5,117180,1,117340
6,117180,0
3,117287,0
2,117394,0
4,117394,0
3,117501,0
0,117608,0
2,117608,0
5,117608,0
6,117608,0
1,117822,0
1,117930,1,118144
3,118144,0
3,118251,1,118465
0,118465,1,119322
6,118465,1,118787
5,118572,1,118787
2,118680,1,119001
3,118787,1,119001
5,118894,1,119215
4,119001,1,119215
1,119108,1,119322
3,119215,0
2,119322,0
4,119322,0
5,119322,1,119537
6,119322,1,119644
0,119537,0
2,119537,0
3,119590,0
4,119644,0
5,119697,0
0,119751,0
2,119751,0
6,119751,0
3,119805,0
4,119858,0
1,119912,0
2,119965,0
5,119965,0
3,120019,0
0,120072,0
4,120072,0
1,120126,0
2,120180,0
6,120180,0
5,120233,0
3,120287,0
4,120340,0
1,120394,0
6,120394,0
2,120447,0
4,120501,0
3,120555,0
0,120608,0
5,120608,0
6,120608,0
4,120662,0
2,120715,0
3,120769,0
0,120822,0
1,120822,0
2,120876,0
5,120930,0
4,120983,0
1,121037,1,121251
3,121037,1,121251
6,121037,0
0,121251,0
6,121251,0
4,121305,0
2,121358,0
3,121412,0
0,121465,0
5,121465,0
6,121465,0
2,121519,0
4,121572,0
3,121626,0
0,121680,0
1,121680,0
6,121733,0
2,121787,0
4,121787,0
6,121840,0
0,121894,0
1,121894,0
3,121947,0
5,122001,0
2,122055,0
0,122108,0
6,122108,0
3,122215,0
1,122322,0
4,122322,0
6,122322,0
0,122430,0
2,122430,0
3,122537,0
5,122537,0
3,122644,0
1,122751,0
4,122751,1,122939
6,122751,1,122965
2,122965,0
4,122992,0
6,123019,0
0,123072,0
2,123126,0
5,123180,0
6,123180,0
4,123197,0
0,123287,0
1,123287,0
2,123305,0
5,123394,0
6,123394,0
4,123412,0
0,123501,0
1,123501,0
2,123519,0
5,123608,0
6,123608,0
4,123626,0
5,123715,0
6,123715,0
4,123733,0
0,123822,0
1,123822,0
2,123840,0
0,123930,0
1,123930,0
2,123947,0
5,124037,0
6,124037,0
4,124055,0
5,124144,0
6,124144,0
4,124162,0
0,124251,0
1,124251,0
2,124269,0
0,124358,0
1,124358,0
2,124376,0
3,124465,1,124626
5,124465,1,124626
6,124465,1,124840
0,124680,1,125055
2,124680,1,124840
4,124680,1,124840
1,124894,1,125055
3,124894,1,125055
5,124894,1,125055
2,125108,1,125269
4,125108,1,125269
6,125108,1,125483
1,125322,1,125483
3,125322,1,125483
5,125322,1,125483
0,125537,1,125697
2,125537,1,125590
4,125537,1,125590
6,125537,1,125697
2,125644,1,125697
4,125644,1,125697
0,125751,0
3,125751,0
6,125751,0
2,125858,0
4,125858,0
0,125965,0
6,125965,0
0,126180,0
2,126180,0
1,126287,0
4,126287,0
0,126394,0
2,126394,0
1,126501,0
4,126501,0
0,126608,0
2,126608,0
5,126608,0
4,126822,0
6,126822,0
0,126930,0
2,126930,0
4,127037,0
6,127037,0
2,127144,0
5,127144,0
4,127251,0
6,127251,0
2,127358,0
5,127358,0
1,127465,0
4,127465,0
6,127465,0
3,127572,0
2,127680,0
5,127680,0
4,127787,0
0,127894,0
6,127894,0
2,127947,0
0,128001,0
6,128001,0
3,128108,0
5,128108,0
1,128162,0
4,128215,0
6,128215,0
3,128269,0
0,128322,0
2,128322,0
4,128376,0
1,128430,0
6,128430,0
3,128483,0
0,128537,0
5,128537,0
2,128590,0
4,128644,0
6,128644,0
0,128751,0
1,128751,0
3,128805,0
0,128858,0
1,128858,0
5,128965,0
6,128965,0
2,129072,0
4,129072,0
1,129126,0
3,129180,0
5,129180,0
6,129180,0
0,129287,0
2,129287,0
3,129340,0
5,129394,0
6,129394,0
4,129447,0
0,129501,0
1,129501,0
2,129555,0
3,129608,1,129715
4,129608,1,129769
5,129608,1,129822
6,129608,1,129983
0,129822,1,129983
2,129822,1,129983
0,130037,0
3,130037,0
6,130037,0
1,130144,0
5,130144,0
3,130251,0
6,130251,0
2,130358,0
4,130358,0
0,130465,0
3,130465,0
1,130572,0
5,130572,0
0,130680,0
3,130680,0
6,130680,0
1,130894,0
4,130894,0
6,130894,0
3,131001,0
0,131108,0
2,131108,0
0,131215,0
2,131215,0
1,131322,0
4,131322,0
6,131322,0
2,131430,0
1,131483,0
0,131537,0
5,131537,0
2,131644,0
1,131751,0
4,131751,0
6,131751,0
1,131858,0
2,131965,0
5,131965,0
0,132072,0
3,132072,0
1,132180,0
6,132180,0
3,132287,0
6,132287,0
0,132394,0
2,132394,0
0,132501,0
3,132501,0
1,132608,0
4,132608,0
6,132608,0
0,132715,0
2,132715,0
3,132769,0
4,132822,0
6,132822,0
3,132930,0
0,133037,0
2,133037,0
4,133037,0
6,133037,0
5,133144,0
1,133251,0
5,133358,0
0,133465,0
2,133465,0
5,133572,0
1,133680,0
5,133787,0
0,133894,0
2,133894,0
5,134001,0
1,134108,0
5,134215,0
0,134322,0
2,134322,0
5,134430,0
1,134537,0
3,134644,0
4,134751,0
6,134751,0
1,134858,0
5,134965,0
1,135072,0
4,135180,0
6,135180,0
1,135287,0
5,135394,0
1,135501,0
4,135608,0
6,135608,0
1,135715,0
5,135822,0
1,135930,0
4,136037,0
6,136037,0
1,136144,0
5,136251,0
3,136358,0
0,136465,0
2,136465,0
5,136572,0
1,136680,0
4,136680,0
5,136787,0
0,136894,0
2,136894,0
5,137001,0
1,137108,0
3,137108,0
5,137215,0
0,137322,0
2,137322,0
5,137430,0
1,137537,0
4,137537,0
5,137644,0
0,137751,0
2,137751,0
5,137858,0
1,137965,0
3,137965,0
5,138072,0
0,138180,0
2,138180,0
3,138287,0
0,138394,0
4,138394,0
3,138501,0
2,138608,0
6,138608,0
3,138715,0
0,138822,0
4,138822,0
3,138930,0
0,139037,0
2,139037,0
0,139144,0
2,139144,0
0,139251,0
2,139251,0
0,139358,0
2,139358,0
4,139465,0
6,139465,0
2,139572,0
3,139680,0
5,139680,0
2,139787,0
0,139894,0
1,139894,0
4,139894,0
6,139894,0
2,139997,0
0,140100,0
5,140100,0
2,140204,0
4,140204,0
0,140307,0
3,140307,0
6,140307,0
4,140411,0
1,140514,0
6,140514,0
2,140618,0
4,140618,0
0,140721,0
3,140721,0
5,140825,0
6,140825,0
2,140928,0
4,140928,0
0,141031,0
1,141031,0
3,141135,0
5,141135,0
6,141135,0
1,141238,0
2,141238,0
4,141342,0
6,141342,0
2,141445,0
3,141445,0
0,141549,0
6,141549,0
4,141652,0
1,141756,0
6,141756,0
2,141859,0
4,141859,0
0,141962,0
3,141962,0
6,141962,0
2,142066,0
0,142169,0
5,142169,0
2,142273,0
4,142273,0
3,142376,0
6,142376,0
0,142480,0
1,142480,0
2,142583,0
4,142583,0
5,142687,0
6,142687,0
0,142790,0
1,142790,0
3,142790,0
4,142894,0
5,142894,0
0,142997,0
2,142997,0
3,143100,0
4,143100,0
0,143204,0
6,143204,0
4,143307,0
1,143411,0
6,143411,0
2,143514,0
4,143514,0
0,143618,0
3,143618,0
6,143618,0
2,143721,0
0,143825,0
5,143825,0
2,143928,0
4,143928,0
3,144031,0
6,144031,0
0,144135,0
1,144135,0
2,144238,0
4,144238,0
5,144342,0
6,144342,0
0,144445,0
1,144445,0
3,144445,0
4,144549,0
5,144549,0
0,144652,0
2,144652,0
3,144756,0
4,144756,0
0,144859,0
6,144859,0
2,144962,0
0,145066,0
5,145066,0
2,145169,0
4,145169,0
0,145273,0
3,145273,0
6,145273,0
4,145376,0
1,145480,0
6,145480,0
2,145583,0
4,145583,0
0,145687,0
3,145687,0
5,145790,0
6,145790,0
2,145894,0
4,145894,0
0,145997,0
1,145997,0
3,146100,0
5,146100,0
6,146100,0
1,146204,0
2,146204,0
4,146307,0
6,146307,0
2,146411,0
3,146411,0
0,146514,0
1,146514,0
5,146514,0
6,146514,0
3,146614,0
5,146714,0
0,146814,0
2,146814,0
4,146914,0
5,146914,0
6,146914,0
2,147014,0
4,147114,0
6,147114,0
4,147214,0
6,147214,0
0,147314,0
2,147314,0
3,147314,0
5,147414,0
0,147514,0
2,147514,0
4,147614,0
0,147714,0
1,147714,0
6,147714,0
4,147814,0
0,147914,0
2,147914,0
0,148014,0
2,148014,0
1,148114,0
4,148114,0
6,148114,0
3,148214,0
5,148314,0
0,148414,0
1,148414,0
3,148514,0
4,148514,0
6,148514,0
1,148614,0
4,148714,0
6,148714,0
4,148814,0
6,148814,0
0,148914,0
2,148914,0
3,148914,0
5,149014,0
0,149114,0
2,149114,0
4,149214,0
0,149314,0
3,149314,0
6,149314,0
4,149414,0
2,149514,0
6,149514,0
3,149614,0
0,149714,0
4,149714,1,149914
6,149714,0
2,149814,0
0,149914,0
4,150014,0
5,150014,0
3,150064,0
0,150114,1,150314
2,150114,0
6,150114,0
4,150214,0
1,150314,0
2,150314,0
3,150364,0
4,150414,0
5,150414,0
0,150514,0
2,150514,0
6,150514,0
4,150614,0
1,150714,0
4,150814,0
5,150814,0
3,150864,0
0,150914,0
2,150914,0
6,150914,1,151114
4,151014,0
1,151114,0
2,151114,0
3,151164,0
4,151214,0
6,151214,0
0,151314,0
2,151314,0
5,151314,0
3,151414,0
1,151514,0
3,151614,0
5,151614,0
2,151664,0
0,151714,0
1,151714,0
4,151714,1,151914
6,151814,0
0,151914,0
1,151914,0
2,151964,0
3,152014,0
5,152014,0
0,152114,0
4,152114,0
6,152114,0
2,152214,0
0,152314,0
1,152414,0
3,152414,0
4,152464,0
2,152514,1,152714
5,152514,0
6,152514,0
0,152614,0
5,152714,0
6,152714,0
4,152764,0
1,152814,0
3,152814,0
0,152914,0
2,152914,0
5,152914,0
6,152914,0
4,153014,0
2,153114,0
6,153114,0
4,153214,0
0,153314,0
1,153314,0
6,153314,0
3,153414,0
1,153514,0
5,153514,0
3,153614,0
0,153714,0
6,153714,0
4,153814,0
1,153914,0
5,153914,0
3,154014,0
0,154114,0
4,154114,0
6,154114,0
2,154214,0
1,154314,0
5,154314,0
3,154414,0
0,154514,0
6,154514,0
2,154614,0
0,154714,0
4,154714,0
2,154814,0
0,154914,0
5,154914,0
6,154914,0
3,155014,0
1,155114,0
5,155114,0
3,155214,0
0,155314,0
6,155314,0
2,155414,0
1,155514,0
5,155514,0
3,155614,0
0,155714,0
2,155714,0
6,155714,0
4,155814,0
1,155914,0
5,155914,0
3,156014,0
0,156114,0
2,156114,0
5,156214,0
2,156314,0
5,156414,0
0,156514,0
1,156514,0
4,156614,0
1,156714,0
4,156814,0
3,156914,0
6,156914,0
1,157014,0
4,157114,0
2,157214,0
0,157314,0
4,157314,0
6,157414,0
3,157514,0
5,157614,0
0,157714,0
3,157714,0
6,157814,0
0,157914,0
6,158014,0
0,158114,0
2,158114,0
4,158214,0
2,158314,0
4,158414,0
2,158514,0
3,158564,0
5,158614,0
6,158664,0
1,158714,0
2,158764,0
4,158814,0
5,158864,0
0,158914,0
1,158964,0
3,159014,0
4,159064,0
0,159114,0
2,159164,0
4,159214,0
6,159264,0
0,159314,1,160114
1,159314,1,160114
2,159314,0
3,159314,0
6,160114,1,162514
3,160514,1,162514
0,160914,1,162514
1,162514,0
5,162514,0
1,162714,0
5,162714,0
2,162914,0
4,162914,0
2,163114,0
4,163114,0
3,163314,0
5,163314,0
0,163414,0
2,163414,0
4,163514,0
6,163514,0
1,163614,0
3,163614,0
5,163714,0
6,163714,0
2,163814,0
4,163814,0
0,163914,0
6,163914,0
4,163964,0
2,164014,0
0,164064,0
2,164114,0
3,164114,1,165314
5,164114,0
6,164114,1,164314
5,164514,1,164714
6,164514,1,164714
4,164914,1,165314
5,164914,1,165314
6,164914,1,165314
0,165314,0
2,165514,1,165714
0,165714,0
1,165714,0
4,165714,0
6,165714,0
2,165814,0
0,165914,0
4,165914,0
6,165914,0
3,166014,0
0,166114,0
4,166114,0
6,166114,0
2,166214,0
0,166314,0
4,166314,0
6,166314,0
3,166414,0
0,166514,0
2,166514,0
6,166514,0
5,166614,0
0,166714,0
2,166714,0
6,166714,0
4,166814,0
0,166914,0
2,166914,0
6,166914,0
3,167014,0
0,167114,0
2,167114,0
6,167114,0
1,167214,0
4,167214,0
3,167264,0
2,167314,0
5,167314,0
6,167314,0
0,167414,0
2,167514,0
5,167514,0
6,167514,0
4,167614,0
2,167714,0
5,167714,0
6,167714,0
0,167814,0
2,167914,0
5,167914,0
6,167914,0
4,168014,0
0,168114,0
1,168114,0
2,168114,0
4,168214,0
5,168214,0
6,168214,0
0,168314,0
1,168314,0
2,168314,0
3,168414,0
0,168514,0
4,168514,0
6,168514,0
1,168614,0
5,168714,0
6,168714,0
2,168764,0
4,168814,0
5,168814,0
3,168864,0
0,168914,0
2,168914,0
6,168914,0
5,169014,0
0,169114,0
2,169114,0
6,169114,0
4,169214,0
0,169314,0
2,169314,0
6,169314,0
3,169414,0
0,169514,0
2,169514,0
6,169514,0
1,169614,0
4,169614,0
5,169614,0
0,169714,0
3,169714,0
6,169714,0
1,169814,0
2,169814,0
4,169814,0
3,169914,0
5,169914,0
6,169914,0
2,170014,0
0,170114,0
1,170114,0
4,170114,0
5,170214,0
2,170314,0
4,170314,0
1,170364,0
3,170414,0
5,170414,0
2,170464,0
0,170514,0
4,170514,0
6,170514,0
3,170614,0
0,170714,0
1,170714,0
2,170714,0
4,170814,0
5,170814,0
6,170814,0
0,170914,0
1,170914,0
2,170914,0
4,171014,0
0,171114,0
3,171114,0
6,171114,0
2,171214,0
4,171314,1,171414
5,171314,1,171414
6,171314,1,171414
4,171514,1,171614
5,171514,1,171614
6,171514,1,171614
4,171714,0
5,171714,0
6,171714,0
4,171814,0
5,171814,0
6,171814,0
1,171914,0
2,171914,0
4,171964,0
1,172014,0
2,172014,0
4,172064,0
0,172114,0
3,172114,0
6,172114,0
2,172214,0
0,172314,0
3,172314,0
6,172314,0
2,172414,0
0,172514,0
4,172514,0
5,172514,0
3,172614,0
0,172714,0
4,172714,0
5,172714,0
3,172814,0
1,172914,0
5,172914,0
6,172914,0
4,173014,0
1,173114,0
5,173114,0
6,173114,0
4,173214,0
0,173314,0
2,173314,0
5,173314,0
3,173414,0
1,173514,0
5,173514,0
6,173514,0
2,173614,0
3,173614,0
4,173614,0
0,173714,0
1,173714,0
6,173714,0
3,173814,0
4,173814,0
5,173814,0
0,173914,0
1,173914,0
2,173914,0
3,174014,0
4,174114,0
5,174114,0
6,174114,0
0,174214,0
1,174214,0
2,174214,0
4,174314,0
6,174314,0
3,174364,0
2,174414,0
5,174414,0
1,174464,0
0,174514,0
3,174514,0
4,174514,0
2,174614,0
6,174614,0
0,174714,0
1,174714,0
4,174714,0
2,174814,0
6,174814,0
0,174914,0
1,174914,0
5,174914,0
3,175014,0
6,175014,0
0,175114,0
2,175114,0
3,175164,0
1,175214,0
4,175214,0
5,175264,0
0,175314,1,175414
2,175314,1,175414
6,175314,1,175414
4,175414,1,175514
0,175514,1,175614
2,175514,1,175614
6,175514,1,175614
4,175614,1,175714
0,175714,1,175814
2,175714,1,175814
6,175714,1,175814
4,175814,1,175914
0,175914,1,176014
2,175914,1,176014
6,175914,1,176014
4,176014,1,176114
0,176114,1,176214
3,176114,1,176214
6,176114,1,176214
2,176214,1,176314
4,176214,1,176314
0,176314,1,176414
3,176314,1,176414
6,176314,1,176414
0,176514,0
3,176514,0
6,176514,0
1,176614,0
5,176614,0
0,176714,0
3,176714,0
6,176764,0
2,176814,0
4,176814,0
1,176864,0
0,176914,0
3,176914,0
5,176914,0
6,176914,0
2,177014,0
1,177114,0
4,177114,0
6,177114,0
3,177214,0
0,177314,0
2,177314,0
6,177314,0
1,177414,0
4,177414,0
5,177514,0
2,177614,0
3,177614,0
0,177714,0
4,177714,0
6,177714,0
2,177814,0
1,177914,0
5,177914,0
6,177914,0
3,178014,0
0,178114,0
2,178114,0
5,178114,0
4,178214,0
6,178214,0
1,178314,0
3,178314,0
4,178414,0
2,178514,0
3,178514,0
5,178514,0
6,178514,0
0,178614,0
2,178714,0
5,178714,0
6,178714,0
1,178814,0
2,178914,0
5,178914,0
6,178914,0
0,179014,0
1,179014,0
4,179114,0
5,179114,0
6,179114,0
1,179214,0
2,179214,0
3,179264,0
4,179314,0
5,179314,0
6,179314,0
1,179414,0
2,179414,0
3,179514,0
4,179514,0
5,179514,0
0,179614,0
1,179614,0
2,179714,0
3,179714,0
4,179714,0
5,179814,0
6,179814,0
4,179864,0
0,179914,0
1,179914,0
3,179914,0
2,180014,0
5,180014,0
3,180064,0
0,180114,0
4,180114,0
6,180114,0
1,180214,0
2,180214,0
0,180314,0
3,180314,0
6,180314,0
4,180414,0
5,180414,0
0,180514,0
1,180514,0
2,180514,0
3,180564,0
4,180614,0
6,180614,0
0,180714,0
1,180714,0
2,180714,0
3,180764,0
4,180814,0
6,180814,0
0,180914,0
1,180914,0
2,180914,0
3,181014,0
4,181014,0
2,181114,0
5,181114,0
6,181114,0
0,181214,0
1,181214,0
3,181314,0
5,181314,0
6,181314,0
2,181380,0
1,181447,0
0,181514,0
4,181514,0
5,181514,0
3,181580,0
2,181647,0
0,181714,1,181814
1,181714,1,181814
6,181714,1,181814
4,181814,1,181914
0,181914,1,182014
1,181914,1,182014
6,181914,1,182014
4,182014,1,182114
0,182114,1,182214
1,182114,1,182214
6,182114,1,182214
4,182214,1,182314
0,182314,1,182414
1,182314,1,182414
6,182314,1,182414
4,182414,1,182514
0,182514,1,182614
5,182514,1,182614
6,182514,1,182614
2,182614,1,182714
0,182714,1,182814
5,182714,1,182814
6,182714,1,182814
2,182814,1,182914
0,182914,1,183014
5,182914,1,183014
6,182914,1,183014
2,183014,1,183114
0,183114,1,183214
5,183114,1,183214
6,183114,1,183214
2,183214,1,183314
4,183314,0
5,183314,0
6,183314,0
3,183414,0
0,183514,0
1,183514,0
2,183514,0
3,183614,0
4,183714,0
5,183714,0
6,183714,0
3,183814,0
0,183914,0
1,183914,0
2,183914,0
4,184014,0
5,184014,0
3,184064,0
0,184114,0
1,184114,0
6,184114,0
4,184214,0
5,184214,0
0,184314,0
1,184314,0
3,184314,0
5,184414,0
6,184414,0
1,184514,0
2,184514,0
4,184514,0
5,184614,0
6,184614,0
0,184714,0
2,184714,0
3,184764,0
4,184814,0
5,184814,0
2,184864,0
0,184914,1,185014
1,184914,1,185014
6,184914,1,185014
4,185014,1,185114
0,185114,1,185214
1,185114,1,185214
6,185114,1,185214
4,185214,1,185314
0,185314,1,185414
1,185314,1,185414
6,185314,1,185414
4,185414,1,185514
0,185514,0
3,185514,0
6,185514,0
1,185614,0
5,185614,0
0,185714,0
2,185714,0
3,185714,0
5,185814,0
6,185814,0
0,185914,0
2,185914,0
3,185914,0
4,186014,0
6,186014,0
3,186064,0
0,186114,0
1,186114,0
2,186114,0
4,186214,0
6,186214,0
0,186314,0
2,186314,0
3,186364,0
1,186414,0
4,186414,0
5,186464,0
0,186514,0
2,186514,0
3,186514,0
6,186514,0
0,186914,1,187014
4,186914,1,187014
5,186914,1,187064
6,186914,1,187114
1,186964,1,187064
2,187014,1,187114
3,187064,1,187164
4,187114,1,187214
5,187164,1,187264
6,187214,1,187314
0,187314,0
1,187314,0
2,187314,0
3,187314,0
0,187714,1,187914
1,187714,1,187864
2,187714,1,187814
6,187714,1,187814
5,187764,1,187864
4,187814,1,187914
3,187864,1,187964
2,187914,1,188014
1,187964,1,188064
0,188014,1,188114
4,188114,0
5,188114,0
6,188114,0
2,188214,0
4,188314,0
5,188314,0
6,188314,0
3,188414,0
0,188514,0
1,188514,0
2,188514,0
4,188614,0
0,188714,0
1,188714,0
2,188714,0
3,188814,0
4,188914,0
5,188914,0
6,188914,0
0,189014,0
2,189014,0
1,189114,0
4,189114,0
6,189114,0
2,189214,0
5,189214,0
0,189314,0
3,189314,0
6,189314,0
1,189364,0
2,189414,0
4,189414,0
5,189464,0
0,189514,0
6,189514,0
2,189564,0
1,189614,0
4,189614,0
6,189664,0
0,189714,0
2,189714,0
3,189714,0
5,189714,0
0,189928,0
2,189928,0
3,189928,0
5,189928,0
1,190142,0
3,190142,0
4,190142,0
6,190142,0
1,190372,0
3,190372,0
4,190372,0
6,190372,0
1,190603,0
3,190603,0
4,190603,0
0,190728,0
3,190728,0
2,190853,0
4,190853,0
5,190853,0
1,190978,0
4,190978,0
3,191103,0
5,191103,0
6,191103,0
2,191228,0
5,191228,0
1,191353,0
4,191353,0
6,191353,0
2,191415,0
0,191478,0
3,191478,0
4,191540,0
1,191603,1,193603
2,191603,0
5,191603,1,193603
6,191603,0
0,193603,0
3,193603,0
4,193603,0
6,193603,0
2,193978,0
3,194353,0
0,194603,0
1,195103,0
2,195353,0
4,195603,0
6,195603,0
3,195853,0
1,195978,0
2,196228,0
4,196353,0
6,196478,0
3,196603,0
5,196728,0
4,196978,0
1,197228,0
3,197353,0
5,197478,0
0,197603,0
2,197603,0
2,198603,0
3,198978,0
6,199353,0
4,199478,0
6,199603,0
3,199728,0
0,199978,0
1,200228,0
2,200353,0
0,200478,0
4,200603,0
6,200603,0
3,200728,0
5,200978,0
2,201228,0
3,201353,0
4,201478,0
1,201603,0
5,201603,0
2,201978,0
3,202353,0
0,202603,0
1,202978,0
2,203228,0
4,203603,0
6,203603,0
3,203978,0
4,204353,0
6,204478,0
3,204603,0
5,204728,0
4,204978,0
3,205228,0
1,205353,0
4,205478,0
0,205603,0
6,205603,0
2,206603,0
3,206978,0
4,207353,0
2,207603,0
1,207728,0
0,207978,0
2,208353,0
4,208603,0
3,208728,0
1,208853,0
0,208978,0
2,209228,0
4,209353,0
0,209603,0
1,209603,0
4,209603,0
6,209603,0
1,209978,0
6,209978,0
2,210353,0
6,210353,0
4,210478,0
0,210603,0
2,210603,0
6,210603,0
1,210978,0
4,211103,0
6,211103,0
1,211228,0
0,211353,0
3,211353,0
5,211353,0
0,211603,0
2,211603,0
4,211603,0
6,211603,0
3,211853,0
4,211978,0
6,211978,0
2,212228,0
1,212353,0
5,212353,0
3,212478,0
2,212603,0
4,212603,0
6,212603,0
1,212728,0
4,212728,0
0,212978,0
3,212978,0
1,213228,0
5,213228,0
4,213353,0
6,213353,0
1,213478,0
2,213478,0
3,213540,0
0,213603,0
4,213603,0
5,213603,0
6,213603,0
2,213978,0
2,214353,0
3,214478,0
1,214603,0
4,214603,0
6,214603,0
0,214978,0
3,214978,0
1,215228,0
2,215353,0
5,215353,0
3,215478,0
0,215603,0
4,215603,0
6,215603,0
2,215728,0
4,215978,0
6,215978,0
5,216228,0
0,216353,0
3,216353,0
1,216478,0
2,216603,0
4,216603,0
6,216603,0
5,216728,0
0,216978,0
1,216978,0
4,216978,0
2,217228,0
1,217353,0
3,217353,0
6,217353,0
4,217478,0
5,217478,0
3,217540,0
0,217603,0
2,217603,0
6,217603,0
2,217978,0
5,217978,0
2,218353,0
4,218353,0
3,218478,0
0,218603,0
2,218603,0
5,218603,0
1,218978,0
3,218978,0
4,219228,0
6,219228,0
0,219353,0
2,219353,0
2,219603,0
4,219603,0
6,219603,0
0,219978,0
2,219978,0
1,220353,0
3,220353,0
4,220478,0
0,220603,0
2,220603,0
6,220603,0
2,220728,0
5,220728,0
3,220978,0
6,220978,0
1,221228,0
2,221353,0
4,221353,0
6,221353,0
1,221478,0
3,221478,0
4,221540,0
0,221603,0
5,221603,0
6,221603,0
5,221978,0
5,222353,0
3,222478,0
0,222603,0
1,222603,0
5,222603,0
1,222978,0
3,222978,0
4,223228,0
0,223353,0
2,223353,0
5,223353,0
1,223603,0
3,223603,0
4,223603,0
6,223603,1,225353
5,223728,0
4,223978,0
3,224353,0
1,224603,0
5,224603,1,225353
2,224728,0
0,224853,0
1,224978,0
0,225603,1,225728
3,225603,0
5,225603,1,225728
6,225603,0
1,225728,1,225853
2,225853,1,225978
6,225853,1,225978
0,225978,1,226103
3,226103,1,226228
5,226103,1,226228
2,226228,1,226290
4,226290,1,226353
0,226353,1,226478
2,226353,1,226478
3,226478,1,226603
4,226603,1,226728
6,226603,1,226728
2,226728,1,226853
4,226978,1,227103
6,226978,1,227103
0,227103,1,227228
2,227103,1,227228
3,227228,1,227353
1,227353,1,227478
4,227353,1,227478
5,227478,1,227603
2,227603,1,227728
6,227603,1,227728
4,227728,1,227853
2,227978,1,228103
6,227978,1,228103
0,228103,1,228228
4,228103,1,228228
3,228228,1,228353
2,228353,1,228478
5,228353,1,228478
4,228478,1,228603
0,228603,1,228665
2,228665,1,228728
0,228728,1,228853
1,228853,1,228978
5,228853,1,228978
3,228978,1,229228
2,229228,1,229353
0,229353,1,229478
5,229353,1,229478
3,229478,1,229603
1,229603,1,229728
4,229603,1,229728
6,229728,1,229853
1,229978,1,230103
4,229978,1,230103
6,230103,1,230228
4,230353,1,230478
6,230353,1,230478
3,230478,1,230603
2,230603,1,230728
5,230603,1,230728
0,230728,1,230853
2,230978,1,231103
5,230978,1,231103
0,231103,1,231228
4,231103,1,231228
2,231228,1,231353
4,231353,1,231478
6,231353,1,231478
1,231478,1,231603
2,231603,1,231728
5,231603,1,231728
3,231728,1,231853
0,231853,1,231978
4,231853,1,231978
6,231978,1,232228
3,232228,1,232353
2,232353,1,232478
5,232353,1,232478
6,232478,1,232603
1,232603,1,232728
4,232603,1,232728
3,232728,1,232853
2,232853,1,232978
5,232853,1,232978
0,232978,1,233228
3,233228,1,233353
2,233353,1,233478
5,233353,1,233478
1,233478,1,233603
0,233603,0
4,233603,1,233728
6,233603,1,233728
2,233728,1,233853
3,233853,1,233978
5,233853,0
6,233853,1,233978
1,233978,1,234103
0,234103,1,234228
4,234103,1,234228
2,234228,1,234290
3,234290,1,234353
2,234353,1,234478
4,234353,1,234478
6,234353,0
0,234478,1,234603
3,234603,1,234728
6,234603,1,234728
4,234728,1,234853
0,234853,0
3,234978,1,235103
6,234978,1,235103
1,235103,1,235228
4,235103,1,235228
6,235228,1,235353
0,235353,1,235478
2,235353,1,235478
3,235353,0
4,235478,1,235603
1,235603,1,235728
5,235603,1,235728
2,235728,1,235853
6,235853,0
1,235978,1,236103
5,235978,1,236103
0,236103,1,236228
2,236103,1,236228
4,236228,1,236353
1,236353,0
5,236353,1,236478
6,236353,1,236478
3,236478,1,236603
2,236603,1,236665
4,236665,1,236728
2,236728,1,236853
0,236853,0
5,236853,1,236978
6,236853,1,236978
1,236978,1,237228
3,237228,1,237353
0,237353,0
5,237353,1,237478
6,237353,1,237478
2,237478,1,237603
0,237603,1,237728
4,237603,1,237728
6,237728,1,237853
1,237853,0
0,237978,1,238103
4,237978,1,238103
6,238103,1,238228
1,238353,1,238478
4,238353,1,238478
5,238353,0
3,238478,1,238603
2,238603,1,238728
6,238603,1,238728
0,238728,1,238853
5,238853,0
2,238978,1,239103
6,238978,1,239103
0,239103,1,239228
2,239228,1,239290
1,239353,1,239415
5,239353,0
0,239478,1,239540
2,239603,1,239665
3,239728,1,239790
0,239853,0
4,239853,1,239915
6,239978,1,240228
4,240228,1,240290
0,240353,0
1,240353,1,240415
2,240478,1,240540
4,240603,1,240665
5,240728,1,240790
3,240853,1,240915
6,240853,0
0,240978,1,241228
2,241228,0
1,241353,0
6,241353,0
0,241478,0
3,241603,0
4,241603,1,242603
5,241603,0
6,241603,1,243353
1,241728,0
2,241853,0
5,241853,0
3,241978,0
0,242103,0
0,242353,0
2,242353,0
3,242603,0
2,242728,0
0,242853,0
1,242853,0
3,242978,0
5,243103,0
0,243353,0
5,243353,0
0,243603,1,245353
1,243603,0
2,243603,1,244603
3,243603,0
5,243728,0
3,243853,0
6,243853,0
4,243978,0
1,244103,0
1,244353,0
5,244353,0
4,244478,0
6,244603,0
5,244728,0
3,244853,0
6,244853,0
4,244978,0
2,245103,0
2,245353,0
5,245353,0
1,245603,0
4,245603,1,246603
5,245603,0
6,245603,1,247353
2,245728,0
0,245853,0
5,245853,0
2,245978,0
1,246103,0
3,246228,0
1,246353,0
5,246353,0
2,246478,0
3,246603,0
1,246728,0
0,246853,0
3,246853,0
5,246978,0
2,247103,0
3,247228,0
0,247353,0
5,247353,0
3,247478,0
0,247603,1,249353
1,247603,0
2,247603,1,248603
4,247603,0
6,247728,0
1,247853,0
5,247853,0
6,247978,0
3,248103,0
4,248228,0
1,248353,0
5,248353,0
3,248478,0
6,248603,0
4,248728,0
1,248853,0
5,248853,0
3,248978,0
4,249103,0
2,249228,0
1,249353,0
5,249353,0
4,249478,0
0,249603,0
2,249603,0
5,249603,1,249853
6,249603,0
3,249728,0
0,249853,0
1,249853,1,250103
4,249853,0
3,249978,0
2,250103,0
5,250103,1,250353
6,250103,0
3,250228,0
0,250353,0
1,250353,1,250603
4,250353,0
3,250478,0
2,250603,0
5,250603,1,250853
6,250603,0
3,250728,0
0,250853,0
1,250853,1,251103
4,250853,0
3,250978,0
2,251103,0
5,251103,1,251353
6,251103,0
3,251228,0
0,251353,0
1,251353,1,251603
4,251353,0
3,251478,0
0,251603,0
2,251603,0
6,251603,1,251853
3,251728,0
0,251853,1,252103
4,251853,0
5,251853,0
3,251978,0
1,252103,0
2,252103,0
6,252103,1,252353
3,252228,0
0,252353,1,252603
4,252353,0
5,252353,0
3,252478,0
1,252603,0
2,252603,0
6,252603,1,252853
3,252728,0
0,252853,1,253103
4,252853,0
5,252853,0
3,252978,0
1,253103,0
2,253103,0
6,253103,1,253353
3,253228,0
0,253353,1,253603
4,253353,0
5,253353,0
3,253478,0
4,253603,0
5,253603,0
6,253603,0
2,253728,0
4,253728,0
0,253853,0
4,253853,0
5,253853,0
6,253853,0
2,253978,0
6,253978,0
1,254103,0
4,254103,0
5,254103,0
6,254103,0
0,254228,0
4,254228,0
2,254353,0
4,254353,0
5,254353,0
6,254353,0
0,254478,0
6,254478,0
4,254540,0
0,254603,0
1,254603,0
2,254603,0
2,254728,0
4,254728,0
0,254853,0
1,254853,0
2,254853,0
6,254853,0
0,254978,0
4,254978,0
0,255103,0
1,255103,0
2,255103,0
5,255103,0
2,255228,0
6,255228,0
0,255353,0
1,255353,0
2,255353,0
4,255353,0
0,255478,0
6,255478,0
1,255540,0
2,255603,0
4,255603,0
6,255603,0
0,255728,0
1,255728,0
3,255728,0
2,255853,0
5,255853,0
6,255853,0
0,255978,0
3,255978,0
4,255978,0
1,256103,0
2,256103,0
6,256103,0
0,256228,0
4,256228,0
5,256228,0
1,256353,0
2,256353,0
5,256415,0
6,256415,0
2,256478,0
4,256478,0
0,256540,0
1,256540,0
3,256603,0
5,256603,0
6,256603,0
0,257603,0
1,257603,1,257728
4,257603,1,257728
6,257603,0
2,257728,0
5,257728,0
4,257790,0
0,257853,1,257978
3,257853,0
6,257853,1,257978
1,257978,0
4,257978,1,258103
2,258103,1,258228
5,258103,0
6,258103,1,258228
1,258228,0
3,258228,0
4,258290,0
2,258353,1,258478
5,258353,1,258478
6,258353,0
1,258478,0
4,258478,1,258603
0,258603,0
3,258603,1,258728
6,258603,1,258728
1,258728,1,258853
4,258728,0
2,258853,1,258978
5,258853,1,258978
6,258853,0
0,258978,0
3,258978,1,259103
1,259103,1,259228
5,259103,0
6,259103,1,259228
3,259228,0
4,259228,1,259353
1,259353,0
2,259353,1,259478
6,259353,1,259478
0,259478,1,259603
5,259478,0
2,259603,0
4,259603,1,259728
6,259603,1,259728
1,259728,1,259853
3,259728,0
0,259853,0
4,259853,0
6,259853,0
3,259915,0
2,259978,1,260103
5,259978,0
1,260103,1,260228
4,260103,0
6,260103,1,260228
2,260228,0
3,260228,1,260353
0,260353,1,260478
5,260353,1,260478
6,260353,0
2,260478,0
4,260478,0
1,260540,0
0,260603,0
3,260603,1,260728
6,260603,1,260728
1,260728,1,260853
5,260728,0
3,260853,0
4,260853,1,260978
6,260853,1,260978
0,260978,0
2,260978,1,261103
4,261103,0
5,261103,0
6,261103,0
3,261165,0
0,261228,0
2,261228,1,261353
1,261353,1,261478
3,261353,1,261478
5,261353,0
6,261353,0
0,261478,1,261603
5,261478,0
6,261478,0
3,261603,0
5,261603,1,261728
6,261603,1,261728
0,261728,1,261853
1,261728,1,261853
3,261853,1,261978
5,261853,0
6,261853,0
0,261978,1,262103
1,261978,1,262103
2,262103,1,262165
4,262103,1,262228
6,262103,1,262290
0,262228,0
2,262228,0
4,262290,0
1,262353,1,262478
3,262353,1,262478
6,262353,0
4,262478,0
6,262478,1,262603
0,262603,1,262728
1,262603,1,262728
3,262603,0
5,262728,1,262853
6,262728,1,262853
0,262853,0
1,262853,0
3,262853,1,262978
5,262978,1,263103
6,262978,1,263103
0,263103,1,263290
2,263103,1,263228
4,263103,1,263165
4,263228,0
6,263228,0
2,263290,0
0,263353,0
3,263353,1,263478
5,263353,1,263478
0,263478,1,263603
2,263478,0
4,263603,1,263728
5,263603,0
6,263603,1,263790
1,263728,1,263853
3,263790,1,263915
0,263853,0
2,263853,0
5,263853,1,263978
1,263978,0
6,263978,0
4,264040,0
0,264103,1,264290
2,264103,1,264228
6,264103,0
5,264228,1,264353
3,264290,1,264415
0,264353,0
1,264353,1,264478
6,264353,0
2,264478,1,264603
4,264478,0
0,264603,1,264728
1,264603,0
6,264603,1,264728
3,264728,0
4,264728,1,264853
2,264853,1,264978
5,264853,0
6,264853,1,264978
0,264978,1,265103
1,264978,0
2,265103,1,265228
4,265103,0
5,265103,0
6,265103,0
4,265228,1,265353
5,265228,0
6,265228,0
3,265290,0
0,265353,0
1,265353,1,265415
2,265353,0
4,265415,1,265478
6,265415,0
0,265478,0
1,265478,0
2,265478,1,265540
5,265540,1,265603
6,265540,0
0,265603,1,265728
2,265603,1,265728
3,265603,0
4,265728,0
5,265728,0
3,265790,0
0,265853,1,265978
1,265853,0
6,265853,1,265978
2,265978,1,266103
4,265978,0
0,266103,1,266228
3,266103,0
5,266103,1,266228
1,266228,0
4,266228,0
3,266290,0
0,266353,0
2,266353,1,266478
6,266353,1,266478
1,266478,0
4,266478,1,266603
0,266603,0
3,266603,1,266728
6,266603,1,266728
1,266728,1,266853
4,266728,0
2,266853,0
5,266853,1,266978
6,266853,0
1,266978,0
3,266978,1,267103
0,267103,1,267228
5,267103,1,267228
6,267103,0
2,267228,1,267353
3,267228,0
0,267353,1,267478
4,267353,1,267478
5,267353,0
1,267478,0
6,267478,1,267603
0,267603,1,267728
2,267603,1,267728
4,267603,0
3,267728,0
5,267728,1,267853
0,267853,0
2,267853,0
6,267853,0
3,267915,0
1,267978,0
4,267978,1,268103
0,268103,1,268228
2,268103,0
6,268103,1,268228
3,268228,1,268353
4,268228,0
0,268353,0
1,268353,1,268478
6,268353,1,268478
2,268478,0
4,268478,0
5,268540,0
0,268603,1,268728
3,268603,1,268728
6,268603,0
1,268728,0
5,268728,1,268853
0,268853,0
2,268853,0
4,268853,0
5,268978,0
6,268978,0
4,269040,0
0,269103,0
1,269103,1,269228
3,269103,1,269228
2,269228,0
6,269228,0
4,269290,0
0,269353,0
1,269353,0
3,269353,1,269478
5,269353,1,269478
0,269478,0
1,269478,0
6,269478,1,269603
0,269603,1,269728
1,269603,1,269728
3,269603,0
5,269728,1,269853
6,269728,1,269853
0,269853,0
2,269853,0
4,269853,0
3,269915,0
4,269978,1,270103
6,269978,1,270103
0,270103,1,270228
1,270103,1,270228
2,270103,0
5,270228,1,270353
6,270228,1,270353
0,270353,0
2,270353,0
4,270353,0
3,270415,0
0,270478,1,270603
2,270478,1,270603
1,270603,0
4,270603,1,270728
6,270603,0
1,270728,1,270853
3,270728,0
6,270728,1,270853
0,270853,0
3,270853,1,270978
5,270853,0
0,270978,1,271103
2,270978,0
5,270978,1,271103
2,271103,1,271228
4,271103,0
6,271103,0
1,271228,0
4,271228,1,271353
6,271228,1,271353
0,271353,0
1,271353,1,271478
3,271353,0
5,271353,0
2,271478,0
3,271478,1,271603
5,271478,1,271603
0,271603,0
2,271603,0
6,271603,0
4,271665,0
1,271728,0
3,271728,0
5,271790,0
0,271853,0
2,271853,0
4,271853,0
6,271915,0
3,271978,0
5,271978,0
0,272040,0
2,272103,0
4,272103,0
6,272103,0
1,272165,0
0,272228,0
3,272228,0
2,272290,0
1,272353,0
5,272353,0
6,272353,0
4,272415,0
3,272478,0
6,272478,0
5,272540,0
0,272603,0
2,272603,1,272728
4,272603,0
5,272728,0
1,272790,1,272915
2,272790,0
3,272853,0
4,272853,0
6,272853,0
0,272978,1,273103
1,272978,0
2,273103,0
4,273103,0
6,273103,1,273353
1,273228,0
3,273228,0
5,273228,1,273353
0,273353,0
2,273353,1,273415
4,273353,0
5,273415,1,273478
6,273415,0
0,273478,0
1,273478,0
3,273478,1,273540
5,273540,0
6,273540,1,273603
0,273603,1,273728
2,273603,1,273728
4,273603,0
1,273728,0
5,273728,0
2,273790,0
0,273853,1,273978
3,273853,0
6,273853,1,273978
2,273978,1,274103
5,273978,0
0,274103,1,274228
4,274103,1,274228
6,274103,0
2,274228,0
5,274228,0
3,274290,0
0,274353,0
1,274353,1,274478
4,274353,1,274478
2,274478,1,274603
5,274478,0
0,274603,1,274728
3,274603,1,274728
6,274603,0
2,274728,0
5,274728,1,274853
0,274853,0
1,274853,1,274978
4,274853,1,274978
3,274978,1,275103
6,274978,0
0,275103,1,275228
1,275103,0
5,275103,1,275228
2,275228,1,275353
3,275228,0
0,275353,1,275478
4,275353,1,275478
5,275353,0
2,275478,0
6,275478,1,275603
0,275603,1,275728
2,275603,1,275728
4,275603,0
3,275728,0
5,275728,1,275853
0,275853,0
2,275853,0
6,275853,0
3,275915,0
1,275978,0
4,275978,1,276103
0,276103,1,276228
2,276103,0
6,276103,1,276228
3,276228,1,276353
4,276228,0
0,276353,0
1,276353,1,276478
6,276353,1,276478
2,276478,0
4,276478,0
5,276540,0
0,276603,1,276728
3,276603,1,276728
6,276603,0
1,276728,0
5,276728,1,276853
0,276853,1,276978
2,276853,1,276978
4,276853,0
5,276978,0
6,276978,1,277103
0,277103,0
1,277103,0
2,277103,0
3,277165,0
4,277228,1,277353
6,277228,0
0,277353,0
1,277353,0
3,277353,1,277478
5,277353,1,277478
0,277478,0
1,277478,0
6,277478,1,277603
0,277603,1,277728
1,277603,1,277728
3,277603,0
5,277728,1,277853
6,277728,1,277853
0,277853,0
1,277853,0
3,277853,1,277978
5,277978,1,278103
6,277978,1,278103
0,278103,1,278290
2,278103,1,278228
4,278103,1,278165
4,278228,0
6,278228,0
2,278290,0
0,278353,0
3,278353,1,278478
5,278353,1,278478
0,278478,1,278603
2,278478,0
3,278603,0
5,278603,1,278728
6,278603,1,278728
0,278728,1,278853
1,278728,1,278853
3,278853,1,278978
5,278853,0
6,278853,0
0,278978,1,279103
1,278978,1,279103
2,279103,1,279165
4,279103,1,279228
6,279103,1,279290
0,279228,0
2,279228,0
4,279290,0
1,279353,1,279478
3,279353,1,279478
6,279353,0
4,279478,0
6,279478,1,279603
0,279603,1,279790
1,279603,0
2,279603,1,279728
5,279728,1,279853
3,279790,1,279915
1,279853,1,279978
4,279853,0
6,279853,0
0,279978,0
5,279978,0
2,280040,0
0,280103,0
4,280103,1,280228
6,280103,1,280290
1,280228,1,280353
3,280290,1,280415
0,280353,0
5,280353,1,280478
6,280353,0
2,280478,0
4,280478,1,280603
0,280603,1,280728
5,280603,0
6,280603,1,280728
2,280728,1,280853
3,280728,0
0,280853,1,280978
1,280853,0
4,280853,1,280978
5,280978,0
6,280978,1,281103
0,281103,0
1,281103,0
4,281103,1,281228
0,281228,0
1,281228,0
2,281228,1,281353
3,281290,0
4,281353,1,281415
5,281353,0
6,281353,0
0,281415,0
2,281415,1,281478
3,281478,0
5,281478,1,281540
6,281478,0
0,281540,0
1,281540,1,281603
3,281603,0
4,281603,1,281728
6,281603,1,281728
2,281728,0
5,281728,0
3,281790,0
0,281853,1,281978
1,281853,0
4,281853,1,281978
6,281853,0
3,281978,0
6,281978,1,282103
0,282103,1,282228
2,282103,1,282228
5,282103,0
4,282228,0
6,282228,0
3,282290,0
0,282353,0
1,282353,0
2,282353,1,282478
5,282353,1,282478
3,282478,1,282603
6,282478,0
0,282603,0
1,282603,1,282728
4,282603,1,282728
2,282728,0
6,282728,1,282853
0,282853,1,282978
2,282853,1,282978
3,282853,0
5,282853,0
4,282978,1,283103
6,282978,0
0,283103,0
1,283103,1,283228
6,283103,1,283228
2,283228,0
3,283228,1,283353
0,283353,1,283478
4,283353,0
5,283353,1,283478
6,283353,0
2,283478,1,283603
3,283478,0
0,283603,0
4,283603,1,283728
6,283603,1,283728
1,283728,0
3,283728,1,283853
0,283853,0
2,283853,0
5,283853,0
6,283853,0
3,283915,0
4,283978,1,284103
5,283978,0
0,284103,0
1,284103,1,284228
6,284103,1,284228
3,284228,1,284353
4,284228,0
0,284353,1,284478
2,284353,0
5,284353,1,284478
6,284353,0
1,284478,0
4,284478,0
3,284540,0
0,284603,1,284728
5,284603,0
6,284603,1,284728
2,284728,0
4,284728,1,284853
0,284853,0
1,284853,1,284978
5,284853,1,284978
6,284853,0
2,284978,0
3,284978,1,285103
0,285103,1,285228
5,285103,0
6,285103,1,285228
1,285228,0
2,285228,0
3,285290,0
0,285353,0
1,285353,0
4,285353,0
6,285353,0
0,285478,0
1,285478,0
4,285478,0
6,285478,0
0,285603,0
2,285603,1,285728
5,285603,0
6,285603,0
0,285728,1,285853
4,285728,0
1,285853,0
3,285853,0
5,285853,0
6,285853,0
2,285915,0
4,285978,0
5,285978,0
3,286040,0
0,286103,0
2,286103,1,286228
6,286103,0
0,286228,1,286353
5,286228,0
1,286353,0
2,286353,0
4,286353,0
6,286353,0
3,286415,0
1,286478,0
5,286478,0
4,286540,0
0,286603,0
2,286603,1,286728
6,286603,0
0,286728,1,286853
3,286728,0
5,286728,1,286853
1,286853,0
2,286853,0
3,286853,1,286978
6,286853,0
1,286978,1,287103
4,286978,0
6,286978,1,287103
0,287103,0
2,287103,0
4,287103,1,287228
0,287228,1,287353
2,287228,1,287353
5,287228,0
1,287353,0
3,287353,0
5,287353,1,287478
6,287353,0
1,287478,1,287603
3,287478,1,287603
4,287478,0
0,287603,0
5,287603,0
6,287603,0
4,287665,0
0,287728,0
3,287728,0
2,287790,0
1,287853,0
4,287853,0
5,287853,0
6,287853,0
3,287915,0
5,287978,0
6,287978,0
2,288040,0
0,288103,0
1,288103,0
4,288103,0
5,288165,0
0,288228,0
3,288228,0
2,288290,0
1,288353,0
4,288353,0
5,288353,0
6,288353,0
2,288415,0
0,288478,0
3,288478,0
6,288478,0
4,288540,0
0,288603,0
1,288603,0
3,288603,0
5,288603,0
0,288790,0
1,288790,0
3,288790,0
6,288790,0
2,288978,0
4,288978,0
5,288978,0
6,288978,0
0,289103,0
1,289103,0
3,289103,0
6,289165,0
2,289228,0
4,289228,0
6,289290,0
1,289353,0
3,289353,0
4,289384,0
5,289415,0
6,289446,0
0,289478,0
1,289509,0
2,289540,0
3,289571,0
0,289603,0
4,289603,1,291353
6,289603,1,291478
1,289728,0
3,289790,0
0,289853,1,289978
2,289978,1,290228
1,290228,0
3,290290,0
5,290353,0
2,290478,0
0,290603,1,290728
2,290728,1,290853
1,290978,1,291228
0,291228,0
2,291353,0
4,291478,0
0,291603,1,293478
3,291603,1,293353
6,291603,0
5,291728,0
2,291790,0
4,291853,1,291978
6,291978,1,292228
5,292228,0
4,292290,0
2,292353,1,292478
5,292478,1,292603
6,292603,1,292728
4,292728,1,292853
5,292978,1,293228
6,293228,0
4,293353,0
2,293478,0
0,293603,0
3,293603,1,295353
6,293603,1,295478
1,293728,0
4,293790,0
2,293853,1,293978
0,293978,1,294228
1,294228,0
2,294290,0
4,294353,1,294478
1,294478,1,294603
0,294603,1,294728
2,294728,1,294853
1,294978,1,295228
0,295228,0
2,295353,0
4,295478,0
6,295603,0
5,295728,0
4,295978,0
2,296228,0
4,296353,0
2,296478,0
3,296603,0
0,296728,0
2,296978,0
1,297228,0
3,297353,0
4,297478,0
0,297603,1,298603
1,297603,1,298603
2,297603,0
6,297603,0
5,297978,0
4,298353,0
2,298603,0
3,298978,0
1,299228,0
2,299603,0
0,299978,0
4,300353,0
6,300478,0
3,300603,0
5,300728,0
4,300978,0
3,301228,0
1,301353,0
2,301478,0
0,301603,0
4,301603,0
6,301603,0
0,301853,0
4,301853,0
6,301853,0
0,302103,0
2,302103,0
6,302103,0
0,302353,0
2,302353,0
6,302353,0
1,302478,0
5,302478,0
2,302540,0
4,302540,0
0,302603,0
3,302603,0
6,302603,0
0,302853,0
3,302853,0
6,302853,0
0,303103,0
2,303103,0
5,303103,0
0,303353,0
2,303353,0
5,303353,0
1,303478,0
4,303478,0
2,303540,0
5,303540,0
0,303603,0
3,303603,0
6,303603,0
1,303728,0
4,303728,0
0,303853,0
2,303853,0
5,303853,0
3,303978,0
6,303978,0
0,304103,0
2,304103,0
4,304103,0
1,304228,0
5,304228,0
2,304353,0
4,304353,0
6,304353,0
0,304478,0
3,304478,0
2,304540,0
1,304603,0
5,304603,1,304853
6,304603,0
3,304853,0
5,304978,0
2,305103,1,305228
1,305353,1,305478
0,305603,0
2,305603,0
5,305603,0
6,305603,0
3,305728,0
0,305853,0
4,305853,0
6,305853,0
3,305915,0
2,305978,0
4,306040,0
1,306103,0
6,306103,0
2,306165,0
3,306228,0
4,306228,0
5,306290,0
0,306353,0
2,306353,0
6,306353,0
4,306415,0
1,306478,0
3,306478,0
4,306540,0
0,306603,0
2,306603,0
6,306665,0
2,306728,0
4,306728,0
6,306790,0
0,306853,0
1,306853,0
3,306853,0
5,306915,0
1,306978,0
4,306978,0
5,307040,0
0,307103,0
2,307103,0
6,307165,0
2,307228,0
4,307228,0
6,307290,0
0,307353,0
1,307353,0
3,307353,0
5,307415,0
1,307478,0
4,307478,0
5,307540,0
0,307603,1,307728
3,307603,0
6,307603,1,307915
2,307728,1,308040
0,307853,1,308040
1,307853,1,308040
4,307853,1,307978
6,307978,0
4,308040,0
0,308103,1,308165
1,308103,0
2,308103,1,308165
0,308228,1,308290
2,308228,1,308290
3,308353,0
5,308353,0
6,308353,0
1,308415,0
0,308478,0
3,308478,0
5,308540,0
2,308603,0
4,308603,0
0,308665,0
2,308728,0
5,308728,0
4,308790,0
0,308853,0
1,308853,0
6,308853,0
4,308915,0
2,308978,0
6,308978,0
5,309040,0
0,309103,0
2,309103,0
4,309165,0
1,309228,0
5,309228,0
3,309290,0
0,309353,0
4,309353,0
6,309353,0
2,309415,0
1,309478,0
5,309478,0
3,309540,0
0,309603,1,309790
2,309603,1,309790
6,309603,1,309790
4,309728,0
0,309853,0
2,309853,0
6,309853,0
4,309978,0
0,310103,0
3,310103,0
6,310165,0
1,310228,0
4,310228,0
3,310290,0
2,310353,0
4,310353,0
6,310353,0
0,310415,0
2,310478,0
5,310478,0
3,310540,0
4,310603,0
6,310603,0
1,310665,0
0,310728,0
4,310728,0
2,310790,0
1,310853,0
5,310853,0
6,310853,0
3,310915,0
2,310978,0
6,310978,0
4,311040,0
0,311103,0
1,311103,1,311228
3,311103,1,311228
0,311290,0
1,311290,1,311415
3,311290,1,311415
4,311353,0
5,311353,0
6,311353,0
0,311478,0
1,311478,1,311603
3,311478,1,311603
4,311603,0
6,311603,0
2,311665,0
1,311728,0
4,311728,0
2,311790,0
0,311853,0
5,311853,0
6,311853,0
3,311915,0
1,311978,0
6,311978,0
4,312040,0
0,312103,0
2,312103,0
3,312228,0
2,312353,0
5,312353,0
6,312353,0
4,312415,0
0,312478,0
1,312478,0
2,312540,0
3,312603,0
4,312603,1,312665
6,312603,1,312665
4,312728,1,312790
6,312728,1,312790
0,312853,1,312915
2,312853,1,312915
3,312853,0
5,312853,0
0,312978,1,313040
2,312978,1,313040
1,313103,0
4,313103,1,313353
6,313103,0
2,313228,0
0,313353,0
1,313353,1,313415
3,313353,0
5,313353,1,313415
1,313478,1,313540
5,313478,1,313540
0,313603,1,313769
2,313603,1,313769
4,313603,0
6,313603,0
3,313686,0
5,313769,0
0,313853,0
1,313853,0
3,313853,1,314019
6,313853,0
4,313936,0
2,314019,0
0,314103,0
4,314103,1,314269
5,314103,0
6,314103,1,314269
1,314186,0
2,314269,0
0,314353,0
3,314353,1,314519
4,314353,0
6,314353,0
2,314436,0
1,314519,0
0,314603,1,314769
2,314603,1,314769
5,314603,0
6,314603,0
4,314686,0
5,314769,0
0,314853,0
1,314853,0
3,314853,1,315019
6,314853,0
4,314936,0
2,315019,0
0,315103,0
4,315103,1,315269
5,315103,0
6,315103,1,315269
1,315186,0
2,315269,0
0,315353,0
3,315353,1,315519
4,315353,0
6,315353,0
2,315436,0
4,315519,0
0,315603,1,315769
1,315603,1,315769
2,315603,0
6,315603,0
5,315686,0
4,315769,0
0,315853,0
1,315853,0
3,315853,1,316019
6,315853,0
2,315936,0
4,316019,0
0,316103,0
3,316103,0
5,316103,1,316269
6,316103,1,316269
2,316186,0
1,316269,0
0,316353,0
3,316353,1,316519
5,316353,0
6,316353,0
2,316436,0
4,316519,0
0,316603,1,316790
1,316603,1,316790
5,316603,0
6,316603,0
3,316728,0
0,316853,0
2,316853,0
5,316853,0
1,316978,0
6,316978,0
4,317040,0
0,317103,0
6,317103,0
3,317165,0
1,317228,0
5,317228,0
3,317290,0
0,317353,0
4,317353,0
6,317353,0
2,317478,0
5,317478,0
0,317603,1,317978
1,317603,0
3,317603,1,317728
6,317603,1,317728
2,317728,0
1,317853,1,317978
3,317853,0
4,317853,1,317978
6,317853,0
0,318103,1,318353
1,318103,0
3,318103,1,318353
5,318103,0
2,318353,0
4,318353,0
6,318353,0
1,318478,0
3,318478,0
0,318603,1,318728
3,318603,1,318728
5,318603,0
6,318603,1,318978
4,318728,0
0,318853,0
2,318853,1,318978
3,318853,0
5,318853,1,318978
1,319103,0
3,319103,1,319353
5,319103,0
6,319103,1,319353
0,319353,0
2,319353,0
4,319353,0
3,319478,0
5,319478,0
1,319603,0
4,319603,0
6,319603,0
2,319853,0
2,319978,1,320228
0,320103,1,321228
4,320228,0
2,320353,1,320478
4,320478,1,320603
6,320603,1,320728
3,320728,1,320853
5,320853,1,320978
2,320978,1,321103
4,321103,1,321228
1,321228,1,321353
3,321353,0
3,321478,0
0,321603,1,322103
2,321603,1,322103
4,321603,1,322103
6,321603,1,322103
0,326103,0
2,326103,0
3,326165,0
4,326228,0
6,326228,0
2,326290,0
0,326353,0
1,326353,0
3,326415,0
5,326478,0
6,326478,0
4,326540,0
0,326603,0
2,326603,0
3,326665,0
4,326728,0
6,326728,0
2,326790,0
0,326853,0
1,326853,0
3,326915,0
5,326978,0
6,326978,0
4,327040,0
0,327103,0
2,327103,0
3,327165,0
4,327228,0
6,327228,0
2,327290,0
0,327353,0
1,327353,0
3,327415,0
5,327478,0
6,327478,0
4,327540,0
0,327603,0
2,327603,0
3,327665,0
4,327728,0
6,327728,0
2,327790,0
0,327853,0
1,327853,0
3,327915,0
5,327978,0
6,327978,0
4,328040,0
0,328103,0
1,328134,0
2,328165,0
3,328196,0
6,328228,0
5,328259,0
4,328290,0
3,328321,0
2,328353,0
1,328384,0
0,328415,0
3,328446,0
4,328478,0
5,328509,0
6,328540,0
0,328571,0
1,328603,0
2,328634,0
3,328665,0
4,328696,0
5,328728,0
6,328759,0
3,328790,0
2,328821,0
1,328853,0
0,328884,0
6,328915,0
5,328946,0
4,328978,0
3,329009,0
2,329040,0
1,329071,0
0,329103,0
3,329134,0
4,329165,0
5,329196,0
6,329228,0
0,329259,0
1,329290,0
2,329321,0
3,329353,0
4,329384,0
5,329415,0
6,329446,0
0,329478,0
1,329509,0
2,329540,0
3,329571,0
6,329603,0
5,329634,0
4,329665,0
3,329696,0
2,329728,0
1,329759,0
0,329790,0
3,329821,0
4,329853,0
5,329884,0
6,329915,0
0,329946,0
1,329978,0
2,330009,0
3,330040,0
4,330071,0
0,330103,1,330853
1,330103,1,330853
5,330103,0
6,330103,1,330853
