0,2400,1,3300
1,2400,1,2700
2,2550,0
3,2700,0
1,2850,1,3150
2,3000,1,3300
3,3150,1,3600
1,3300,0
2,3450,1,3600
0,3600,1,4200
1,3600,1,3900
2,3750,0
3,3900,0
2,4050,1,4350
1,4200,1,4500
0,4350,1,4500
2,4500,1,4800
3,4650,1,4800
0,4800,1,5100
1,4800,1,5100
2,4950,1,5250
3,5100,1,5400
1,5250,1,5550
2,5400,1,5700
0,5400,1,5550
3,5550,1,5700
1,5700,1,6000
0,5850,1,6000
3,6000,1,6600
2,6000,1,6300
1,6150,0
0,6300,0
2,6450,1,6600
0,6600,0
1,6675,0
2,6750,0
0,6750,0
1,6825,0
3,6825,0
2,6900,0
3,6975,0
0,7050,0
1,7087,0
2,7125,0
3,7162,0
0,7200,1,7425
1,7200,1,7425
2,7275,1,7500
3,7350,1,7500
0,7500,0
1,7500,0
2,7650,1,7875
3,7650,1,7875
1,7725,1,7950
0,7800,1,7950
2,7950,0
3,7950,0
0,8100,1,8925
1,8100,1,8400
2,8100,1,8400
3,8100,1,9000
1,8700,1,9000
2,8700,1,9000
0,9000,1,9100
1,9050,1,9150
3,9100,1,9200
2,9150,1,9250
1,9200,1,9300
0,9250,1,9350
2,9300,1,9400
3,9350,1,9450
1,9400,1,9500
2,9450,1,9550
0,9500,1,9600
1,9550,1,9600
3,9600,1,9825
2,9600,1,9825
1,9675,1,9900
0,9750,1,9900
2,9900,0
3,9900,0
0,10050,1,10275
1,10050,1,10275
2,10125,1,10350
3,10200,1,10350
0,10350,0
1,10350,0
0,10500,1,10800
1,10500,1,10800
2,10500,0
3,10500,0
3,10800,0
2,10800,0
2,10875,0
3,10875,0
1,10950,0
0,10950,0
0,11100,0
1,11100,0
0,11175,0
1,11175,0
2,11250,0
3,11250,0
2,11400,0
3,11400,0
3,11475,0
2,11475,0
1,11550,0
0,11550,0
0,11700,0
1,11700,0
2,11775,0
3,11775,0
1,11850,0
0,11850,0
2,11925,0
3,11925,0
0,12000,0
1,12037,0
2,12150,0
3,12187,0
1,12300,0
2,12337,0
0,12450,0
1,12487,0
3,12600,0
2,12637,0
1,12750,0
0,12787,0
2,12900,0
1,12937,0
0,13200,0
1,13237,0
2,13350,0
3,13387,0
1,13500,0
2,13537,0
0,13650,0
1,13687,0
3,13800,0
2,13837,0
1,13950,0
0,13987,0
2,14100,0
3,14137,0
0,14400,0
1,14437,0
3,14550,0
2,14587,0
1,14700,0
2,14737,0
0,14850,0
1,14887,0
2,15000,0
3,15037,0
1,15150,0
0,15187,0
1,15300,0
2,15337,0
0,15600,0
1,15637,0
2,15750,0
3,15787,0
0,15900,0
1,15937,0
2,16050,0
1,16087,0
3,16200,0
2,16237,0
1,16350,0
0,16387,0
3,16500,0
2,16537,0
1,16650,0
0,16687,0
3,16800,0
2,16837,0
0,16950,0
1,16987,0
0,17100,0
3,17100,0
1,17100,0
2,17137,0
1,17250,0
0,17287,0
2,17400,0
3,17437,0
1,17550,0
2,17587,0
0,17700,0
3,17700,0
2,17700,0
1,17737,0
0,18000,0
1,18037,0
3,18150,0
2,18187,0
0,18300,0
3,18300,0
2,18300,0
1,18337,0
1,18450,0
0,18487,0
2,18600,0
3,18637,0
1,18750,0
2,18787,0
0,18900,0
2,18900,0
3,18900,0
1,18937,0
0,19200,0
1,19237,0
1,19350,0
2,19387,0
0,19500,0
2,19500,0
3,19500,0
1,19537,0
3,19650,0
2,19687,0
1,19800,0
0,19837,0
2,19950,0
1,19987,0
0,20100,0
1,20100,0
3,20100,0
2,20137,0
0,20400,0
1,20437,0
2,20550,0
3,20587,0
0,20700,0
2,20700,0
3,20700,0
1,20737,0
3,20850,0
2,20887,0
0,20925,0
1,20925,0
3,21000,0
2,21037,0
0,21075,0
1,21075,0
2,21150,0
1,21187,0
2,21300,0
3,21300,0
0,21300,0
1,21337,0
0,21450,0
1,21487,0
2,21525,0
3,21562,0
0,21600,0
1,21600,0
2,21675,0
3,21750,0
1,21825,0
2,21900,0
3,21900,0
0,21900,0
1,21975,0
2,22050,0
3,22125,0
0,22200,0
1,22200,0
2,22200,0
3,22275,0
1,22350,0
2,22425,0
0,22500,0
1,22500,0
3,22500,0
2,22575,0
1,22650,0
3,22725,0
2,22800,0
1,22800,0
0,22800,0
3,22875,0
0,22950,0
2,23025,0
1,23100,0
0,23100,0
3,23100,0
2,23175,0
1,23250,0
3,23325,0
2,23400,0
1,23400,0
0,23400,0
3,23475,0
1,23550,0
2,23625,0
0,23700,0
1,23700,0
3,23700,0
2,23775,0
0,23850,0
1,23925,0
2,24000,0
3,24000,0
0,24000,0
1,24075,0
2,24150,0
3,24225,0
2,24300,0
0,24300,0
1,24300,0
3,24375,0
1,24450,0
2,24525,0
1,24600,0
0,24600,0
3,24600,0
2,24675,0
1,24750,0
0,24825,0
2,24900,0
3,24900,0
1,24900,0
0,24975,0
2,25050,0
1,25125,0
0,25200,0
2,25200,0
3,25200,0
1,25275,0
0,25350,0
3,25425,0
1,25500,0
0,25500,0
2,25575,0
1,25650,0
0,25650,0
2,25725,0
3,25725,0
1,25800,0
0,25800,0
3,25875,0
2,25950,0
1,26025,0
0,26100,0
2,26100,0
3,26100,0
2,26250,0
3,26250,0
1,26250,0
0,26400,0
1,26400,0
2,26400,0
3,26475,0
1,26550,0
2,26625,0
0,26700,0
1,26775,0
0,26850,0
2,26925,0
3,27000,0
1,27000,0
0,27000,0
2,27075,0
3,27150,0
1,27225,0
2,27300,0
0,27375,0
1,27450,0
2,27525,0
0,27600,0
1,27600,0
3,27600,0
2,27675,0
0,27750,0
1,27825,0
2,27900,0
1,27975,0
3,28050,0
2,28125,0
1,28200,0
0,28200,0
3,28200,0
2,28275,0
1,28350,0
0,28425,0
3,28500,0
2,28575,0
0,28650,0
1,28725,0
0,28800,1,28875
2,28800,1,28875
3,28800,1,28875
0,28950,1,29025
1,28950,1,29025
1,29100,1,29175
2,29100,1,29175
3,29100,1,29175
0,29250,1,29325
3,29250,1,29325
0,29400,1,29475
2,29400,1,29475
3,29400,1,29475
1,29550,1,29625
2,29550,1,29625
3,29700,1,29850
2,29700,1,29850
1,29700,1,29850
0,29700,1,29850
0,30000,1,30075
1,30000,1,30075
2,30150,1,30225
1,30150,1,30225
3,30300,1,30375
2,30300,1,30375
0,30300,1,30375
2,30450,1,30525
1,30450,1,30525
0,30600,1,30675
1,30600,1,30675
0,30750,1,30825
1,30750,1,30825
2,30750,1,30825
0,30900,1,31050
1,30900,1,31050
2,30900,1,31050
3,30900,1,31050
0,31200,0
1,31200,0
2,31275,0
3,31350,0
0,31425,0
1,31500,0
2,31500,0
3,31575,0
0,31650,0
1,31725,0
2,31800,0
3,31800,0
1,31875,0
2,31950,0
0,32025,0
1,32100,0
2,32100,0
3,32175,0
0,32250,0
1,32325,0
3,32400,1,32500
0,32400,0
2,32450,1,32550
1,32500,1,32600
0,32550,1,32650
2,32600,1,32700
3,32650,1,32750
1,32700,1,32800
2,32750,1,32850
0,32800,1,32900
1,32850,1,32950
2,32900,1,33000
3,32950,1,33050
1,33000,1,33100
0,33050,1,33150
2,33100,1,33200
1,33150,1,33250
3,33200,1,33300
2,33250,1,33350
0,33300,1,33400
1,33350,1,33450
2,33400,1,33500
3,33450,1,33550
0,33500,1,33600
1,33550,1,33600
2,33600,0
3,33600,0
1,33675,0
2,33750,0
0,33825,0
1,33900,0
2,33900,0
3,33975,0
0,34050,0
3,34125,0
2,34200,0
1,34200,0
0,34275,0
3,34350,0
2,34425,0
1,34500,0
0,34500,0
3,34575,0
2,34650,0
1,34725,0
3,34800,1,34900
0,34800,0
2,34850,1,34950
0,34900,1,35000
1,34950,1,35050
2,35000,1,35100
3,35050,1,35150
1,35100,1,35200
0,35150,1,35250
2,35200,1,35300
3,35250,1,35350
0,35300,1,35400
1,35350,1,35450
2,35400,1,35500
3,35450,1,35550
1,35500,1,35600
2,35550,1,35650
0,35600,1,35700
1,35650,1,35750
2,35700,1,35800
0,35750,1,35850
1,35800,1,35850
3,35850,0
2,35850,0
0,35900,0
1,35950,0
2,36000,0
3,36000,0
1,36075,0
2,36150,0
0,36225,0
1,36300,0
2,36300,0
3,36300,0
0,36375,0
3,36450,0
2,36525,0
1,36600,0
0,36600,0
2,36675,0
1,36750,0
0,36825,0
1,36900,0
2,36900,0
3,36900,0
0,36975,0
2,37050,0
1,37125,0
3,37200,0
0,37200,1,37300
1,37250,1,37350
3,37300,1,37400
2,37350,1,37450
1,37400,1,37500
0,37450,1,37500
2,37500,0
3,37500,0
1,37600,1,37700
0,37650,1,37750
2,37700,1,37800
1,37750,1,37850
3,37800,1,37900
0,37800,0
2,37850,1,37950
1,37900,1,38000
0,37950,1,38050
2,38000,1,38100
3,38050,1,38150
0,38100,0
1,38100,1,38200
2,38150,1,38250
0,38200,1,38300
1,38250,1,38350
2,38300,1,38400
3,38350,1,38400
0,38400,0
1,38437,0
3,38475,0
1,38550,0
2,38587,0
0,38625,0
2,38700,0
3,38737,0
1,38775,0
0,38850,0
1,38887,0
3,39000,0
2,39037,0
0,39075,0
1,39150,0
0,39187,0
2,39225,0
3,39300,0
2,39337,0
1,39450,0
0,39600,1,39700
1,39600,0
3,39650,1,39750
1,39700,1,39800
2,39750,1,39850
3,39800,1,39900
0,39850,1,39950
1,39900,1,40000
2,39900,0
3,39950,1,40050
2,40000,1,40100
1,40050,1,40150
0,40100,1,40200
3,40150,1,40200
1,40200,0
2,40200,1,40275
0,40350,0
3,40350,0
1,40387,0
1,40500,0
0,40500,0
2,40537,0
2,40650,0
1,40650,0
3,40687,0
0,40800,1,41100
1,40800,0
2,40875,0
3,40950,0
1,41025,0
2,41100,0
3,41100,0
1,41175,0
0,41175,0
2,41250,0
3,41250,0
0,41400,0
1,41400,0
3,41475,0
1,41550,0
2,41550,0
0,41625,0
2,41700,0
3,41700,1,42000
0,41775,0
1,41850,0
2,41925,0
0,42000,1,42300
1,42000,1,42100
2,42050,1,42150
3,42100,1,42200
1,42150,1,42250
2,42200,1,42300
3,42300,1,42600
1,42300,1,42400
2,42350,1,42450
0,42400,1,42500
1,42450,1,42550
2,42500,1,42600
0,42600,1,42900
1,42600,1,42700
2,42650,1,42750
3,42700,1,42800
1,42750,1,42850
2,42800,1,42900
3,42900,1,43200
1,42900,1,43000
2,42950,1,43050
0,43000,1,43100
1,43050,1,43150
2,43100,1,43200
0,43200,1,43500
1,43200,0
2,43275,0
3,43350,0
1,43425,0
3,43500,0
2,43500,0
2,43575,0
3,43575,0
0,43650,0
1,43650,0
3,43725,0
0,43800,0
1,43800,0
0,43875,0
1,43875,0
2,43950,0
3,43950,0
0,44025,0
2,44100,0
3,44100,0
3,44175,0
2,44175,0
1,44250,0
0,44250,0
1,44400,1,44700
0,44400,1,44500
2,44450,1,44550
3,44500,1,44600
0,44550,1,44650
2,44600,1,44700
3,44700,1,45000
0,44700,1,44800
1,44750,1,44850
2,44800,1,44900
0,44850,1,44950
1,44900,1,45000
2,45000,1,45300
0,45000,1,45100
3,45050,1,45150
1,45100,1,45200
0,45150,1,45250
3,45200,1,45300
1,45300,1,45450
0,45350,1,45450
2,45450,0
3,45450,0
0,45525,0
1,45525,0
2,45600,0
3,45600,1,45900
1,45675,0
0,45750,0
2,45825,0
0,45900,0
1,45900,0
2,45975,0
3,45975,0
1,46050,0
0,46050,0
1,46200,0
0,46200,0
3,46275,0
1,46350,0
2,46350,0
0,46425,0
2,46500,0
3,46500,1,46800
0,46575,0
1,46650,0
2,46725,0
0,46800,0
1,46800,0
2,46875,0
3,46875,0
1,46950,0
0,46950,0
2,47025,0
3,47025,0
1,47100,1,47200
0,47100,1,47200
2,47150,1,47250
3,47200,1,47300
1,47250,1,47350
0,47300,1,47400
2,47350,1,47450
1,47400,1,47500
3,47450,1,47550
2,47500,1,47600
1,47550,1,47650
0,47600,1,47700
2,47700,0
3,47700,0
0,47775,0
2,47850,0
3,47850,0
0,47925,0
1,47925,0
2,48000,1,48075
3,48000,1,48075
0,48150,0
1,48187,0
2,48225,0
3,48262,0
1,48300,1,48375
0,48300,1,48375
3,48450,0
2,48487,0
1,48525,0
0,48562,0
3,48600,0
2,48600,0
0,48750,0
2,48750,0
3,48750,0
1,48787,0
2,48825,0
3,48862,0
1,48900,0
0,48900,0
3,49050,0
1,49050,0
0,49050,0
2,49087,0
1,49125,0
0,49162,0
3,49200,1,49275
2,49237,1,49312
0,49350,1,49425
1,49387,1,49462
2,49500,1,49575
3,49537,1,49612
1,49650,1,49725
2,49687,1,49762
0,49800,0
1,49800,0
2,49875,0
3,49875,0
1,49950,0
0,49950,0
2,50025,0
3,50025,0
1,50100,0
0,50100,0
2,50175,0
3,50175,0
1,50250,0
0,50250,0
2,50325,0
3,50325,0
1,50400,0
0,50400,1,50700
2,50475,0
3,50550,0
1,50625,0
2,50700,0
3,50700,0
0,50775,0
3,50850,0
1,50850,0
2,50925,0
1,51000,0
0,51000,0
2,51075,0
3,51150,1,51450
0,51150,0
1,51225,0
2,51300,0
0,51300,0
1,51375,0
2,51450,0
0,51525,0
1,51525,0
2,51600,0
3,51600,0
1,51675,0
0,51750,1,52050
3,51750,0
2,51825,0
1,51900,0
3,51900,0
2,51975,0
1,52050,0
0,52125,0
2,52200,0
3,52200,0
1,52275,0
3,52350,1,52650
0,52350,0
2,52425,0
1,52500,0
0,52500,0
2,52575,0
1,52650,0
0,52725,0
2,52800,0
3,52800,0
1,52875,0
0,52950,1,53250
3,52950,0
2,53025,0
1,53100,0
3,53100,0
2,53175,0
3,53250,0
1,53325,0
2,53400,0
3,53400,0
0,53475,0
1,53550,1,53850
2,53550,0
3,53625,0
2,53700,0
0,53700,0
3,53775,0
2,53850,0
0,53925,0
2,54000,0
3,54000,0
0,54075,0
3,54150,1,54450
2,54150,0
1,54225,0
2,54300,0
0,54300,0
1,54375,0
2,54450,0
3,54525,0
1,54600,1,54750
0,54600,1,54750
2,54675,1,54825
3,54750,1,54825
0,54825,1,54975
3,54900,1,55050
1,54900,1,54975
2,54975,1,55050
0,55050,0
1,55087,0
2,55125,0
3,55162,0
0,55200,1,55500
1,55200,0
3,55275,0
2,55350,0
1,55425,0
2,55500,0
3,55500,0
1,55575,0
0,55650,0
3,55725,0
1,55800,0
0,55800,0
2,55875,0
3,55950,0
0,56025,0
1,56100,0
2,56100,0
2,56250,0
3,56250,0
0,56400,1,56700
1,56400,0
3,56475,0
1,56550,0
3,56625,0
2,56700,0
1,56700,1,57000
0,56775,0
3,56850,0
0,56925,0
2,57000,1,57300
3,57000,0
1,57075,0
3,57150,0
1,57225,0
3,57300,1,57600
0,57300,0
2,57375,0
0,57450,0
2,57525,0
1,57600,0
0,57600,0
2,57675,0
3,57750,0
0,57825,0
1,57900,0
2,57900,0
3,57975,0
1,58050,0
0,58125,0
3,58200,0
2,58200,0
1,58275,0
2,58350,0
3,58425,0
1,58500,0
0,58500,0
1,58650,0
2,58650,0
2,58800,0
3,58800,0
3,58875,0
2,58875,0
0,58950,0
1,58950,0
1,59100,0
0,59100,0
1,59175,0
0,59175,0
2,59250,0
3,59250,0
2,59400,0
3,59400,0
3,59475,0
2,59475,0
1,59550,0
0,59550,0
2,59700,0
1,59775,0
2,59850,0
1,59925,0
2,60000,0
3,60000,1,60300
0,60075,0
2,60150,0
1,60225,0
2,60300,0
0,60300,0
1,60375,0
3,60450,0
2,60525,0
1,60600,0
0,60600,0
2,60675,0
3,60750,1,61050
0,60750,0
1,60825,0
2,60900,0
0,60900,0
1,60975,0
2,61050,0
0,61125,0
2,61200,0
1,61200,0
3,61275,0
0,61350,1,61650
2,61350,0
3,61425,0
1,61500,0
2,61500,0
3,61575,0
1,61650,0
0,61725,0
2,61800,0
3,61800,0
1,61875,0
3,61950,1,62175
0,61950,0
2,62025,0
1,62100,0
0,62100,0
2,62175,0
0,62250,0
1,62250,0
2,62325,0
3,62325,0
0,62400,0
1,62400,0
2,62475,0
0,62550,1,62850
3,62550,0
2,62625,0
1,62700,0
3,62700,0
2,62775,0
3,62850,0
1,62925,0
2,63000,0
3,63000,0
0,63075,0
2,63150,1,63450
1,63150,0
3,63225,0
0,63300,0
1,63300,0
3,63375,0
1,63450,0
0,63525,0
2,63600,0
3,63600,0
0,63675,0
3,63750,1,64050
2,63750,0
1,63825,0
2,63900,0
0,63900,0
1,63975,0
2,64050,0
3,64125,0
0,64200,0
1,64237,0
2,64275,0
3,64312,0
0,64350,0
1,64350,0
3,64500,0
2,64500,0
1,64500,0
0,64500,0
0,64650,0
1,64650,0
2,64725,0
3,64725,0
0,64800,1,65050
1,64800,0
1,64950,1,65050
2,65000,1,65100
3,65050,1,65100
1,65100,0
0,65100,0
0,65250,0
1,65250,0
3,65325,0
2,65400,0
0,65400,0
1,65475,0
3,65475,0
2,65550,0
0,65550,0
3,65625,0
1,65700,0
0,65700,0
2,65850,0
3,65850,0
1,66000,0
0,66000,0
2,66000,0
0,66150,1,66300
1,66200,1,66300
2,66250,1,66300
3,66300,0
2,66450,0
3,66450,0
1,66525,0
0,66600,0
3,66600,0
1,66675,0
2,66750,0
3,66750,0
2,66900,0
3,66900,0
1,66900,0
0,66900,0
2,67050,0
3,67050,0
0,67050,0
1,67087,0
2,67125,0
3,67162,0
1,67200,0
0,67200,0
3,67350,1,67500
2,67400,1,67500
1,67450,1,67500
0,67500,0
0,67650,1,67800
1,67700,1,67800
2,67750,1,67800
3,67800,0
2,67900,0
3,67900,0
2,68000,0
1,68000,0
3,68100,0
2,68100,0
0,68100,0
1,68100,0
0,68200,0
1,68200,0
3,68300,0
2,68300,0
3,68400,0
0,68475,0
1,68550,0
3,68625,0
2,68700,0
3,68775,1,69000
0,68775,0
2,68850,1,69000
1,68850,0
1,69000,0
0,69075,1,69300
1,69150,1,69300
3,69150,0
2,69225,0
3,69300,1,69400
2,69350,1,69450
1,69400,1,69500
0,69450,1,69550
2,69500,1,69600
1,69550,1,69600
0,69600,0
3,69600,1,70500
2,70200,1,71700
0,70800,1,71700
3,70800,1,71700
0,71900,0
1,71950,0
3,72000,1,73125
2,72000,0
0,72600,1,73125
2,72600,1,73125
0,73200,0
2,73200,1,74325
3,73200,1,74325
0,74400,1,75000
3,74400,0
1,74400,1,75300
2,75000,1,75900
3,75000,1,75600
0,75600,1,76200
1,75600,1,76500
3,76200,0
2,76200,1,76800
3,76800,1,77400
0,76800,1,77325
2,77400,1,77850
0,77400,1,78000
1,77700,1,78000
2,78000,0
3,78000,1,79200
2,78600,1,79200
0,79200,1,80100
1,79200,1,79500
2,79350,1,79500
3,79500,1,79800
2,79650,1,79950
1,79800,1,80025
3,79950,1,80100
2,80025,1,80175
1,80100,1,80325
0,80175,1,80325
2,80250,1,80400
3,80325,1,80400
0,80400,1,80775
1,80400,1,80625
2,80550,1,80700
3,80625,1,80775
1,80700,1,80850
2,80775,1,80925
0,80850,1,81000
1,80925,1,81075
2,81000,1,81150
3,81000,1,81225
1,81150,1,81300
2,81225,1,81375
3,81300,1,81450
0,81375,1,81525
1,81450,1,81600
2,81525,1,81600
3,81600,1,81825
0,81600,1,81750
2,81675,1,81825
1,81750,1,81900
0,81825,1,81975
3,81900,1,82050
2,81975,1,82125
1,82050,1,82200
0,82125,1,82200
3,82200,1,82500
2,82200,1,82350
1,82275,1,82425
0,82350,1,82500
2,82425,1,82575
1,82500,1,82650
3,82575,1,82725
2,82650,1,82800
1,82725,1,82800
3,82800,1,83700
0,82800,0
1,82875,1,83025
0,82950,1,83100
2,83025,1,83175
1,83100,1,83250
0,83175,1,83325
2,83250,1,83400
1,83325,1,83400
0,83400,1,83550
1,83475,1,83625
2,83550,1,83700
0,83700,0
1,83700,0
1,83800,0
2,83800,0
3,83800,0
2,83900,0
3,83900,0
0,84000,1,84600
1,84000,1,84300
2,84150,1,84375
3,84300,1,84450
2,84450,1,84750
3,84600,1,85200
1,84600,1,84825
0,84750,1,84900
2,84900,1,85050
1,85050,1,85275
0,85200,1,85800
2,85200,1,85425
3,85350,1,85500
1,85500,1,85650
2,85575,1,85725
3,85650,1,85800
1,85725,1,85875
2,85800,1,86400
3,85875,1,86025
1,85950,1,86100
0,86025,1,86175
3,86100,1,86250
1,86175,1,86325
0,86250,1,86400
3,86325,1,86400
1,86400,1,87000
0,86550,1,86700
2,86700,1,86850
3,86850,1,87000
0,87000,1,87600
2,87000,1,87300
3,87150,1,87300
1,87300,1,87600
2,87450,1,87600
3,87600,0
0,87675,0
1,87675,0
2,87750,0
3,87750,0
1,87825,0
0,87825,0
2,87900,0
3,87900,0
1,87975,0
0,87975,0
2,88050,0
3,88050,0
1,88125,0
0,88125,0
3,88200,1,88275
2,88237,1,88312
1,88275,1,88350
0,88312,1,88387
3,88350,1,88500
2,88425,1,88500
0,88500,1,88575
1,88537,1,88612
2,88575,1,88650
3,88612,1,88687
0,88650,1,88800
1,88725,1,88800
3,88800,1,88875
2,88837,1,88912
1,88875,1,88950
0,88912,1,89025
3,88950,1,89025
1,89025,0
2,89025,0
0,89250,1,89325
3,89250,0
1,89287,1,89362
2,89325,1,89400
3,89362,1,89550
0,89400,1,89475
1,89437,1,89512
2,89475,1,89550
0,89550,0
1,89550,0
3,89700,1,89775
0,89700,0
2,89737,1,89812
1,89775,1,89850
0,89812,1,90000
3,89850,1,89925
2,89887,1,89962
1,89925,1,90000
2,90000,0
3,90000,0
1,90150,0
2,90150,0
0,90300,0
1,90300,0
2,90450,0
3,90450,0
0,90525,0
1,90600,0
2,90600,0
3,90675,0
1,90750,0
0,90750,0
2,90825,0
1,90900,0
3,90900,0
0,90975,0
3,91050,0
2,91050,0
1,91125,0
0,91200,1,91275
1,91237,1,91312
2,91275,1,91350
3,91312,1,91425
0,91350,1,91425
2,91425,0
1,91425,0
3,91650,1,91725
0,91650,0
2,91687,1,91762
1,91725,1,91800
0,91762,1,91950
3,91800,1,91875
2,91837,1,91912
1,91875,1,91950
3,91950,0
2,91950,0
0,92100,1,92175
3,92100,0
1,92137,1,92212
2,92175,1,92250
3,92212,1,92400
0,92250,1,92325
1,92287,1,92362
2,92325,1,92400
1,92400,0
0,92400,0
1,92550,0
2,92550,0
3,92625,0
0,92700,0
1,92700,0
2,92775,0
1,92850,0
3,92850,0
0,92925,0
2,93000,0
3,93000,0
1,93075,0
0,93075,0
2,93150,0
3,93150,0
1,93225,0
0,93225,0
3,93300,0
2,93300,0
1,93337,0
0,93375,0
3,93412,0
2,93450,0
1,93487,0
0,93525,0
3,93600,1,93675
2,93637,1,93712
1,93675,1,93750
0,93712,1,93825
3,93750,1,93825
1,93825,0
2,93825,0
0,94050,1,94125
3,94050,0
1,94087,1,94162
2,94125,1,94200
3,94162,1,94350
0,94200,1,94275
1,94237,1,94312
2,94275,1,94350
0,94350,0
1,94350,0
3,94500,1,94575
0,94500,0
2,94537,1,94612
1,94575,1,94650
0,94612,1,94800
3,94650,1,94725
2,94687,1,94762
1,94725,1,94800
2,94800,0
3,94800,0
0,94875,0
1,94950,0
2,94950,0
3,95025,0
0,95100,0
1,95100,0
2,95250,0
3,95250,0
0,95325,0
2,95400,0
1,95400,0
3,95475,0
1,95550,0
0,95550,0
2,95625,0
3,95700,0
2,95737,0
1,95775,0
0,95812,0
3,95850,0
2,95850,0
0,96000,1,96075
1,96037,1,96112
2,96075,1,96150
3,96112,1,96225
0,96150,1,96225
2,96225,0
1,96225,0
3,96450,1,96525
0,96450,0
2,96487,1,96562
1,96525,1,96600
0,96562,1,96750
3,96600,1,96675
2,96637,1,96712
1,96675,1,96750
3,96750,0
2,96750,0
0,96900,1,96975
3,96900,0
1,96937,1,97012
2,96975,1,97050
3,97012,1,97200
0,97050,1,97125
1,97087,1,97162
2,97125,1,97200
1,97200,0
0,97200,0
1,97300,0
2,97300,0
2,97400,0
3,97400,0
0,97500,0
1,97500,0
0,97600,0
1,97600,0
2,97600,0
2,97700,0
3,97700,0
1,97700,0
3,97800,0
2,97800,0
1,97875,0
2,97950,0
0,97950,0
3,98025,0
1,98100,0
2,98100,0
0,98175,0
3,98250,0
2,98250,0
1,98325,0
2,98400,0
3,98400,1,98550
0,98400,0
0,98550,1,98700
1,98700,0
2,98775,0
3,98775,0
0,98850,0
1,98850,1,99000
2,99000,0
3,99000,0
2,99150,1,99300
3,99150,0
0,99150,0
1,99300,0
0,99300,0
2,99375,0
3,99375,0
0,99450,1,99600
1,99450,0
2,99600,1,99750
3,99600,0
1,99600,0
3,99750,1,99900
0,99750,0
1,99900,0
0,99900,0
2,99975,0
3,99975,0
1,100050,0
0,100050,0
2,100125,0
3,100125,0
0,100200,1,100350
1,100200,0
3,100350,1,100500
2,100500,0
0,100575,0
1,100575,0
3,100650,0
2,100650,1,100800
0,100800,1,100950
1,100800,0
3,100800,0
2,100875,0
3,100950,1,101100
2,101100,0
1,101175,0
0,101175,0
3,101250,0
2,101250,1,101400
0,101400,0
1,101400,0
1,101550,1,101700
0,101550,0
2,101700,0
3,101700,0
1,101775,0
0,101775,0
3,101850,1,102000
2,101850,0
0,102000,1,102150
1,102000,0
2,102000,0
3,102150,1,102300
2,102300,0
1,102375,0
0,102375,0
3,102450,0
2,102450,1,102600
0,102600,0
3,102600,0
0,102750,1,102900
3,102900,0
2,102900,0
1,102900,0
2,103050,0
3,103050,0
0,103050,0
3,103200,0
0,103200,1,103350
2,103200,0
1,103200,0
0,103425,0
1,103425,0
2,103500,1,103650
3,103500,0
0,103650,0
1,103650,0
0,103800,0
1,103800,1,103950
2,103800,0
3,103800,0
0,104025,0
1,104025,0
2,104100,0
3,104100,1,104250
1,104250,0
0,104250,0
1,104400,0
0,104400,1,104550
2,104400,0
3,104400,0
0,104625,0
1,104625,0
2,104700,1,104850
3,104700,0
0,104850,0
1,104850,0
0,105000,0
1,105000,1,105150
2,105000,0
3,105000,0
0,105225,0
1,105225,0
2,105300,0
3,105300,1,105450
1,105450,0
0,105450,0
2,105600,0
3,105600,0
1,105600,0
0,105600,0
2,105750,0
3,105750,0
2,105900,0
3,105900,0
3,106050,0
2,106050,0
3,106200,0
2,106200,0
1,106275,0
0,106275,0
2,106350,0
3,106350,0
1,106425,0
0,106425,0
2,106500,0
3,106500,0
1,106575,0
0,106575,0
2,106650,0
3,106650,0
1,106725,0
0,106725,0
0,107100,1,107212
1,107137,1,107250
2,107175,1,107287
3,107212,1,107325
3,107400,1,107512
2,107437,1,107550
1,107475,1,107587
0,107512,1,107625
3,107700,0
0,107700,0
1,107700,0
2,107775,0
1,107850,0
2,107925,0
0,108000,1,108300
1,108000,0
3,108000,0
1,108150,1,108300
3,108300,0
2,108300,0
0,108450,0
3,108450,1,108600
2,108450,0
2,108600,0
1,108600,0
0,108600,0
0,108750,1,108900
1,108750,0
2,108900,0
3,108900,0
1,108900,0
3,109050,1,109350
0,109050,0
2,109200,1,109350
0,109200,0
1,109200,0
1,109350,1,109500
2,109500,0
3,109500,1,109650
0,109500,0
0,109650,1,109800
1,109650,0
1,109800,0
2,109800,0
3,109800,0
1,109950,1,110250
2,109950,0
0,110100,0
2,110100,1,110250
3,110100,0
3,110250,1,110400
2,110400,0
0,110400,1,110700
1,110400,0
1,110550,1,110700
3,110550,0
2,110700,0
3,110700,0
3,110850,1,111000
2,110850,0
0,111000,0
1,111000,0
2,111050,0
3,111100,0
1,111150,0
2,111200,0
3,111250,0
1,111300,0
0,111300,0
3,111350,0
2,111400,0
1,111450,0
0,111500,0
1,111550,0
2,111600,0
3,111600,0
1,111675,0
0,111675,0
3,111750,1,111900
2,111750,1,111900
1,111900,0
0,111900,0
2,111975,0
3,111975,0
1,112050,1,112200
0,112050,1,112200
2,112200,0
3,112200,0
1,112275,0
0,112275,0
2,112350,1,112500
3,112350,1,112500
1,112500,0
0,112500,0
2,112575,0
3,112575,0
1,112650,0
0,112650,0
2,112800,1,113100
1,112800,0
0,112800,0
3,112800,0
1,112950,1,113100
3,113100,0
0,113100,0
2,113250,0
1,113250,1,113400
0,113400,0
2,113400,0
3,113400,0
0,113550,1,113700
1,113550,0
2,113700,0
3,113700,0
1,113700,0
3,113850,1,114150
0,113850,0
1,114000,0
2,114000,1,114150
0,114000,0
1,114150,1,114300
2,114300,0
3,114300,1,114450
0,114300,0
0,114450,1,114600
2,114450,0
3,114600,0
1,114600,0
2,114600,0
1,114750,1,115050
2,114750,0
2,114900,0
0,114900,1,115050
3,114900,0
3,115050,1,115200
0,115200,1,115500
1,115200,0
2,115200,0
1,115350,1,115500
3,115350,0
2,115500,0
3,115500,0
3,115650,1,115800
0,115650,0
0,115800,0
2,115800,0
1,115850,0
0,115900,0
3,115950,0
2,116000,0
1,116050,0
0,116100,0
2,116100,0
1,116150,0
3,116200,0
2,116250,0
1,116300,0
0,116350,0
2,116400,0
3,116400,0
1,116475,0
0,116475,0
3,116550,1,116700
2,116550,1,116700
1,116700,0
0,116700,0
2,116775,0
3,116775,0
1,116850,1,117000
0,116850,1,117000
2,117000,0
3,117000,0
1,117075,0
0,117075,0
2,117150,1,117300
3,117150,1,117300
1,117300,0
0,117300,0
0,117450,0
3,117450,0
2,117450,0
1,117487,0
2,117525,0
3,117562,0
0,117600,1,117850
1,117600,0
1,117750,1,117850
2,117800,1,117900
3,117850,1,117900
0,117900,0
1,117900,0
3,118050,1,118200
2,118050,0
0,118050,0
0,118200,1,118425
2,118200,0
1,118275,1,118500
2,118350,1,118500
3,118350,0
0,118500,0
3,118500,1,118750
2,118650,1,118800
0,118650,0
1,118700,1,118800
3,118800,0
0,118800,1,118950
2,118950,1,119100
3,118950,0
1,119025,1,119100
0,119100,0
3,119100,1,119250
1,119250,1,119400
2,119250,0
0,119400,0
3,119400,1,119475
2,119437,1,119512
1,119475,1,119550
0,119512,1,119587
3,119550,0
2,119625,0
0,119700,1,119775
3,119700,0
1,119737,1,119812
2,119775,1,119850
3,119812,1,119887
0,119850,1,120000
1,119925,1,120000
3,120000,1,120250
2,120000,0
2,120150,1,120250
1,120200,1,120300
0,120250,1,120300
3,120300,0
2,120300,0
0,120450,1,120600
1,120450,0
3,120450,0
3,120600,1,120825
1,120600,0
2,120675,1,120900
1,120750,1,120900
0,120750,0
3,120900,0
0,120900,1,121150
1,121050,1,121200
3,121050,0
2,121100,1,121200
0,121200,0
3,121200,1,121350
1,121350,1,121500
0,121350,0
2,121425,1,121500
3,121500,0
0,121500,1,121650
2,121650,1,121800
1,121650,0
3,121800,0
0,121800,1,121875
1,121837,1,121912
2,121875,1,121950
3,121912,1,121987
0,121950,0
1,122025,0
3,122100,1,122175
0,122100,0
2,122137,1,122212
1,122175,1,122250
0,122212,1,122287
3,122250,0
2,122250,0
0,122400,1,122650
1,122400,0
2,122400,0
3,122400,0
1,122550,1,122650
2,122600,1,122700
3,122650,1,122700
0,122700,0
1,122700,0
3,122850,1,123000
2,122850,0
0,122850,0
2,123000,0
0,123000,1,123225
1,123075,1,123300
2,123150,1,123300
3,123150,0
0,123300,0
3,123300,1,123550
2,123450,1,123600
0,123450,0
1,123500,1,123600
3,123600,0
0,123600,1,123750
3,123750,0
2,123750,0
1,123750,1,123900
0,123900,0
3,123900,1,124050
2,123900,0
1,124050,1,124200
2,124050,0
0,124200,0
3,124200,1,124275
2,124275,1,124350
1,124350,1,124425
2,124425,0
3,124425,0
1,124500,0
0,124500,0
0,124650,0
1,124650,0
2,124650,0
1,124800,0
2,124800,0
3,124800,0
0,124800,0
0,124950,1,125025
1,124987,1,125062
2,125025,1,125100
3,125062,1,125100
0,125100,0
1,125100,0
3,125250,1,125325
2,125287,1,125362
1,125325,1,125400
0,125362,1,125400
2,125400,0
3,125400,0
0,125475,1,125550
2,125550,0
3,125550,0
0,125700,0
1,125700,0
2,125700,0
3,125700,0
3,125850,0
2,125887,0
0,125925,0
1,125962,0
2,126000,0
3,126000,1,126150
0,126075,1,126225
1,126150,1,126300
3,126300,1,126450
2,126300,0
0,126300,0
2,126375,1,126525
1,126450,1,126600
3,126600,1,126750
2,126600,0
0,126600,0
0,126675,1,126825
1,126750,1,126900
0,126900,1,126975
3,126900,1,126975
0,127050,1,127200
3,127050,1,127200
2,127200,0
1,127200,0
0,127275,0
3,127275,0
2,127350,0
1,127350,0
1,127500,0
0,127500,0
3,127500,0
2,127650,0
3,127650,0
0,127650,0
0,127800,1,127950
3,127800,0
1,127875,1,128025
2,127950,1,128100
0,128100,0
1,128100,0
3,128100,1,128250
2,128250,1,128400
0,128250,0
1,128400,0
0,128400,0
3,128400,0
0,128550,0
1,128550,1,128700
2,128700,0
3,128700,0
3,128850,1,129150
2,128850,0
2,129000,1,129150
0,129000,0
1,129075,1,129225
0,129150,1,129300
2,129300,0
3,129300,1,129450
1,129300,0
0,129450,1,129600
1,129450,0
1,129600,0
3,129600,0
2,129675,0
1,129750,1,130050
3,129750,0
0,129900,0
2,129900,1,130050
3,129900,0
3,130050,1,130200
1,130200,0
0,130200,0
2,130250,0
0,130300,0
1,130350,0
3,130400,0
0,130450,0
1,130500,0
2,130500,0
3,130550,0
0,130600,0
2,130650,0
3,130700,0
1,130750,0
0,130800,1,130875
1,130837,1,130912
2,130875,1,130950
3,130912,1,130987
0,130950,0
1,131025,0
3,131100,1,131175
0,131100,0
2,131137,1,131212
1,131175,1,131250
0,131212,1,131287
3,131250,0
2,131325,0
3,131400,0
0,131400,1,131475
1,131437,1,131512
2,131475,1,131550
3,131512,1,131587
0,131550,0
1,131625,0
0,131700,0
3,131700,1,131775
2,131737,1,131812
1,131775,1,131850
0,131812,1,131887
3,131850,0
2,131925,0
0,132000,1,132150
3,132000,0
1,132075,1,132150
3,132150,1,132300
1,132300,0
0,132300,0
2,132300,0
0,132450,1,132675
2,132450,0
3,132600,0
1,132600,1,132750
2,132675,1,132825
3,132750,1,132900
0,132900,1,133050
1,132900,0
2,133050,0
1,133050,1,133200
0,133200,0
2,133200,0
3,133200,0
0,133350,1,133500
2,133350,0
1,133425,1,133500
3,133500,0
2,133500,0
3,133650,1,133875
2,133650,0
0,133800,0
2,133800,1,133950
1,133875,1,133950
0,133950,1,134100
2,134100,0
3,134100,1,134250
1,134100,0
0,134250,1,134400
2,134250,0
3,134400,0
1,134400,0
2,134400,0
0,134550,1,134850
1,134550,0
2,134700,0
3,134700,0
1,134700,1,134850
3,134850,1,135000
0,135000,0
1,135000,0
2,135050,0
3,135100,0
1,135150,0
2,135200,0
0,135250,0
1,135300,0
2,135300,0
3,135350,0
2,135400,0
0,135450,0
1,135500,0
3,135550,0
2,135600,0
0,135600,1,135675
1,135637,1,135712
3,135675,1,135750
2,135712,1,135787
0,135825,0
1,135900,1,135975
3,135900,0
0,135937,1,136012
2,135975,1,136050
3,136012,1,136087
0,136125,0
1,136200,1,136275
2,136237,1,136312
0,136275,1,136425
3,136275,1,136350
1,136350,1,136500
2,136500,0
3,136500,0
0,136575,0
1,136575,0
2,136650,0
3,136650,0
1,136725,0
0,136725,0
3,136800,1,136950
2,136800,1,136950
1,136950,1,137100
0,137025,1,137175
2,137100,1,137250
3,137175,1,137325
1,137250,1,137400
2,137400,0
3,137400,0
0,137400,1,137550
1,137475,1,137625
2,137550,1,137700
0,137700,0
1,137700,0
3,137700,1,137850
2,137850,1,138000
0,137850,0
3,138000,0
0,138000,1,138225
1,138000,0
1,138150,1,138300
2,138225,1,138300
0,138300,0
3,138300,1,138375
2,138337,1,138412
1,138375,1,138450
0,138412,1,138487
3,138450,0
2,138525,0
0,138600,1,138675
3,138600,0
1,138637,1,138712
2,138675,1,138750
3,138712,1,138787
0,138750,0
1,138825,0
0,138900,0
2,138900,1,138975
3,138937,1,139012
1,138975,1,139050
2,139012,1,139087
0,139050,0
3,139125,0
1,139200,0
0,139200,1,139350
2,139200,0
3,139350,0
2,139387,0
1,139425,0
0,139462,0
2,139500,0
3,139500,1,139650
0,139650,1,139800
1,139650,0
2,139700,0
3,139750,0
1,139800,1,139950
2,139875,1,140025
3,139950,1,140100
1,140100,0
0,140100,0
2,140100,1,140250
0,140250,1,140400
3,140250,0
1,140400,1,140475
3,140400,0
2,140437,1,140512
0,140475,1,140550
1,140512,1,140587
2,140700,1,140775
0,140700,0
3,140737,1,140812
1,140775,1,140850
2,140812,1,140887
0,140850,1,141000
1,140925,1,141000
3,141000,1,141150
2,141000,1,141150
0,141075,1,141225
1,141075,0
3,141225,1,141375
1,141225,1,141375
0,141300,1,141450
2,141300,0
2,141450,1,141600
1,141525,1,141675
0,141600,1,141750
3,141600,0
3,141750,0
3,141900,0
0,141900,0
1,141900,0
0,142050,1,142200
3,142050,0
2,142050,0
1,142125,1,142275
3,142200,0
2,142200,1,142350
3,142350,1,142500
0,142500,1,142650
1,142500,0
2,142500,0
3,142650,1,142800
0,142800,0
1,142800,0
2,142800,0
0,142950,0
1,142950,0
3,143000,0
2,143050,0
0,143100,1,143175
1,143100,0
3,143100,1,143175
0,143250,0
2,143250,0
3,143250,0
1,143250,0
3,143400,0
2,143400,0
0,143450,0
1,143500,0
0,143550,1,143625
3,143550,1,143625
2,143550,0
2,143700,0
1,143700,0
0,143700,0
3,143700,0
0,143850,0
1,143850,0
2,143925,0
3,143925,0
0,144000,0
1,144000,0
3,144150,1,144300
2,144225,1,144375
0,144300,0
1,144300,1,144450
3,144375,1,144525
0,144450,1,144600
1,144525,1,144600
2,144600,0
3,144600,0
2,144750,0
3,144750,0
0,144900,0
1,144937,0
2,144975,0
3,145012,0
1,145050,0
0,145050,0
0,145200,1,145300
3,145200,0
2,145200,0
1,145250,1,145350
3,145300,1,145400
2,145350,1,145450
1,145400,1,145500
3,145450,1,145550
2,145500,1,145600
0,145550,1,145650
1,145600,1,145700
2,145650,1,145750
2,145800,0
3,145800,1,145900
0,145850,1,145950
1,145900,1,146000
3,145950,1,146050
2,146000,1,146100
1,146050,1,146150
0,146100,1,146200
3,146100,1,146200
2,146150,1,146250
1,146200,1,146300
0,146250,1,146350
2,146300,1,146400
3,146350,1,146400
0,146400,0
1,146400,0
0,146550,0
1,146550,0
2,146625,0
3,146700,0
2,146725,0
1,146750,0
0,146775,0
2,146850,0
3,146850,0
1,146925,0
0,147000,0
2,147000,0
1,147150,0
2,147150,0
3,147225,0
0,147300,0
1,147325,0
2,147350,0
3,147375,0
0,147450,0
1,147487,0
3,147525,0
2,147562,0
1,147600,0
0,147600,0
2,147750,0
3,147750,0
1,147825,0
0,147900,0
1,147925,0
2,147950,0
3,147975,0
0,148050,0
1,148050,0
2,148125,0
0,148200,0
3,148200,0
1,148350,0
2,148350,0
0,148425,0
3,148500,0
2,148525,0
1,148550,0
0,148575,0
3,148650,0
2,148687,0
0,148725,0
1,148762,0
3,148800,0
2,148800,0
2,148950,0
3,148950,0
1,149025,0
0,149100,0
1,149125,0
2,149150,0
3,149175,0
0,149250,0
1,149250,0
2,149325,0
1,149400,0
0,149400,0
2,149550,0
3,149550,0
1,149625,0
0,149700,0
1,149725,0
2,149750,0
3,149775,0
1,149850,0
0,149887,0
2,149925,0
1,149962,0
3,150000,1,150100
0,150000,0
2,150050,1,150150
1,150100,1,150150
0,150150,0
3,150150,0
0,150225,0
2,150300,0
1,150300,0
3,150450,0
3,150525,0
1,150600,0
0,150600,1,150750
3,150750,1,150900
2,150750,0
0,150900,0
1,150900,1,151050
2,151050,0
3,151050,0
2,151200,0
3,151200,0
0,151200,0
1,151200,0
0,151350,0
1,151350,0
2,151425,0
3,151500,0
2,151525,0
1,151550,0
0,151575,0
1,151650,0
2,151650,0
3,151725,0
0,151800,0
1,151800,0
3,151950,0
2,151950,0
1,152025,0
0,152100,0
1,152125,0
2,152150,0
3,152175,0
2,152250,0
1,152287,0
0,152325,0
3,152362,0
1,152400,0
2,152400,0
0,152550,0
1,152550,0
2,152625,0
3,152700,0
2,152725,0
1,152750,0
0,152775,0
1,152850,0
2,152850,0
3,152925,0
0,153000,0
1,153000,0
0,153150,0
1,153150,0
2,153225,0
3,153300,0
2,153325,0
1,153350,0
0,153375,0
2,153450,1,153600
3,153525,1,153600
0,153600,0
1,153637,0
2,153750,0
0,153750,0
3,153787,0
0,153825,0
2,153900,0
3,153900,0
1,153937,0
0,154050,0
3,154050,0
1,154087,0
3,154125,0
0,154200,0
1,154200,0
2,154237,0
3,154350,0
0,154350,0
2,154387,0
0,154425,0
1,154500,0
2,154500,0
3,154537,0
0,154612,0
1,154612,0
3,154725,0
2,154725,0
0,154800,0
1,154837,0
3,154950,0
2,154987,0
1,155025,0
0,155062,0
3,155100,0
2,155137,0
0,155250,0
1,155287,0
2,155325,0
3,155362,0
0,155400,0
1,155437,0
1,155550,1,155850
0,155550,1,155700
2,155700,1,156000
0,155850,1,156150
3,155850,1,156000
1,156000,1,156150
2,156150,0
3,156225,0
2,156300,0
1,156300,0
0,156337,0
0,156450,1,156600
1,156525,1,156600
2,156600,0
1,156675,0
3,156750,1,156825
2,156787,1,156862
1,156825,1,156862
0,156900,0
1,156937,0
2,157050,0
3,157050,0
1,157200,0
0,157200,0
2,157275,0
1,157350,0
2,157425,0
1,157500,0
3,157500,0
0,157537,0
1,157650,0
0,157650,0
3,157725,0
0,157800,0
1,157800,0
2,157875,0
3,157875,0
0,157950,0
1,157950,0
2,158100,0
1,158100,0
3,158137,0
0,158250,0
1,158287,0
2,158325,0
3,158362,0
0,158400,0
1,158400,0
3,158475,0
0,158550,0
1,158550,0
3,158625,0
2,158625,0
0,158700,0
1,158737,0
2,158850,0
3,158850,0
0,158925,0
3,159000,0
2,159000,0
3,159075,0
0,159150,0
1,159150,0
0,159300,0
1,159300,0
2,159337,0
3,159450,1,159600
2,159525,1,159600
0,159600,1,159675
1,159637,1,159712
2,159675,1,159750
3,159712,1,159787
0,159750,0
1,159825,0
0,159900,0
3,159900,1,159975
2,159937,1,160012
1,159975,1,160050
0,160012,1,160087
3,160050,0
2,160125,0
1,160200,1,160275
3,160200,0
2,160237,1,160312
0,160275,1,160350
1,160312,1,160387
3,160425,0
2,160500,1,160575
0,160500,0
3,160537,1,160612
1,160575,1,160650
2,160612,1,160687
0,160650,0
3,160650,0
1,160725,0
3,160800,0
0,160800,0
1,160878,0
2,160957,0
1,161036,0
3,161115,0
2,161155,0
0,161273,0
1,161273,0
0,161352,0
2,161431,0
3,161510,0
0,161589,0
1,161628,0
2,161668,0
3,161747,0
0,161747,0
2,161786,0
0,161905,0
1,161905,0
0,162063,0
1,162063,0
2,162146,0
1,162229,0
2,162313,0
1,162396,0
0,162396,0
2,162438,0
3,162563,0
2,162563,0
1,162646,0
0,162729,0
1,162813,0
0,162896,1,163146
1,162938,1,163146
2,162979,1,163146
0,163229,1,163396
1,163229,1,163396
3,163396,1,163484
2,163440,1,163528
1,163484,0
0,163484,0
0,163572,1,163660
1,163616,1,163704
2,163660,0
3,163660,0
1,163748,0
0,163748,0
3,163748,1,163837
2,163793,1,163881
0,163925,1,164013
3,163925,0
2,163925,0
1,163969,1,164057
1,164101,0
0,164101,0
2,164101,0
3,164101,0
0,164278,0
3,164278,0
1,164366,0
0,164366,0
3,164454,0
2,164498,0
1,164631,0
0,164631,0
2,164719,0
0,164808,0
3,164808,0
1,164853,0
3,164989,0
0,164989,0
2,165035,0
1,165171,0
2,165171,0
0,165217,0
2,165353,0
3,165353,0
1,165398,0
3,165535,0
0,165535,0
2,165580,0
1,165717,0
0,165717,0
2,165762,0
0,165898,0
3,165898,0
1,165944,0
0,166080,1,166171
1,166126,1,166217
2,166171,1,166262
3,166217,1,166262
0,166262,1,166443
1,166262,0
2,166322,0
3,166383,0
1,166443,0
0,166534,0
2,166625,0
3,166625,0
1,166716,0
0,166807,0
3,166807,1,166989
1,166868,0
2,166928,0
1,166989,0
0,166989,0
3,167080,0
2,167171,0
0,167171,1,167352
1,167262,0
2,167352,0
3,167352,0
1,167413,0
0,167474,0
3,167534,1,167716
2,167534,0
0,167625,0
1,167716,0
2,167777,0
3,167837,0
0,167898,1,168080
1,167898,0
2,167989,0
3,168080,0
1,168080,0
2,168171,0
0,168262,0
3,168262,1,168443
1,168322,0
2,168383,0
1,168443,0
0,168443,0
2,168534,0
3,168625,0
0,168716,0
2,168807,0
3,168807,0
1,168868,0
0,168928,0
2,168989,1,169171
3,168989,0
1,169080,0
3,169171,0
0,169171,0
2,169231,0
1,169292,0
0,169352,1,169534
3,169352,0
1,169443,0
2,169534,0
3,169534,0
0,169625,0
3,169716,1,169898
2,169716,0
1,169777,0
0,169837,0
2,169898,0
1,169898,0
3,169989,0
1,170080,0
0,170080,1,170262
2,170171,0
1,170262,0
3,170262,0
0,170352,0
3,170443,1,170625
2,170443,0
0,170534,0
1,170625,0
2,170625,0
3,170716,0
0,170807,1,170989
2,170807,0
1,170898,0
2,170989,0
3,170989,0
0,171080,0
2,171171,1,171352
1,171171,0
3,171262,0
0,171352,0
1,171352,0
3,171398,0
2,171443,0
1,171489,0
0,171534,0
3,171534,0
2,171625,0
0,171716,0
1,171716,0
2,171807,0
1,171898,0
2,171989,0
1,172080,0
0,172080,1,172262
3,172262,0
2,172262,0
0,172443,1,172534
3,172443,0
1,172489,1,172580
2,172534,1,172625
3,172625,0
2,172671,0
1,172716,0
2,172807,1,172898
3,172807,0
1,172852,1,172943
0,172898,1,172989
3,172989,0
2,173034,0
1,173080,0
3,173171,0
2,173171,0
1,173262,0
0,173262,0
2,173352,0
3,173352,0
1,173443,0
0,173443,0
2,173534,0
3,173534,0
1,173716,0
2,173762,0
3,173807,0
1,173898,0
0,173898,0
1,173989,0
0,173989,0
3,174080,0
2,174080,0
2,174171,0
3,174171,0
1,174262,0
0,174262,0
2,174352,0
1,174352,0
3,174443,0
2,174489,0
1,174534,0
2,174625,0
3,174625,0
1,174716,0
3,174716,0
0,174716,0
1,174807,0
0,174807,0
0,174989,1,175080
1,175034,1,175125
2,175080,1,175171
3,175171,0
2,175216,0
1,175262,0
1,175352,1,175443
3,175352,0
2,175398,1,175489
0,175443,1,175534
1,175489,1,175580
2,175534,0
3,175534,0
1,175625,0
0,175625,0
2,175716,0
3,175716,0
1,175807,0
2,175807,0
1,175898,0
0,175898,0
3,176080,0
2,176080,0
2,176171,0
3,176171,0
1,176262,0
0,176262,0
1,176352,0
0,176352,0
2,176443,0
3,176443,0
0,176534,0
1,176534,0
0,176625,0
1,176671,0
2,176716,0
3,176807,0
0,176807,0
2,176898,0
3,176898,0
1,176989,0
0,176989,0
3,177080,0
2,177080,0
3,177171,1,177262
0,177171,0
1,177171,0
2,177216,1,177307
1,177262,1,177352
0,177307,1,177398
0,177534,1,177625
2,177534,0
3,177534,0
1,177580,1,177671
2,177625,1,177716
3,177671,1,177762
0,177898,0
1,177898,0
3,177958,0
2,178019,0
1,178080,0
0,178171,0
2,178262,0
3,178262,0
1,178352,0
0,178443,0
2,178504,0
3,178565,0
1,178625,0
0,178625,0
3,178716,0
2,178807,0
1,178868,0
0,178928,0
2,178989,0
3,178989,0
0,179080,0
1,179171,0
2,179231,0
3,179292,0
0,179352,0
1,179352,0
3,179443,0
2,179534,0
0,179595,0
1,179655,0
2,179716,0
3,179716,0
1,179807,0
0,179898,0
3,179958,0
2,180019,0
1,180080,0
0,180080,0
2,180171,0
3,180262,0
0,180307,0
1,180352,0
2,180398,0
3,180443,0
0,180443,0
1,180534,0
3,180625,0
2,180686,0
1,180746,0
3,180807,0
0,180807,0
2,180898,0
0,180989,0
2,181049,0
3,181110,0
2,181171,0
1,181171,0
0,181262,0
2,181352,0
1,181413,0
0,181474,0
2,181534,0
3,181534,0
1,181625,0
3,181716,0
0,181777,0
1,181837,0
3,181898,0
2,181898,0
0,181989,0
2,182080,0
3,182140,0
0,182201,0
1,182262,0
2,182262,0
3,182352,0
2,182443,0
0,182504,0
1,182565,0
2,182625,0
3,182625,0
0,182716,0
1,182807,0
3,182868,0
2,182928,0
0,182989,0
1,182989,0
2,183049,0
3,183110,0
1,183171,0
2,183171,0
0,183231,0
1,183292,0
2,183352,0
3,183352,0
1,183474,0
3,183474,0
0,183474,0
2,183595,0
0,183595,0
3,183595,0
1,183716,0
0,183716,1,183897
2,183716,0
3,183806,0
1,183897,0
2,183897,0
0,184079,1,184170
3,184079,0
1,184125,1,184216
2,184170,1,184261
3,184261,0
2,184306,0
1,184352,0
2,184443,1,184534
3,184443,0
1,184488,1,184579
0,184534,1,184625
3,184625,0
2,184670,0
1,184716,0
3,184806,0
2,184806,0
0,184897,0
2,184988,0
3,184988,0
1,185049,0
0,185049,0
1,185109,0
0,185109,0
2,185170,0
3,185170,0
1,185352,0
2,185397,0
3,185443,0
1,185534,0
0,185534,0
3,185625,0
2,185625,0
0,185716,0
1,185716,0
3,185776,0
2,185776,0
3,185837,0
2,185837,0
0,185897,0
1,185897,0
3,186079,0
2,186125,0
1,186170,0
2,186261,0
3,186261,0
1,186352,0
2,186352,0
1,186443,0
0,186443,0
0,186625,1,186716
1,186670,1,186761
2,186716,1,186806
3,186806,0
2,186852,0
1,186897,0
0,186988,1,187079
1,187034,1,187125
2,187079,1,187170
1,187170,0
0,187170,0
2,187261,0
3,187261,0
1,187352,1,187443
2,187397,1,187488
3,187443,1,187534
0,187534,0
1,187579,0
2,187625,0
1,187716,0
0,187716,0
2,187806,0
3,187806,0
1,187897,0
0,187897,0
2,187958,0
3,187958,0
2,188019,0
3,188019,0
0,188079,1,188170
1,188125,1,188216
3,188170,1,188261
2,188216,1,188306
1,188261,1,188352
0,188306,1,188397
2,188352,1,188443
3,188397,1,188488
1,188443,1,188534
2,188488,1,188579
0,188534,1,188625
1,188579,1,188670
3,188625,0
2,188670,0
1,188716,0
0,188761,0
1,188806,0
3,188806,1,188897
2,188852,1,188943
0,188897,1,188988
1,188943,1,189034
3,188988,0
2,188988,1,189079
0,189079,0
1,189079,1,189170
2,189125,1,189216
3,189170,1,189261
0,189216,1,189306
1,189261,0
2,189261,1,189352
3,189352,0
0,189352,1,189443
1,189443,1,189534
2,189443,0
3,189534,1,189716
2,189625,1,189716
1,189716,0
0,189716,1,189897
1,189897,1,189988
2,189943,1,190034
3,189988,1,190079
0,190079,1,190170
1,190125,1,190216
2,190170,1,190261
0,190261,0
3,190261,0
2,190352,0
1,190352,0
3,190443,1,190534
2,190488,1,190534
1,190534,0
3,190625,0
2,190625,0
1,190716,0
0,190716,0
0,190806,1,190988
1,190852,1,190988
2,190897,1,190988
3,190988,1,191079
2,191034,1,191125
1,191079,1,191170
0,191170,1,191261
1,191216,1,191306
2,191261,1,191352
3,191352,0
1,191443,0
0,191443,0
0,191534,1,191670
1,191579,1,191716
2,191625,1,191716
3,191716,0
0,191716,0
3,191897,1,191988
2,191943,1,192034
1,191988,1,192079
0,192079,0
2,192170,0
3,192170,0
3,192261,1,192443
2,192306,1,192443
1,192352,1,192443
0,192443,1,192534
1,192488,1,192579
2,192534,1,192625
3,192625,0
0,192625,0
1,192806,1,192897
3,192806,0
0,192852,1,192943
2,192897,1,192988
3,192988,0
1,193079,0
0,193079,0
2,193170,1,193261
0,193170,0
3,193216,1,193306
1,193261,1,193352
2,193352,1,193443
1,193397,1,193488
0,193443,1,193534
2,193534,0
3,193534,0
1,193625,0
0,193625,0
0,193716,0
2,193716,1,193806
3,193761,1,193852
1,193806,1,193897
2,193897,0
3,193897,0
0,193958,0
1,193958,0
2,194019,0
3,194019,0
1,194079,0
0,194079,0
2,194140,0
3,194140,0
0,194200,0
1,194200,0
3,194261,0
2,194261,0
1,194397,0
0,194397,0
0,194534,0
1,194534,0
2,194625,0
3,194625,0
1,194716,0
0,194716,0
2,194806,0
3,194806,0
3,194897,0
2,194897,0
0,194988,0
1,195034,0
2,195034,0
0,195079,0
3,195170,0
2,195216,0
1,195216,0
3,195261,0
0,195352,1,195443
1,195397,1,195488
2,195443,1,195534
3,195534,1,195625
2,195579,1,195670
1,195625,1,195716
2,195716,0
1,195761,0
0,195806,0
1,195897,0
2,195943,0
3,195988,0
1,196079,0
0,196079,0
3,196170,0
2,196216,0
1,196261,0
2,196443,0
3,196443,0
1,196488,0
0,196534,0
2,196625,0
1,196625,0
0,196670,0
3,196716,0
1,196806,1,196897
0,196852,1,196943
2,196897,1,196988
1,196943,1,196988
3,196988,0
0,197170,0
1,197170,0
2,197216,0
3,197261,0
0,197352,0
1,197397,0
2,197443,0
3,197534,0
0,197534,0
2,197579,0
1,197625,0
3,197716,0
2,197761,0
1,197806,0
3,197897,0
0,197897,0
2,197943,0
1,197988,0
3,198079,0
2,198125,0
1,198170,0
3,198261,1,198352
2,198306,1,198397
1,198352,1,198443
0,198443,1,198534
1,198488,1,198579
2,198534,1,198625
0,198625,0
1,198670,0
2,198716,0
3,198806,0
0,198806,0
1,198897,0
2,198897,0
3,198988,0
0,198988,0
1,199079,0
2,199170,0
3,199261,0
0,199261,0
1,199352,0
2,199352,0
3,199443,0
0,199534,0
1,199534,0
2,199625,0
0,199716,0
1,199767,0
2,199817,0
3,199867,0
0,200017,0
1,200117,0
2,200117,0
3,200267,0
1,200367,0
2,200517,0
3,200517,0
1,200731,0
0,200731,0
0,200945,0
1,200945,0
2,200945,0
3,200945,0
3,201159,0
2,201159,0
1,201267,0
0,201267,0
3,201374,1,201641
2,201427,1,201641
1,201481,1,201641
0,201534,1,201641
0,202016,0
3,202231,0
0,202659,0
0,203088,0
1,203088,0
0,203731,0
3,203945,0
1,204374,0
0,204374,0
1,204802,0
0,204802,0
0,205016,0
0,205231,0
0,205445,0
1,205445,0
3,205659,0
3,205874,0
1,206088,0
0,206088,0
0,206302,0
1,206516,0
0,206516,0
0,206731,0
0,206945,0
0,207159,0
1,207159,0
2,207374,0
3,207374,0
1,207588,0
2,207588,0
1,207802,0
0,207802,0
1,208016,0
2,208016,0
1,208231,0
3,208231,0
3,208338,0
0,208445,0
0,208552,0
2,208659,0
3,208659,0
3,208766,0
0,208874,0
1,208874,0
0,208981,0
1,209088,0
2,209088,0
2,209195,0
1,209302,0
1,209409,0
0,209516,0
2,209516,0
0,209624,0
2,209731,0
2,209838,0
1,209945,0
0,209945,0
1,210052,0
0,210159,0
0,210266,0
2,210374,0
3,210374,0
3,210481,0
0,210588,0
1,210588,0
0,210695,0
1,210802,0
2,210802,0
1,210909,0
2,211016,0
2,211124,0
0,211231,0
3,211231,0
3,211338,0
0,211445,0
0,211552,0
1,211659,0
2,211659,0
1,211766,0
2,211874,0
2,211981,0
0,212088,0
3,212088,0
3,212195,0
1,212302,0
2,212302,0
2,212409,0
1,212516,0
3,212516,0
1,212624,0
0,212731,0
2,212731,0
0,212838,0
2,212945,0
1,212945,0
1,213052,0
2,213159,0
2,213266,0
0,213374,0
1,213374,0
3,213374,0
3,213481,0
1,213588,0
0,213588,0
0,213695,0
3,213695,0
3,213802,0
2,213802,0
0,213909,0
1,214016,0
2,214016,0
0,214124,0
1,214124,0
3,214231,0
3,214338,0
2,214338,0
1,214445,0
0,214445,0
0,214552,0
2,214659,0
3,214659,0
1,214713,0
0,214766,0
2,214766,0
3,214820,0
1,214874,0
2,214874,0
0,214927,0
1,214981,0
2,215034,0
3,215088,1,215409
0,215088,1,215302
1,215195,1,215409
2,215302,1,215409
0,215409,0
2,215516,0
3,215516,0
3,215624,0
2,215624,0
0,215731,1,215945
1,215731,1,215838
3,215838,1,215945
1,215945,0
2,215945,0
0,216052,0
3,216052,0
1,216159,0
2,216159,0
0,216266,0
3,216266,0
0,216374,1,216516
2,216374,0
3,216374,0
1,216445,1,216588
2,216516,1,216659
3,216588,1,216731
0,216695,0
1,216803,0
2,216803,0
3,216906,0
0,217009,0
1,217113,0
2,217216,0
3,217216,0
0,217320,0
3,217423,0
2,217527,0
1,217630,0
0,217630,0
2,217734,0
0,217837,0
1,217940,0
2,218044,0
3,218044,0
1,218147,0
2,218251,0
1,218354,0
3,218458,1,218758
0,218458,1,218658
2,218458,0
1,218558,1,218758
2,218658,1,218758
0,218758,0
2,218858,0
3,218858,0
3,218958,0
2,218958,0
0,219058,1,219258
1,219058,1,219158
3,219158,1,219258
1,219258,0
2,219258,0
3,219358,0
0,219358,0
2,219458,0
1,219458,0
0,219558,0
3,219558,0
1,219658,1,219858
0,219658,1,219858
2,219758,0
3,219758,0
2,219858,0
3,219858,0
1,219958,0
2,219958,0
0,220058,0
1,220058,0
3,220154,0
0,220251,0
1,220348,0
2,220445,0
3,220445,0
0,220541,0
3,220638,0
2,220735,0
1,220832,0
0,220832,0
2,220928,0
0,221025,0
1,221122,0
2,221219,0
3,221219,0
0,221219,0
1,221316,0
2,221412,0
1,221509,0
3,221606,1,221887
0,221606,1,221793
2,221606,0
1,221699,1,221887
2,221793,1,221887
0,221887,0
2,221981,0
3,221981,0
3,222074,0
2,222074,0
0,222168,1,222356
1,222168,1,222262
3,222262,1,222356
2,222356,0
1,222356,0
0,222449,0
3,222449,0
1,222543,0
2,222543,0
3,222637,0
0,222637,0
0,222731,1,222856
2,222731,0
3,222731,0
1,222793,1,222918
2,222856,1,222981
3,222918,1,223043
1,223106,0
2,223106,0
3,223196,0
0,223287,0
1,223378,0
2,223469,0
3,223469,0
0,223560,0
3,223651,0
2,223742,0
1,223833,0
0,223833,0
2,223924,0
0,224015,0
1,224106,0
2,224196,0
3,224196,0
1,224287,0
2,224378,0
1,224469,0
0,224560,1,224737
3,224560,1,224825
2,224561,0
1,224649,1,224825
2,224737,1,224825
0,224825,0
2,224913,0
3,224913,0
3,225002,0
2,225002,0
1,225090,1,225178
0,225090,1,225266
3,225178,1,225266
1,225266,0
2,225266,0
3,225355,0
0,225355,0
2,225443,0
1,225443,0
0,225531,0
3,225531,0
2,225619,1,225737
1,225678,1,225796
3,225737,1,225855
2,225796,1,225884
0,225796,0
1,225884,0
2,225972,0
3,225972,0
0,225972,0
1,226057,0
2,226143,0
3,226229,0
0,226314,0
1,226314,0
2,226400,0
1,226486,0
0,226572,0
3,226657,0
2,226657,0
1,226743,0
0,226743,0
2,226829,0
3,226829,0
1,226914,0
0,226914,0
2,227000,0
3,227000,0
1,227086,0
0,227086,0
2,227172,0
3,227172,0
1,227257,0
0,227257,0
3,227344,1,227510
2,227427,1,227594
1,227510,1,227594
0,227594,0
3,227594,0
1,227677,0
2,227677,0
3,227760,0
2,227844,0
1,228010,0
2,228010,0
3,228010,0
0,228094,0
1,228177,0
3,228344,1,228510
0,228344,0
1,228344,0
2,228427,1,228510
1,228510,0
2,228594,0
0,228677,1,228839
3,228677,0
1,228758,1,228920
2,228839,1,228920
0,228920,0
3,228920,0
2,229001,0
1,229001,0
0,229082,0
1,229163,0
1,229325,0
2,229325,0
0,229325,0
3,229406,0
0,229487,0
1,229487,0
2,229487,0
0,229649,1,229812
2,229649,0
3,229649,0
1,229731,1,229812
2,229812,0
1,229893,0
3,229974,1,230131
0,229974,0
2,230052,1,230210
1,230131,1,230210
0,230210,0
3,230210,0
2,230289,0
1,230289,0
3,230368,0
2,230447,0
1,230447,0
2,230605,0
1,230605,0
3,230605,0
0,230684,0
1,230763,0
2,230763,0
3,230921,1,231079
1,230921,0
0,230921,0
2,231000,1,231079
1,231079,0
2,231158,0
0,231237,1,231391
3,231237,0
1,231314,1,231468
2,231391,1,231468
3,231468,0
0,231468,0
2,231545,0
1,231545,0
0,231622,0
1,231699,0
2,231699,0
1,231853,0
2,231853,0
0,231853,0
3,231930,0
2,232007,0
1,232007,0
0,232161,1,232314
2,232161,0
3,232161,0
1,232238,1,232314
2,232314,0
3,232314,0
1,232391,0
0,232391,0
3,232468,1,232693
2,232543,1,232768
1,232618,1,232768
0,232693,1,232768
3,232768,0
0,232843,0
1,232843,0
2,232918,0
3,232918,0
0,233068,1,233293
2,233068,0
3,233068,0
1,233143,1,233368
2,233218,1,233368
3,233293,1,233368
0,233368,0
3,233443,0
2,233443,0
1,233518,0
0,233518,0
1,233668,1,233887
0,233668,0
3,233668,0
2,233741,1,233960
3,233814,1,233960
1,233960,0
0,233960,0
2,234033,0
3,234033,0
1,234107,0
0,234107,0
2,234253,1,234472
0,234253,0
3,234253,0
1,234326,1,234546
0,234399,1,234546
2,234546,0
3,234546,0
1,234619,0
0,234619,0
2,234692,0
3,234692,0
0,234838,0
1,234838,0
0,234910,0
1,234910,0
3,234981,0
2,234981,0
2,235124,0
3,235124,0
3,235196,0
2,235196,0
1,235267,0
0,235267,0
1,235410,0
0,235410,0
1,235481,0
0,235481,0
2,235553,0
3,235553,0
2,235696,0
3,235696,0
2,235767,0
3,235767,0
1,235839,0
0,235839,0
1,235981,0
0,235982,0
2,236051,0
3,236051,0
1,236121,0
0,236121,0
2,236191,0
3,236191,0
1,236261,0
0,236261,0
2,236330,0
3,236330,0
1,236400,0
0,236400,0
2,236470,0
3,236470,0
1,236540,0
0,236540,0
2,236609,0
3,236609,0
1,236679,0
0,236679,0
2,236749,0
3,236749,0
1,236819,0
0,236819,0
2,236888,0
3,236888,0
1,236958,0
0,236958,0
2,237028,0
3,237028,0
0,237098,0
1,237098,0
2,237446,0
3,237446,0
1,237744,0
0,237744,0
3,238004,0
2,238004,0
1,238232,0
2,238232,0
0,238436,0
1,238436,0
1,238624,0
2,238624,0
2,238794,0
3,238794,0
3,238944,0
0,238944,0
0,239090,0
1,239090,0
1,239220,0
2,239220,0
2,239340,0
3,239340,0
3,239462,0
0,239462,0
0,239568,0
1,239568,0
1,239670,0
2,239670,0
2,239764,0
3,239764,0
3,239852,0
0,239852,0
0,239944,1,241838
1,240112,1,241859
2,240263,1,241898
3,240399,1,241898
0,241898,0
1,241935,0
3,241973,0
2,242048,0
3,242085,0
0,242123,0
1,242198,0
2,242235,0
3,242273,0
0,242348,0
1,242385,0
2,242423,0
3,242498,0
2,242535,0
1,242573,0
0,242648,0
1,242685,0
2,242723,0
3,242798,0
2,242835,0
1,242873,0
0,242948,0
1,242985,0
2,243023,0
1,243098,0
0,243135,0
3,243173,0
2,243248,0
1,243285,0
0,243323,0
2,243398,0
3,243435,0
0,243473,0
1,243548,0
2,243585,0
3,243623,0
0,243698,0
1,243735,0
3,243773,0
2,243848,0
1,243885,0
0,243923,0
3,243998,0
2,244035,0
1,244073,0
0,244148,0
1,244185,0
3,244223,0
1,244298,0
0,244298,0
3,244373,0
2,244373,0
0,244448,0
1,244448,0
2,244523,0
3,244523,0
1,244598,0
0,244598,0
2,244673,0
3,244673,0
1,244748,0
0,244748,0
2,244823,0
3,244823,0
1,244898,0
0,244898,0
2,244973,0
3,244973,0
1,245048,0
0,245048,0
2,245123,0
3,245123,0
1,245198,0
0,245198,0
2,245273,0
3,245273,0
1,245348,0
0,245348,0
2,245423,0
3,245423,0
0,245498,0
1,245535,0
1,245648,0
0,245648,0
2,245685,0
2,245798,0
1,245798,0
3,245835,0
2,245948,0
3,245948,0
1,245985,0
1,246098,0
2,246098,0
0,246135,0
3,246248,0
0,246248,0
2,246285,0
1,246398,0
3,246398,1,246623
0,246435,0
2,246473,1,246698
1,246548,1,246698
0,246623,1,246698
3,246698,1,246848
1,246848,0
2,246923,0
1,246998,0
2,247073,0
0,247148,1,247298
1,247298,0
3,247373,1,247523
2,247523,0
0,247598,1,247748
2,247748,1,247898
1,247898,1,248048
2,248048,0
1,248123,0
2,248198,0
1,248273,0
2,248348,0
0,248348,1,248498
1,248498,0
3,248573,1,248723
0,248723,0
3,248798,0
2,248835,0
1,248873,0
0,248910,0
3,248948,1,249098
2,249023,1,249098
0,249098,0
1,249098,0
0,249248,0
3,249248,0
1,249298,0
2,249348,0
0,249398,0
1,249398,0
3,249473,0
2,249548,0
1,249623,0
3,249698,1,249848
0,249698,1,249773
2,249698,0
1,249773,1,249923
0,249848,1,249998
2,249848,1,249923
3,249923,1,250073
1,249998,0
2,249998,1,250148
0,250073,1,250223
1,250148,1,250298
2,250223,1,250298
0,250298,0
3,250298,1,250448
2,250373,1,250523
1,250448,1,250598
0,250523,1,250598
3,250598,0
2,250598,1,250748
1,250673,1,250823
0,250748,1,250898
3,250823,1,250973
1,250898,0
2,250898,1,251048
0,250973,1,251048
1,251048,1,251198
2,251123,1,251198
0,251198,0
3,251198,0
2,251273,0
0,251348,0
3,251348,0
1,251385,0
2,251423,0
3,251460,0
1,251498,0
0,251548,0
2,251598,0
1,251648,0
3,251723,0
2,251798,0
1,251798,0
0,251873,0
3,251948,0
2,251998,0
1,252048,0
3,252098,0
0,252098,0
2,252173,1,252323
0,252248,0
1,252323,0
2,252398,0
3,252398,0
0,252473,0
1,252473,0
2,252548,0
3,252548,0
1,252598,0
0,252648,0
1,252698,0
2,252698,0
3,252773,0
1,252848,0
2,252898,0
3,252948,0
1,252998,0
0,252998,0
3,253073,0
2,253148,0
1,253198,0
0,253248,0
2,253298,0
3,253298,0
0,253373,1,253598
2,253448,0
3,253448,0
1,253523,0
3,253598,1,253748
2,253598,1,253748
0,253673,1,253823
1,253748,1,253823
2,253823,0
3,253860,0
0,253898,1,254098
1,253898,1,253998
2,253948,1,254048
3,253998,1,254098
1,254048,1,254148
2,254098,1,254198
0,254148,1,254248
3,254198,1,254298
1,254348,0
0,254348,1,254548
2,254398,1,254498
1,254448,1,254548
3,254498,1,254598
2,254548,1,254648
1,254598,1,254698
0,254648,1,254748
3,254798,1,254898
1,254798,0
2,254848,1,254948
0,254898,1,254998
1,254948,1,255048
2,254998,1,255098
3,255048,1,255148
1,255098,1,255198
2,255248,0
1,255248,1,255348
0,255298,1,255398
3,255348,1,255448
2,255398,1,255498
1,255448,1,255548
3,255498,1,255598
0,255548,1,255648
1,255598,1,255698
3,255698,1,255848
2,255698,1,255848
0,255848,0
1,255848,0
2,255923,0
3,255923,0
1,255998,0
0,255998,1,256148
3,256073,1,256223
2,256148,1,256298
1,256223,1,256298
0,256298,0
1,256348,0
2,256398,0
3,256448,0
1,256523,0
2,256598,0
3,256598,0
0,256673,0
1,256748,0
3,256798,0
0,256848,0
3,256898,0
2,256898,0
1,256973,1,257123
0,257048,0
2,257123,0
0,257198,0
3,257198,0
1,257273,0
3,257348,0
0,257348,0
2,257398,0
1,257448,0
2,257498,0
0,257498,0
3,257573,0
1,257648,0
2,257698,0
3,257748,0
1,257798,0
0,257798,0
3,257873,0
2,257948,0
1,257998,0
0,258048,0
2,258098,0
3,258098,0
0,258173,1,258323
1,258248,0
2,258298,0
3,258348,0
0,258398,0
1,258398,0
2,258473,0
1,258548,0
0,258548,1,258698
3,258623,0
2,258698,0
1,258698,0
0,258773,0
3,258848,0
2,258923,0
1,258998,0
0,258998,0
3,259073,0
1,259148,0
2,259223,1,259298
0,259298,0
3,259298,0
1,259373,1,259523
0,259448,0
3,259498,0
2,259548,0
1,259598,0
0,259598,0
3,259673,0
2,259748,0
1,259798,0
0,259848,0
2,259898,1,260048
3,259898,1,260048
0,260048,1,260148
1,260098,1,260198
2,260148,1,260198
3,260198,1,260348
0,260198,1,260348
2,260348,1,260448
1,260398,1,260498
0,260448,1,260498
2,260498,0
3,260498,0
0,260573,0
1,260648,1,260798
2,260648,0
0,260798,0
3,260798,0
2,260798,1,260898
1,260848,1,260948
0,260898,1,260998
2,260948,1,261048
3,260998,1,261098
1,261048,1,261098
0,261098,1,261248
2,261098,0
1,261248,0
2,261298,0
3,261348,0
0,261398,0
1,261398,0
2,261473,0
3,261548,0
1,261598,0
0,261648,0
2,261698,0
3,261698,0
0,261773,1,261923
1,261848,0
2,261923,0
1,261998,0
0,261998,0
3,262073,0
1,262148,0
2,262198,0
3,262248,0
0,262298,0
1,262298,0
3,262373,0
1,262448,0
2,262448,0
0,262523,0
2,262598,0
3,262598,0
1,262673,0
0,262748,0
1,262798,0
2,262848,0
0,262898,0
3,262898,0
1,262973,0
2,263048,0
3,263123,0
0,263123,0
1,263198,0
2,263198,0
0,263273,0
2,263348,0
3,263348,0
0,263385,0
1,263423,0
2,263460,0
3,263498,0
0,263498,1,263648
3,263648,0
2,263698,0
1,263748,0
0,263798,0
3,263798,1,263948
2,263873,1,263948
1,263948,1,264098
2,264023,1,264173
0,264098,0
3,264098,1,264248
1,264173,0
0,264248,0
1,264285,0
2,264323,0
3,264360,0
0,264398,1,264548
1,264398,1,264473
3,264473,1,264623
2,264548,1,264623
1,264548,0
0,264623,0
2,264698,1,264848
1,264698,0
3,264773,1,264923
1,264848,1,264998
2,264923,1,265073
3,264998,0
0,264998,0
1,265073,1,265223
0,265148,1,265298
3,265223,1,265373
2,265298,0
1,265298,0
0,265373,1,265523
1,265448,1,265598
2,265523,1,265673
3,265598,1,265698
1,265648,1,265748
0,265698,1,265798
2,265748,1,265848
1,265798,1,265848
3,265848,1,265898
2,265898,0
0,265898,1,266048
1,265898,0
1,266048,0
2,266098,0
3,266148,0
0,266198,0
1,266198,0
2,266273,0
0,266348,1,266498
3,266348,0
1,266498,0
2,266498,0
3,266573,1,266723
0,266648,0
1,266698,0
2,266748,0
0,266798,0
1,266798,0
3,266873,0
2,266948,1,267098
0,266948,0
3,267098,0
0,267098,0
2,267148,0
1,267198,0
3,267248,1,267398
2,267323,1,267398
1,267398,0
0,267398,0
2,267473,0
0,267548,1,267698
1,267698,0
2,267698,0
3,267773,1,267923
2,267848,0
1,267898,0
0,267948,0
2,267998,0
3,267998,0
0,268073,0
1,268148,0
2,268148,0
3,268223,0
0,268298,0
1,268298,0
2,268373,0
3,268448,1,268598
2,268523,1,268598
1,268598,0
0,268598,0
3,268673,0
0,268748,1,268898
2,268748,1,268823
1,268823,1,268898
2,268898,0
3,268898,1,269048
0,268973,1,269123
1,269048,1,269198
2,269123,1,269273
0,269198,0
3,269198,1,269273
1,269273,1,269423
2,269348,1,269498
0,269423,1,269498
1,269498,0
3,269498,1,269598
2,269548,1,269648
1,269598,1,269698
0,269648,1,269748
2,269698,1,269798
1,269748,1,269798
3,269798,1,269898
0,269848,1,269948
1,269898,1,269998
3,269948,1,270048
2,269998,1,270098
1,270048,1,270098
0,270098,1,270198
1,270148,1,270248
2,270198,1,270298
0,270248,1,270348
3,270298,1,270398
2,270348,1,270398
1,270398,0
0,270398,0
3,270473,0
0,270548,0
1,270585,0
2,270623,0
3,270660,0
0,270698,1,270848
1,270698,0
3,270848,0
2,270898,0
1,270948,0
0,270998,0
3,270998,0
2,271073,0
0,271148,0
2,271198,0
1,271248,0
0,271298,0
3,271298,0
1,271373,1,271523
0,271448,0
3,271498,0
2,271548,0
1,271598,0
0,271598,0
3,271673,0
1,271748,1,271898
2,271898,0
3,271898,1,272048
0,271973,0
1,272048,1,272198
3,272123,1,272273
0,272198,1,272348
2,272273,1,272423
1,272348,1,272498
3,272498,0
2,272498,0
0,272498,0
1,272573,0
3,272648,0
0,272648,0
1,272698,0
2,272748,0
0,272798,0
3,272798,0
1,272873,0
3,272948,1,273098
0,272948,0
1,272998,0
2,273048,0
1,273098,1,273198
0,273148,1,273248
3,273198,1,273298
2,273248,1,273348
1,273298,1,273398
0,273348,1,273398
2,273398,0
3,273398,0
1,273448,0
0,273498,0
3,273548,0
2,273548,0
0,273623,0
1,273623,0
2,273698,0
3,273698,0
0,273848,0
3,273848,1,273998
2,273923,1,273998
1,273923,1,273998
0,273998,0
2,274073,0
3,274073,0
0,274148,0
1,274148,0
3,274223,0
0,274298,1,274448
1,274298,1,274448
2,274298,0
3,274373,0
2,274448,0
1,274523,0
0,274598,1,274748
2,274598,1,274748
3,274598,0
1,274673,0
3,274748,0
1,274823,0
2,274898,1,275048
0,274898,1,274973
3,274898,1,275198
1,274973,1,275123
0,275048,1,275198
2,275123,1,275273
1,275198,1,275348
3,275273,1,275423
2,275348,1,275498
1,275423,1,275498
0,275498,1,275648
3,275648,0
2,275698,0
1,275748,0
0,275798,0
3,275798,0
2,275873,0
3,275948,0
0,275998,0
1,276048,0
2,276098,0
3,276098,0
0,276173,1,276323
1,276248,0
3,276298,0
2,276348,0
1,276398,0
0,276398,0
3,276473,0
2,276548,1,276698
1,276698,0
3,276698,1,276848
0,276698,0
2,276773,1,276923
0,276848,1,276998
1,276923,1,277073
2,276998,1,277148
3,277073,1,277223
0,277148,1,277298
3,277298,0
2,277298,0
1,277373,1,277598
3,277448,0
2,277498,0
0,277548,0
2,277598,0
3,277598,0
0,277673,0
1,277673,0
2,277748,0
3,277748,0
1,277823,0
0,277823,0
2,277898,1,277998
3,277898,0
1,277948,1,278048
0,277998,1,278098
2,278048,1,278148
1,278098,1,278198
3,278148,1,278198
2,278198,0
0,278198,0
1,278273,0
3,278348,0
2,278398,0
1,278448,0
0,278498,0
3,278498,0
1,278573,1,278723
2,278648,0
3,278723,0
0,278798,0
1,278798,0
2,278873,0
0,278948,1,279098
1,278948,0
2,278998,0
3,279048,0
1,279098,1,279198
2,279148,1,279248
3,279198,1,279298
1,279248,1,279348
0,279298,1,279398
3,279348,1,279398
1,279398,0
2,279398,0
0,279473,0
1,279548,1,279698
2,279548,0
0,279698,1,279848
3,279698,0
2,279698,0
1,279773,1,279923
2,279848,1,279998
3,279923,1,280073
1,279998,1,280148
0,280073,1,280223
2,280148,1,280298
1,280223,1,280298
3,280298,1,280673
0,280298,1,280673
2,280448,0
1,280448,0
2,280598,0
1,280598,0
1,280748,1,280898
0,280748,1,281123
2,280748,0
3,280748,0
3,280898,0
2,280898,0
1,280973,0
2,281048,0
3,281048,0
0,281198,1,281498
3,281198,1,281648
1,281198,0
2,281198,0
1,281498,1,281648
2,281573,1,281723
0,281648,1,281798
1,281723,1,281873
2,281798,1,281948
3,281798,0
0,281873,1,282023
3,281948,1,282098
2,282023,1,282098
1,282098,1,282198
0,282148,1,282248
2,282198,1,282298
1,282248,1,282348
3,282298,1,282398
2,282348,1,282448
1,282398,1,282498
0,282448,1,282548
2,282498,1,282598
1,282548,1,282648
3,282598,1,282698
2,282648,1,282698
0,282698,1,283073
1,282698,1,283073
2,282848,0
3,282848,0
2,282998,0
3,282998,0
2,283148,1,283298
3,283148,1,283523
1,283148,0
0,283148,0
0,283298,0
1,283298,0
2,283373,0
1,283448,0
0,283448,0
0,283598,1,283898
3,283598,1,284048
1,283598,0
2,283598,0
2,283898,1,284048
1,283973,1,284123
0,284048,1,284123
1,284198,1,284348
3,284198,0
0,284198,0
2,284273,1,284423
3,284348,1,284498
0,284498,1,284603
2,284498,0
1,284550,1,284655
3,284603,1,284708
2,284655,1,284761
1,284708,1,284813
0,284761,1,284866
2,284813,1,284919
1,284866,1,284971
3,284919,1,285024
2,284971,1,285076
0,285024,1,285129
1,285076,1,285129
2,285129,1,285296
3,285130,1,285296
0,285296,1,285463
1,285296,0
2,285380,1,285546
1,285463,1,285630
3,285463,0
0,285546,1,285713
2,285630,1,285796
3,285713,1,285885
1,285797,1,285973
0,285797,0
2,285885,1,286061
3,285973,1,286149
0,285973,0
1,286061,1,286238
0,286149,1,286326
2,286238,1,286414
1,286326,1,286502
3,286414,1,286502
2,286502,0
0,286502,0
1,286585,0
3,286585,0
2,286668,0
0,286668,0
1,286752,0
2,286835,0
3,286835,0
2,286918,0
3,286918,0
0,287002,0
1,287002,0
1,287169,0
0,287169,0
0,287247,0
1,287247,0
2,287326,0
3,287326,0
0,287484,0
1,287484,0
2,287563,0
3,287563,0
1,287642,0
0,287642,0
2,287721,0
3,287800,0
0,287801,1,287951
1,287801,0
2,287876,0
1,287951,0
2,288001,0
3,288051,0
0,288101,0
1,288101,0
2,288176,0
3,288251,0
0,288251,0
2,288301,0
1,288351,0
0,288401,0
3,288401,1,288551
1,288476,0
2,288551,0
1,288601,0
0,288651,0
2,288701,0
3,288701,0
1,288776,0
0,288851,0
3,288851,0
2,288926,0
1,289001,0
0,289001,1,289151
3,289076,0
2,289151,0
1,289201,0
2,289251,0
3,289301,0
0,289301,0
1,289376,0
3,289451,0
2,289526,0
1,289601,0
0,289601,0
3,289676,0
2,289751,0
0,289801,0
3,289851,0
0,289901,0
1,289901,0
3,289976,0
2,290051,0
1,290101,0
0,290151,0
3,290201,1,290351
1,290201,0
2,290276,0
1,290351,0
2,290401,0
3,290451,0
1,290501,0
0,290501,0
3,290576,0
1,290651,0
3,290726,0
0,290801,1,290951
1,290801,0
2,290876,0
1,290951,0
2,291001,0
3,291051,0
1,291101,0
0,291101,0
2,291176,0
0,291251,0
1,291326,0
3,291401,0
2,291401,1,291476
0,291476,1,291551
1,291476,1,291626
3,291551,1,291626
2,291551,1,291701
0,291701,1,291851
1,291701,1,291776
3,291701,0
2,291776,1,291926
1,291851,1,291926
3,291926,0
0,292001,1,292151
1,292001,1,292076
2,292001,0
3,292076,1,292226
2,292151,1,292226
1,292226,0
3,292301,1,292451
2,292301,1,292376
0,292301,0
1,292376,1,292451
0,292451,0
1,292488,0
2,292526,0
3,292563,0
0,292601,1,292751
1,292601,0
2,292676,0
3,292751,0
2,292801,0
1,292851,0
0,292901,0
3,292901,0
2,292976,0
3,293051,0
0,293051,0
2,293101,0
1,293151,0
0,293201,0
3,293201,1,293351
1,293276,0
2,293351,0
1,293401,0
0,293451,0
2,293501,0
3,293501,0
1,293576,0
0,293651,0
3,293651,0
2,293726,0
1,293801,0
0,293801,1,293951
3,293876,0
2,293951,0
1,294001,0
2,294051,0
3,294101,0
0,294101,0
1,294176,0
3,294251,0
2,294326,0
1,294401,0
0,294401,1,294551
3,294476,0
2,294551,0
0,294601,0
3,294651,0
0,294701,0
1,294701,0
3,294776,0
2,294851,0
1,294901,0
0,294951,0
2,295001,1,295151
3,295001,0
1,295076,0
0,295151,0
3,295201,0
2,295251,0
3,295301,0
0,295301,0
1,295376,0
2,295451,0
3,295526,0
0,295601,1,295751
1,295601,0
2,295676,0
1,295751,0
2,295801,0
3,295851,0
1,295901,1,296051
0,295901,0
2,295976,0
3,296051,0
0,296101,0
1,296151,0
3,296201,0
2,296201,1,296351
1,296276,0
0,296351,1,296501
1,296426,1,296501
3,296501,1,296651
2,296501,0
1,296576,1,296726
2,296651,1,296801
3,296726,1,296801
1,296801,0
0,296801,1,296951
2,296876,0
3,296951,1,297026
2,296988,1,297063
1,297026,1,297101
0,297063,1,297101
3,297101,0
1,297176,0
2,297251,0
1,297326,0
3,297401,0
0,297401,1,297551
2,297401,0
1,297476,0
3,297551,0
2,297601,0
3,297651,0
0,297701,0
1,297701,0
2,297776,0
3,297851,0
0,297851,0
1,297901,0
0,297951,0
2,298001,0
3,298001,1,298151
1,298076,0
2,298151,0
1,298201,0
0,298251,0
2,298301,0
3,298301,0
1,298376,0
0,298451,0
3,298451,0
2,298526,0
1,298601,0
0,298601,1,298751
3,298676,0
1,298751,0
2,298801,0
3,298851,0
0,298901,0
1,298901,0
2,298976,0
0,299051,0
1,299126,0
0,299201,1,299276
2,299201,0
3,299201,0
1,299276,1,299351
0,299351,1,299426
3,299351,0
2,299388,0
1,299426,0
3,299501,1,299576
2,299576,1,299651
1,299651,1,299726
0,299726,1,299801
3,299801,1,300101
2,299801,1,299951
1,299801,0
1,299951,0
2,300001,0
0,300051,0
1,300101,0
2,300101,0
3,300176,0
0,300251,0
1,300301,0
2,300351,0
3,300401,0
0,300401,1,300701
1,300401,1,300551
3,300551,0
2,300601,0
1,300651,0
2,300701,0
3,300701,0
0,300776,0
2,300851,0
1,300926,0
2,301001,1,301151
3,301001,1,301301
0,301001,0
1,301076,0
0,301151,1,301301
1,301301,0
2,301301,0
0,301376,0
3,301451,0
2,301501,0
0,301551,0
3,301601,1,301751
1,301601,1,301751
2,301701,1,301851
0,301751,1,301851
1,301801,1,301951
3,301801,1,301951
2,301901,1,302051
0,301951,1,302101
1,302001,1,302101
3,302001,1,302101
2,302101,0
1,302151,0
2,302201,0
0,302201,1,302351
1,302276,0
3,302351,0
2,302401,0
1,302451,0
0,302501,0
3,302501,0
2,302576,0
1,302651,0
0,302651,0
3,302726,0
2,302801,1,302951
0,302801,0
1,302876,0
0,302951,0
1,303001,0
3,303051,0
0,303101,0
2,303101,0
3,303176,0
2,303251,0
1,303326,0
3,303401,1,303551
0,303401,0
2,303476,0
1,303551,0
0,303601,0
3,303651,0
2,303701,0
1,303701,0
0,303776,0
2,303851,0
3,303851,0
1,303926,0
0,304001,1,304101
2,304001,0
3,304051,1,304151
2,304101,1,304201
1,304151,1,304251
0,304201,1,304301
2,304301,0
3,304301,0
1,304376,0
0,304451,0
1,304488,0
2,304526,0
3,304563,0
1,304601,0
0,304601,1,304751
3,304676,0
1,304751,0
0,304826,0
1,304901,0
2,304901,0
3,304976,0
0,305051,0
1,305051,0
2,305051,0
0,305201,1,305351
1,305201,0
2,305201,0
3,305201,0
1,305351,0
2,305401,0
3,305451,0
0,305501,0
1,305538,0
2,305576,0
3,305613,0
1,305651,0
0,305651,0
2,305726,0
3,305801,1,305901
1,305851,1,305951
0,305901,1,306001
2,305951,1,306051
3,306001,1,306101
1,306051,1,306151
2,306101,1,306201
0,306151,1,306251
1,306201,1,306301
2,306251,1,306351
3,306251,1,306351
3,306401,1,306501
0,306401,0
1,306401,0
2,306451,1,306551
0,306501,1,306601
1,306551,1,306651
2,306601,1,306701
0,306651,1,306751
1,306701,1,306801
3,306751,1,306851
2,306801,1,306901
1,306851,1,306951
0,306901,1,307001
3,307001,1,307151
1,307001,0
2,307001,1,307151
1,307151,0
2,307201,0
0,307251,0
2,307301,0
1,307301,0
3,307351,0
0,307401,0
1,307451,0
2,307501,0
3,307551,0
0,307601,1,307751
1,307601,1,307751
2,307751,0
3,307801,0
0,307851,0
1,307901,0
2,307901,0
3,307951,0
1,308001,0
0,308051,0
2,308101,0
1,308151,0
0,308201,0
3,308201,1,308351
2,308201,1,308351
1,308351,0
2,308401,0
3,308451,0
1,308501,0
0,308501,0
2,308551,0
0,308601,0
1,308651,0
3,308701,0
2,308751,0
0,308801,1,308901
1,308801,0
2,308901,0
1,308951,0
3,309001,1,309101
0,309001,0
1,309101,0
2,309101,0
0,309151,0
2,309201,1,309301
3,309201,0
1,309301,0
2,309351,0
3,309401,1,309551
0,309401,1,309551
1,309551,0
2,309601,0
3,309651,0
0,309701,0
1,309701,0
2,309751,0
0,309801,0
1,309851,0
2,309901,0
0,309951,0
2,310001,1,310151
3,310001,1,310151
0,310151,0
1,310201,0
2,310251,0
3,310301,0
0,310301,0
1,310351,0
3,310401,0
2,310451,0
1,310501,0
0,310551,0
1,310601,1,310751
3,310601,1,310751
0,310751,0
1,310801,0
0,310851,0
2,310901,0
3,310901,0
1,310951,0
3,311001,0
0,311051,0
1,311101,0
3,311151,0
0,311201,0
2,311201,0
1,311251,0
3,311301,0
2,311351,0
1,311401,0
0,311451,0
2,311501,0
3,311501,0
1,311501,0
2,311651,0
3,311651,0
0,311688,0
1,311726,0
2,311763,0
0,311801,1,311951
3,311801,1,311951
1,311951,0
3,312001,0
2,312051,0
0,312101,0
1,312101,0
3,312151,0
2,312201,0
0,312251,0
1,312301,0
2,312351,0
1,312401,1,312551
3,312401,1,312551
0,312551,0
1,312601,0
3,312651,0
0,312701,0
1,312701,0
2,312751,0
3,312801,0
1,312851,0
0,312901,0
2,312951,0
1,313001,1,313151
0,313001,1,313151
3,313151,0
2,313201,0
1,313251,0
3,313301,0
2,313301,0
0,313351,0
1,313401,0
3,313451,0
2,313501,0
3,313551,0
0,313601,1,313751
1,313601,1,313751
2,313751,0
1,313801,0
0,313851,0
2,313901,0
3,313901,0
1,313951,0
0,314001,0
2,314051,0
3,314101,0
0,314151,0
1,314201,1,314351
2,314201,1,314351
3,314351,0
2,314401,0
0,314451,0
1,314501,0
2,314501,0
3,314551,0
0,314601,0
1,314651,0
3,314701,0
2,314751,0
0,314801,1,314951
1,314851,1,314951
2,314951,0
1,315001,0
0,315051,0
3,315101,1,315251
2,315151,1,315251
1,315251,0
2,315301,0
3,315351,0
0,315401,1,315551
1,315401,1,315551
2,315551,0
3,315601,0
0,315651,0
1,315701,0
2,315701,0
3,315751,0
0,315801,0
2,315851,0
1,315901,0
0,315951,0
2,316001,0
3,316001,0
0,316101,0
1,316101,0
2,316151,1,316251
3,316151,1,316251
2,316301,0
3,316301,0
1,316376,0
0,316376,0
2,316451,0
3,316451,0
1,316526,0
0,316526,0
3,316601,1,316901
2,316601,1,316751
0,316751,1,316901
1,316826,1,316901
2,316901,1,317126
0,317051,1,317276
1,317051,1,317201
3,317051,0
2,317201,1,317351
1,317276,1,317351
0,317351,1,317426
1,317426,1,317501
3,317501,1,317801
2,317501,1,317651
0,317501,0
1,317651,1,317801
2,317726,1,317801
0,317801,1,318101
1,317876,0
2,317951,1,318026
1,318026,1,318101
3,318101,1,318176
2,318101,0
0,318176,1,318326
1,318251,1,318326
2,318326,1,318401
3,318401,1,318476
0,318401,0
2,318438,1,318513
1,318476,1,318551
0,318513,1,318588
0,318701,1,318776
3,318701,0
1,318738,1,318813
2,318776,1,318851
3,318813,1,318888
3,319001,1,319301
0,319001,1,319151
1,319001,1,319151
2,319001,0
2,319151,1,319301
1,319226,1,319301
0,319301,1,319526
3,319451,1,319676
1,319451,1,319601
2,319451,0
2,319601,1,319751
0,319601,0
1,319676,1,319826
0,319751,1,319901
3,319901,1,320201
2,319901,1,320051
1,319901,0
1,320051,1,320201
0,320201,1,320501
2,320201,1,320276
1,320276,1,320351
3,320351,0
2,320351,0
1,320501,0
2,320501,0
3,320501,0
0,320576,0
1,320651,1,320801
0,320801,0
2,320801,0
3,320801,0
1,320876,0
0,320951,0
2,321026,0
3,321101,0
1,321101,0
0,321101,0
2,321176,0
1,321251,0
0,321251,0
2,321326,0
3,321326,0
0,321401,0
1,321401,0
2,321476,0
1,321551,0
0,321551,0
2,321626,0
1,321701,0
0,321701,0
2,321776,0
0,321851,0
3,321851,0
1,321926,0
2,322001,0
3,322001,0
1,322076,0
3,322151,0
0,322151,0
2,322226,0
1,322301,0
3,322301,0
0,322376,0
1,322451,0
3,322451,0
0,322526,0
2,322601,0
1,322601,0
3,322676,0
2,322751,0
1,322751,0
0,322826,0
2,322901,0
1,322901,0
3,322976,0
2,323051,0
1,323051,0
0,323126,0
2,323201,0
3,323201,0
1,323276,0
2,323351,0
3,323351,0
1,323426,0
2,323501,0
3,323501,0
1,323576,0
2,323651,0
3,323651,0
1,323726,0
0,323726,0
2,323801,0
3,323801,0
3,323901,0
2,323901,0
1,324001,0
0,324001,0
0,324101,0
1,324101,0
3,324201,0
2,324201,0
2,324301,0
3,324301,0
1,324401,0
0,324401,0
0,324501,0
1,324501,0
2,324601,0
3,324601,0
2,324701,0
3,324701,0
0,324801,0
1,324801,0
0,324901,0
1,324901,0
1,325001,0
2,325001,0
3,325051,0
2,325101,0
0,325151,0
1,325201,0
2,325251,0
3,325301,0
1,325351,0
0,325401,0
3,325451,0
2,325501,0
1,325551,0
0,325601,0
1,325638,0
2,325676,0
3,325713,0
0,325751,0
1,325788,0
2,325826,0
3,325863,0
0,325901,0
1,325938,0
2,325976,0
3,326013,0
0,326051,0
1,326088,0
2,326126,0
3,326163,0
0,326201,1,326501
1,326201,0
3,326351,1,326501
1,326426,1,326501
2,326501,1,326651
3,326576,1,326801
1,326651,1,326801
2,326726,1,326876
0,326801,1,326951
1,326876,1,327026
3,326951,1,327101
2,327026,1,327176
1,327101,1,327251
0,327176,1,327251
2,327251,1,327401
3,327326,1,327401
1,327401,1,327551
2,327476,1,327626
0,327551,1,327701
1,327626,1,327776
2,327701,1,327851
3,327776,1,327926
0,327851,1,328001
1,327926,1,328001
3,328001,1,328151
2,328076,1,328226
1,328151,1,328301
0,328226,1,328376
2,328301,1,328451
1,328376,1,328526
3,328451,1,328601
2,328526,1,328601
1,328601,1,328751
0,328601,1,328901
2,328676,1,328751
3,328751,1,328901
2,328826,1,328976
1,328901,1,329051
0,328976,1,329051
2,329051,1,329126
3,329051,1,329126
0,329126,1,329201
1,329126,1,329276
2,329201,1,329351
3,329201,1,329351
0,329276,1,329426
1,329351,1,329501
2,329426,1,329501
3,329501,1,329651
0,329501,1,329651
2,329576,1,329726
1,329651,1,329801
0,329801,1,329876
3,329801,1,329951
2,329801,1,329876
1,329876,1,330026
2,329951,1,330101
0,329951,1,330026
0,330101,1,330251
1,330101,1,330251
2,330176,1,330326
3,330251,1,330401
0,330326,1,330476
1,330401,1,330551
3,330476,1,330626
2,330551,1,330701
1,330626,1,330776
0,330701,1,330776
3,330776,1,330851
2,330776,1,330926
1,330851,1,330926
0,330851,1,331001
3,330926,1,331001
2,331001,1,331151
1,331001,1,331076
3,331076,1,331226
0,331151,1,331301
1,331226,1,331376
2,331301,1,331451
3,331376,1,331526
1,331451,1,331601
0,331526,1,331676
3,331601,1,331751
2,331601,1,331676
1,331676,1,331826
0,331751,1,331826
2,331751,1,331901
3,331826,1,331901
0,331901,1,332051
1,331901,1,331976
2,331976,1,332051
1,332051,1,332201
2,332126,1,332276
3,332201,1,332351
1,332276,1,332426
0,332351,1,332501
2,332426,1,332501
3,332501,1,332651
1,332501,1,332576
2,332576,1,332726
0,332651,1,332801
1,332651,1,332876
3,332726,1,332801
2,332801,1,332951
3,332876,1,332951
0,332951,1,333101
1,333026,1,333101
3,333101,1,333251
2,333101,1,333176
1,333176,1,333326
2,333251,1,333401
3,333401,1,333501
0,333401,0
1,333401,0
2,333451,1,333551
0,333501,1,333601
1,333551,1,333651
2,333601,1,333701
3,333651,1,333751
1,333701,1,333801
2,333751,1,333851
0,333801,1,333901
1,333851,1,333951
3,333851,0
2,333901,1,334001
3,333951,1,334051
1,334001,1,334101
0,334051,1,334151
2,334101,1,334201
1,334151,1,334251
3,334201,1,334301
2,334251,1,334351
0,334301,1,334401
1,334351,1,334451
3,334451,0
2,334488,0
1,334526,0
0,334563,0
2,334601,0
3,334601,0
1,334676,0
0,334676,0
2,334751,0
3,334751,0
1,334826,0
0,334826,0
2,334901,0
3,334901,0
1,334976,0
0,334976,0
2,335051,0
3,335051,0
1,335126,0
0,335126,0
2,335201,1,335351
3,335201,1,335351
1,335351,0
0,335351,0
3,335426,1,335576
2,335426,1,335576
1,335576,0
0,335576,0
2,335651,1,335801
3,335651,1,335801
1,335726,1,335801
0,335801,0
0,336101,1,336701
1,336101,1,336701
3,336176,1,336701
2,336701,1,336851
1,336776,1,336926
3,336851,1,337001
0,336926,1,337076
2,337001,1,337151
1,337076,1,337226
0,337151,1,337301
2,337226,1,337376
3,337301,1,337451
1,337376,1,337526
2,337451,1,337601
0,337526,1,337601
1,337601,0
3,337601,0
2,337676,0
1,337751,0
0,337751,0
2,337826,0
1,337901,0
3,337901,0
0,337976,0
1,338051,0
2,338051,0
3,338126,0
0,338201,0
1,338238,0
2,338276,0
3,338313,0
0,338351,0
1,338351,0
2,338426,0
3,338501,0
2,338538,0
1,338576,0
0,338613,0
2,338651,0
3,338651,0
1,338726,0
0,338801,0
3,338801,0
2,338876,0
0,338951,0
1,338988,0
2,339026,0
3,339063,0
0,339101,0
1,339101,0
2,339176,0
3,339176,0
1,339251,0
0,339251,0
2,339326,0
3,339326,0
0,339401,0
1,339438,0
2,339476,0
3,339513,0
1,339551,0
0,339551,0
2,339626,0
3,339626,0
0,339701,0
1,339738,0
2,339776,0
3,339813,0
0,339851,0
1,339851,0
2,339926,0
3,339926,0
0,340001,0
1,340038,0
2,340076,0
3,340113,0
0,340151,0
1,340188,0
2,340226,0
3,340263,0
0,340301,0
1,340338,0
2,340376,0
3,340413,0
0,340451,0
1,340488,0
2,340526,0
3,340563,0
0,340601,0
1,340601,0
