1,9117,0
1,9242,1,9367
3,9367,0
3,9492,1,9700
2,9533,1,9700
0,9742,1,9804
3,9742,1,9804
2,9742,1,9835
1,9742,1,9867
3,9867,1,10242
0,9867,1,10054
2,9992,1,10179
0,10117,0
0,10242,0
1,10242,1,10367
3,10304,1,10429
2,10367,0
1,10492,1,10617
3,10554,1,10617
2,10617,1,10742
0,10742,1,10867
1,10804,1,10867
3,10867,0
1,10992,0
0,10992,0
2,11117,0
1,11242,0
3,11242,1,11429
0,11367,0
2,11429,1,11492
1,11492,1,11679
3,11617,1,11679
1,11742,0
0,11867,0
0,11992,1,12242
2,11992,0
1,12117,0
1,12242,1,12429
2,12242,0
2,12367,1,12492
1,12492,1,12867
3,12492,1,12617
0,12742,1,12929
2,12742,1,12825
1,12992,1,13075
2,12992,1,13075
0,13242,1,13325
1,13242,1,13325
2,13242,1,13492
3,13367,0
1,13492,1,13742
0,13617,0
3,13742,1,13992
2,13742,1,13867
0,13867,1,13992
2,13992,1,14117
1,13992,1,14117
3,14117,0
2,14242,1,14367
1,14242,1,14367
2,14492,1,14617
1,14492,1,14617
3,14617,1,14742
1,14742,1,14929
2,14742,1,14867
3,14867,0
0,14992,1,15117
1,14992,1,15054
2,15117,0
3,15242,1,15492
1,15242,1,15367
0,15367,0
2,15492,0
2,15617,1,15742
1,15742,0
2,15804,0
0,15867,0
3,15929,0
0,15992,1,16117
2,16117,1,16367
0,16242,0
1,16242,0
3,16367,1,16429
3,16492,1,16804
1,16492,1,16742
2,16742,1,16867
0,16804,1,16929
3,16867,0
1,16992,1,17075
2,16992,1,17075
1,17242,1,17492
3,17242,1,17367
0,17367,0
2,17492,1,17679
2,17742,1,17867
1,17742,1,17835
0,17742,1,17804
3,17742,1,17804
3,17867,1,18242
0,17867,0
1,17929,0
2,17992,0
0,18117,0
2,18117,1,18492
0,18242,0
1,18367,1,18492
3,18492,0
3,18617,1,18742
0,18742,1,18929
1,18742,1,18867
3,18804,0
2,18867,0
1,18929,0
0,18992,0
3,18992,0
2,19054,0
1,19117,1,19242
0,19242,0
3,19242,0
1,19304,0
2,19367,0
0,19492,0
3,19575,0
2,19658,0
0,19742,0
1,19742,0
3,19825,0
0,19908,0
1,19992,0
3,20117,0
2,20117,0
0,20179,0
3,20242,0
1,20325,0
2,20408,0
3,20492,0
1,20492,0
3,20617,0
0,20742,0
2,20742,0
2,20867,0
0,20992,0
1,20992,0
3,21054,1,21179
1,21117,1,21242
0,21242,0
3,21242,0
2,21367,1,21429
1,21492,1,21554
0,21492,1,21742
3,21742,1,21992
1,21742,0
1,21867,1,21992
2,21992,1,22242
0,22117,0
0,22242,1,22367
1,22242,1,22304
3,22367,0
2,22492,1,22742
0,22617,0
1,22742,1,22929
2,22867,1,23117
0,22992,1,23054
3,22992,0
1,23117,1,23367
2,23242,1,23554
0,23242,1,23554
3,23492,1,23617
1,23492,0
2,23617,0
0,23617,0
3,23742,1,23867
1,23742,1,23929
2,23867,0
0,23867,1,23992
3,23929,1,23992
2,23992,1,24075
1,24033,1,24117
0,24117,1,24242
2,24242,1,24367
3,24242,1,24679
1,24367,0
2,24429,1,24742
1,24492,1,24617
0,24617,0
3,24742,0
0,24742,1,24929
1,24742,1,24867
0,24992,1,25304
3,24992,0
2,25075,0
3,25158,0
2,25242,1,25492
1,25367,1,25429
3,25429,1,25554
0,25492,0
3,25617,1,25679
0,25617,0
0,25742,1,25804
2,25742,1,25867
3,25742,1,25929
1,25742,1,25835
3,25992,1,26304
0,26117,0
0,26242,0
1,26242,0
3,26367,1,26679
1,26492,1,26742
2,26492,0
3,26742,1,27054
0,26742,1,26867
1,26867,1,27117
2,26992,0
3,27117,1,27367
0,27117,1,27242
1,27242,0
2,27242,1,27367
0,27367,1,27492
3,27492,0
1,27492,1,27742
3,27617,0
3,27742,1,27867
0,27742,0
2,27867,1,27992
0,27992,1,28304
3,27992,1,28117
2,28117,1,28242
3,28242,0
1,28242,0
0,28367,1,28867
2,28492,1,28742
3,28742,0
1,28742,1,28992
3,28867,1,29117
2,28992,0
2,29117,1,29242
0,29117,0
3,29242,0
0,29242,0
2,29367,1,29617
1,29492,1,29742
0,29742,1,29867
3,29742,0
1,29867,1,29992
2,29992,1,30304
1,30117,1,30242
3,30242,0
0,30242,0
2,30367,1,30679
1,30492,1,30742
0,30492,0
2,30742,1,31054
3,30742,0
0,30867,1,31117
3,30992,1,31117
2,31117,1,31367
1,31117,0
1,31242,1,31367
0,31242,1,31492
3,31367,0
2,31492,0
1,31492,1,31617
2,31617,0
0,31617,1,31742
2,31742,1,31867
1,31742,0
3,31742,1,31992
0,31867,1,32117
2,31992,1,32179
3,32117,0
3,32242,0
2,32242,0
1,32367,1,32554
2,32492,0
1,32617,0
3,32742,1,32992
0,32742,1,32867
1,32867,0
2,32992,1,33117
0,32992,0
3,33054,0
1,33117,1,33242
3,33242,1,33492
0,33242,0
2,33304,0
0,33367,1,33492
1,33492,1,33617
2,33617,1,33679
3,33617,1,33992
0,33742,1,33867
1,33742,1,33908
2,33742,1,33950
0,33992,1,34304
3,34242,0
2,34242,0
0,34367,1,34679
3,34492,1,34742
1,34617,0
0,34742,1,35054
2,34742,1,34867
3,34867,0
3,34992,1,35117
0,35117,1,35367
2,35117,1,35242
1,35242,0
3,35242,0
2,35367,1,35742
0,35492,0
3,35492,1,35742
0,35617,0
0,35742,1,35867
1,35867,1,35992
0,35992,1,36117
3,35992,1,36304
1,36117,1,36242
2,36242,0
0,36242,0
3,36367,1,36867
1,36492,1,36742
2,36742,1,36867
0,36742,1,36992
3,36992,1,37242
1,36992,1,37117
2,37117,1,37367
1,37242,0
0,37242,0
3,37367,1,37492
0,37367,1,37742
1,37492,1,37742
2,37742,0
3,37742,0
2,37867,1,38179
1,37992,1,38054
0,38179,1,38367
2,38242,1,38617
3,38242,0
1,38367,1,38429
1,38492,1,38617
1,38742,0
3,38742,0
2,38742,1,38804
1,38867,1,39179
0,39054,1,39242
2,39117,1,39179
3,39242,0
1,39242,1,39679
2,39367,1,39429
2,39492,1,39679
3,39617,1,39679
3,39742,1,40179
0,39742,0
1,39804,1,39929
1,39992,0
2,40054,1,40179
0,40242,1,40679
1,40242,1,40429
2,40242,0
3,40304,1,40429
3,40492,0
1,40492,1,40679
2,40554,1,40679
2,40742,0
3,40742,0
0,40742,0
1,40908,0
0,40908,0
1,40992,0
3,40992,0
2,41158,0
1,41158,0
2,41242,0
0,41242,0
2,41408,0
3,41408,0
1,41492,0
3,41492,0
2,41658,0
3,41658,0
0,41742,1,41992
1,41742,1,41992
2,41992,0
1,42117,0
3,42117,0
0,42242,0
3,42242,0
2,42492,0
0,42617,0
1,42742,0
1,42867,0
1,42992,0
3,43075,0
1,43117,1,43242
2,43158,0
0,43242,1,43367
3,43242,0
1,43367,1,43492
3,43367,0
2,43492,1,43617
3,43492,0
0,43617,1,43679
0,43742,1,43992
1,43742,1,43867
2,43742,1,43804
3,43742,1,43804
3,43867,1,44117
2,43867,1,44117
1,43992,1,44054
0,44054,1,44117
1,44117,1,44242
3,44242,1,44492
0,44242,1,44742
1,44492,0
2,44533,1,44742
3,44742,0
1,44783,1,44908
2,44825,1,44908
1,44992,1,45054
0,44992,1,45054
2,45117,0
1,45242,0
0,45242,1,45367
3,45242,0
1,45367,1,45617
2,45492,0
3,45492,1,45617
2,45617,1,45742
3,45742,1,46117
0,45742,1,45867
1,45825,1,45908
2,45908,1,45992
1,45992,1,46367
0,45992,1,46117
2,46242,1,46617
0,46242,1,46367
3,46367,1,46617
0,46492,1,46679
1,46554,1,46679
2,46742,1,46835
3,46742,1,46867
0,46742,0
1,46742,1,46804
0,46867,1,46992
1,46867,1,46992
2,46992,1,47054
3,46992,1,47054
3,47242,1,47429
1,47242,0
0,47242,0
1,47367,1,47429
2,47367,1,47429
3,47492,1,47617
1,47554,1,47679
2,47617,1,47742
3,47742,1,48117
0,47742,0
1,47742,1,47992
2,47867,1,48117
0,47992,0
0,48242,1,48617
1,48242,0
2,48242,1,48492
1,48367,1,48617
3,48492,0
2,48617,0
0,48742,1,48867
1,48742,0
3,48804,1,48992
2,48929,1,48992
0,48992,1,49179
3,49054,1,49179
2,49117,1,49179
1,49242,0
0,49242,0
3,49367,0
3,49492,1,49742
1,49617,0
1,49742,1,49929
2,49742,1,49867
3,49867,0
0,49992,1,50117
1,49992,1,50242
2,50117,0
3,50242,1,50367
0,50242,1,50304
0,50367,1,50492
2,50367,1,50492
3,50450,0
1,50492,1,50554
0,50554,1,50742
2,50575,0
1,50658,0
2,50742,1,50867
3,50742,0
1,50867,1,50992
0,50992,1,51054
3,50992,1,51054
2,51117,1,51179
3,51242,0
2,51242,1,51429
1,51367,1,51492
3,51492,1,51554
0,51492,0
3,51617,1,51679
0,51617,0
3,51742,1,51992
1,51742,1,51804
0,51742,1,51804
2,51742,1,51867
0,51867,1,52117
1,51867,1,52117
2,51992,1,52054
3,52054,1,52117
2,52117,1,52242
0,52242,1,52492
3,52242,1,52742
1,52367,0
2,52492,0
1,52533,1,52742
2,52742,0
0,52783,1,52908
1,52825,1,52908
3,52992,1,53054
2,52992,1,53054
1,53117,0
2,53242,0
0,53242,1,53367
3,53242,0
2,53367,1,53617
1,53367,1,53429
3,53492,0
0,53492,1,53617
3,53617,1,53742
2,53742,1,53825
0,53742,1,53867
1,53825,1,53908
2,53908,1,53992
3,53992,1,54367
1,53992,1,54117
0,54075,1,54158
2,54158,1,54242
0,54242,1,54617
1,54242,0
1,54367,1,54617
3,54492,1,54679
2,54554,1,54679
2,54742,1,54835
3,54742,1,54867
1,54742,1,54804
3,54992,1,55054
0,54992,1,55117
1,54992,1,55085
2,54992,1,55054
3,55242,0
2,55242,1,55492
0,55367,1,55429
1,55367,1,55429
3,55492,1,55742
2,55617,0
0,55742,1,56117
1,55742,1,55992
3,55992,1,56117
1,56117,0
2,56242,1,56492
3,56242,1,56367
0,56242,0
0,56367,1,56492
1,56367,1,56492
2,56617,0
3,56617,1,56867
2,56742,1,56992
1,56742,1,56867
0,56867,1,56992
3,56992,1,57179
1,56992,0
1,57117,1,57242
2,57117,1,57242
0,57242,0
3,57242,0
2,57367,0
2,57492,1,57554
2,57617,0
0,57742,1,57992
2,57742,1,57825
1,57825,1,57908
3,57908,1,57992
2,57992,1,58075
1,58075,1,58158
2,58242,0
3,58242,1,58492
1,58367,1,58492
2,58492,1,58575
0,58492,1,58742
1,58575,1,58658
2,58658,1,58742
1,58742,1,58825
3,58742,1,58908
2,58825,1,58908
1,58908,1,58992
3,58992,1,59242
0,58992,1,59158
2,59075,1,59158
1,59242,1,59325
0,59242,0
2,59283,1,59408
3,59492,0
0,59492,1,59575
1,59533,1,59658
3,59617,0
0,59742,0
3,59742,1,59867
2,59742,1,59835
1,59742,1,59804
0,59867,1,60117
1,59992,1,60117
3,59992,1,60242
2,59992,1,60085
1,60242,0
0,60242,0
1,60367,1,60742
2,60367,0
0,60492,1,60742
2,60492,1,60617
2,60742,1,61117
3,60742,0
0,60867,1,61117
3,60992,1,61054
1,61117,1,61179
2,61179,1,61242
3,61242,1,61492
0,61242,0
1,61242,1,61367
2,61367,1,61429
1,61492,0
1,61617,0
1,61742,0
2,61742,1,61992
1,61867,0
3,61867,1,61992
1,61992,1,62242
2,62117,1,62242
0,62242,1,62304
3,62242,1,62367
1,62304,1,62367
2,62367,1,62492
1,62492,1,62554
2,62554,1,62617
3,62617,1,62679
2,62742,1,62804
1,62742,1,62835
0,62742,1,62867
1,62992,1,63158
2,62992,1,63075
0,62992,1,63158
3,63075,1,63242
2,63158,1,63242
0,63242,1,63408
1,63242,1,63325
2,63325,1,63408
3,63367,1,63554
1,63408,1,63492
0,63492,1,63575
2,63492,1,63658
1,63575,1,63742
0,63658,1,63742
2,63742,0
3,63742,1,63992
0,63867,0
1,63992,0
1,64117,0
2,64241,0
1,64242,1,64367
3,64283,1,64366
2,64492,0
2,64617,0
0,64741,1,64991
2,64742,1,64867
3,64991,0
1,64991,0
3,65116,1,65200
1,65116,1,65241
0,65242,0
2,65242,0
3,65367,0
3,65492,0
1,65492,1,65742
3,65617,1,65867
0,65742,1,65825
2,65783,1,65867
1,65992,0
1,66117,0
1,66242,0
2,66242,1,66367
1,66367,1,66492
2,66492,0
0,66492,0
2,66617,1,66700
0,66617,1,66742
1,66742,0
3,66742,1,66867
2,66867,1,66992
1,66992,1,67054
0,66992,1,67054
2,67117,0
3,67242,0
0,67242,0
1,67367,1,67429
2,67367,1,67429
3,67492,0
0,67492,0
3,67617,0
0,67617,0
3,67742,1,67867
2,67742,1,67835
1,67742,1,67804
0,67742,0
0,67867,1,68117
1,67992,1,68117
3,67992,1,68242
1,68242,0
0,68242,0
1,68367,1,68742
2,68367,0
0,68492,1,68742
2,68492,1,68617
2,68742,1,69117
3,68742,0
0,68867,1,69117
3,68992,1,69054
1,69117,1,69179
2,69179,1,69242
3,69242,1,69492
0,69242,0
1,69242,1,69367
2,69367,1,69429
1,69492,0
1,69617,0
1,69742,0
2,69742,1,69992
1,69867,0
3,69867,1,69992
1,69992,1,70242
2,70117,1,70242
0,70242,1,70304
3,70242,1,70367
1,70304,1,70367
2,70367,1,70492
1,70492,1,70554
2,70554,1,70617
3,70617,1,70679
2,70742,1,70804
1,70742,1,70835
0,70742,1,70867
1,70992,1,71158
2,70992,1,71075
0,70992,1,71158
3,71075,1,71242
2,71158,1,71242
0,71242,1,71408
1,71242,1,71325
2,71325,1,71408
3,71367,1,71554
1,71408,1,71492
0,71492,1,71575
2,71492,1,71658
1,71575,1,71742
0,71658,1,71742
3,71742,0
2,71742,1,71867
0,71867,1,71992
2,71929,1,71992
3,71992,0
1,71992,1,72117
3,72117,1,72242
1,72242,1,72325
0,72242,0
2,72283,1,72492
0,72492,1,72575
1,72533,1,72742
2,72617,0
0,72742,1,72867
3,72742,1,72908
1,72867,0
3,72992,1,73075
0,72992,1,73242
2,73075,1,73158
3,73158,1,73492
2,73242,1,73492
1,73242,0
0,73367,0
0,73492,1,73617
1,73617,0
1,73742,1,73867
0,73742,1,73992
3,73742,1,74242
2,73992,0
0,74117,1,74492
2,74117,1,74242
2,74367,1,74658
1,74367,0
1,74492,1,74804
3,74492,1,74929
2,74742,1,74992
0,74742,0
0,74867,1,75242
1,74867,1,75054
3,74992,1,75242
2,75054,1,75242
1,75117,1,75242
1,75742,0
0,75742,0
3,75867,0
3,76117,0
1,76117,0
1,76242,0
0,76242,0
3,76367,0
3,76617,0
1,76617,0
2,76742,0
0,76867,0
2,76992,0
0,76992,0
1,77242,0
2,77242,0
1,77492,0
3,77492,0
3,77617,0
0,77617,0
2,77679,0
1,77742,0
0,77992,0
3,77992,0
1,78117,0
2,78179,0
0,78242,0
3,78242,1,78492
1,78367,0
2,78492,1,78617
1,78492,0
3,78617,0
1,78742,0
3,78742,1,78867
1,78908,0
3,78992,1,79179
2,78992,1,79158
1,79075,0
3,79242,1,79429
2,79242,1,79408
0,79242,0
0,79408,0
3,79492,1,79679
2,79492,1,79658
0,79575,0
3,79742,0
0,79742,0
1,79742,0
2,79773,0
1,79867,0
2,79929,0
0,79992,0
3,80117,0
2,80242,0
0,80242,0
2,80325,0
1,80492,0
3,80492,0
1,80575,0
0,80742,0
1,80742,0
3,80783,0
2,80804,0
2,80992,0
1,80992,0
1,81242,0
0,81242,0
2,81367,0
3,81492,0
1,81492,0
0,81617,0
3,81617,0
2,81742,0
3,81867,0
1,81867,0
2,81992,0
3,81992,0
2,82117,0
0,82242,0
3,82242,0
0,82325,0
2,82367,0
0,82492,0
3,82492,0
3,82575,0
1,82617,0
3,82742,0
2,82742,0
1,82804,0
0,82867,0
2,82929,0
3,82992,0
1,83054,0
0,83117,0
2,83158,0
3,83158,0
1,83242,0
2,83325,0
0,83325,0
3,83408,0
0,83492,0
1,83492,0
2,83575,0
1,83658,0
3,83742,0
2,83742,0
1,83867,0
1,83992,0
3,83992,0
0,84117,0
2,84242,0
1,84242,0
3,84304,0
2,84367,0
0,84492,0
3,84492,0
1,84554,0
0,84617,0
2,84658,0
2,84742,0
3,84742,0
1,84867,0
3,84992,0
0,84992,0
1,85242,0
3,85242,0
2,85367,0
1,85492,0
0,85617,0
2,85617,0
3,85742,0
1,85867,0
2,85867,0
1,85992,0
3,85992,0
1,86117,0
1,86242,0
3,86242,0
2,86367,0
0,86492,0
2,86617,0
3,86658,0
1,86742,0
0,86742,0
3,86742,0
0,86867,0
1,86867,0
3,86992,0
2,86992,0
0,87023,0
1,87075,0
3,87158,0
0,87242,0
2,87242,0
1,87325,0
0,87408,0
3,87492,0
2,87492,0
2,87617,0
0,87742,1,88117
3,87742,0
1,87742,0
2,87773,0
1,87992,0
2,88117,0
1,88117,1,88492
2,88242,0
0,88242,1,88367
0,88492,1,88742
2,88492,1,88617
1,88617,1,88742
3,88742,0
2,88742,1,89117
3,88992,0
1,89117,0
3,89117,1,89492
1,89242,0
2,89242,1,89367
2,89492,1,89742
1,89492,1,89617
1,89742,1,89867
3,89742,1,89992
1,89992,1,90367
3,90117,1,90492
0,90117,1,90242
2,90242,1,90492
0,90492,1,90742
1,90492,1,90617
2,90742,1,90867
1,90742,1,90867
0,90804,0
3,90867,1,91117
2,90929,0
0,90992,0
1,91054,1,91242
3,91179,0
2,91242,1,91429
0,91242,0
1,91367,1,91429
1,91492,1,91679
3,91492,0
0,91617,1,91679
3,91617,0
3,91742,0
2,91742,1,91992
1,91992,1,92117
3,92054,1,92117
0,92117,0
1,92242,1,92492
0,92242,0
2,92304,1,92367
2,92492,1,92617
0,92554,1,92617
1,92742,0
3,92742,0
1,92867,1,92992
2,92992,0
3,93117,0
0,93242,1,93492
3,93242,0
2,93367,1,93617
1,93492,0
1,93617,1,93700
3,93742,1,94117
2,93742,1,93992
1,93992,1,94117
0,93992,1,94367
2,94117,1,94242
1,94242,1,94492
3,94242,1,94617
0,94492,1,94742
2,94492,1,94742
3,94742,0
1,94742,1,94825
0,94825,1,94908
1,94908,1,94992
2,94992,0
1,95075,1,95158
0,95158,1,95242
1,95242,0
2,95242,1,95325
3,95325,1,95408
2,95408,1,95492
0,95492,0
2,95575,1,95658
0,95617,0
3,95658,1,95742
2,95742,0
0,95742,0
1,95773,0
3,95804,0
2,95992,0
3,95992,0
1,96117,0
0,96117,0
2,96242,0
0,96242,0
3,96242,0
2,96492,0
3,96492,0
3,96617,0
0,96617,0
1,96617,0
2,96742,0
0,96867,0
1,96867,0
2,96992,0
1,96992,0
2,97242,0
1,97242,0
0,97367,0
2,97492,0
1,97492,0
3,97492,0
1,97617,0
0,97617,0
2,97742,0
2,97867,0
2,97992,0
0,97992,0
2,98117,0
1,98242,0
0,98242,0
3,98242,0
2,98367,0
0,98367,0
3,98492,0
0,98492,0
1,98492,0
3,98617,0
0,98617,0
2,98617,0
1,98617,0
2,98867,0
3,98867,0
0,98992,0
2,98992,0
3,99242,0
2,99242,0
0,99242,1,99367
3,99367,0
1,99367,1,99492
0,99492,1,99742
2,99617,0
2,99742,0
3,99742,0
0,99867,0
1,99867,0
3,99867,0
3,99992,0
2,99992,0
1,100117,0
0,100117,0
0,100242,0
2,100242,0
3,100242,0
1,100367,0
0,100367,0
2,100492,0
3,100492,0
1,100492,0
2,100617,0
3,100617,0
1,100742,0
2,100867,0
3,100867,0
0,100867,0
1,100992,0
0,100992,0
1,101242,0
2,101242,0
0,101367,0
3,101367,0
3,101492,0
2,101492,0
1,101492,0
0,101617,0
2,101617,0
1,101617,0
1,101867,0
0,101867,0
3,101867,0
0,101992,0
2,101992,0
1,102117,0
2,102117,0
0,102242,0
1,102242,0
3,102242,0
3,102367,0
2,102367,0
3,102492,0
1,102492,0
2,102617,1,102867
3,102617,1,102867
0,102617,0
1,102867,0
2,102992,1,103242
3,102992,1,103242
0,103242,0
1,103242,1,103304
1,103367,0
2,103492,1,103554
2,103617,0
0,103742,0
3,103742,1,103867
2,103783,1,103867
1,103867,0
3,103992,1,104117
2,104033,1,104117
1,104117,0
0,104242,1,104367
3,104242,0
2,104283,1,104367
1,104367,0
0,104492,1,104617
2,104533,1,104617
3,104617,0
1,104742,1,104992
0,104742,0
3,104867,0
2,104992,1,105242
1,105054,1,105117
0,105117,0
3,105242,1,105492
1,105242,0
2,105304,1,105367
1,105492,1,105742
2,105742,1,105867
3,105742,0
0,105867,0
2,105929,0
1,105992,1,106117
3,106117,0
1,106179,0
2,106242,0
0,106242,0
0,106367,1,106617
3,106492,0
3,106617,1,106867
1,106742,0
0,106742,0
1,106867,1,106929
3,106929,1,106992
0,106992,0
2,107117,0
1,107242,0
3,107242,1,107492
0,107367,1,107617
2,107492,1,107617
1,107617,0
2,107742,0
3,107742,0
2,107867,1,107992
1,107992,0
1,108117,1,108242
3,108242,1,108492
0,108242,1,108492
1,108367,0
2,108492,1,108617
3,108617,1,108742
2,108742,0
1,108742,0
2,108867,1,109117
1,108992,1,109117
0,109117,0
1,109242,1,109367
3,109242,0
2,109304,1,109367
0,109492,0
1,109742,1,110117
3,109742,0
0,110117,0
2,110179,1,110304
1,110200,0
3,110304,0
2,110367,0
0,110408,1,110492
3,110492,1,110575
2,110533,1,110658
0,110575,0
3,110658,0
2,110742,0
1,110783,0
0,110992,1,111242
2,111054,1,111242
1,111242,1,111367
2,111325,1,111450
1,111408,1,111492
2,111492,1,111575
1,111533,1,111617
2,111617,1,111700
0,111742,0
3,111742,1,112054
2,111742,1,111835
1,111742,1,111804
0,111867,1,112117
1,111992,1,112117
3,112117,1,112429
1,112242,0
2,112242,0
1,112367,1,112742
3,112492,1,112929
0,112492,1,112742
2,112742,1,113117
0,112867,1,113117
3,112992,1,113304
1,113117,1,113179
2,113179,1,113242
1,113242,1,113367
0,113242,0
3,113367,1,113617
1,113492,0
1,113617,0
3,113742,1,114054
2,113742,1,113992
1,113742,0
1,113867,0
1,113992,1,114242
3,114117,1,114429
0,114242,1,114304
1,114304,1,114367
2,114367,1,114492
3,114492,1,114929
1,114492,1,114554
2,114554,1,114617
2,114742,1,114804
1,114742,1,114835
0,114742,1,114867
3,114992,1,115304
2,114992,1,115075
0,114992,1,115054
1,115075,1,115158
0,115158,1,115325
2,115242,1,115325
1,115325,1,115408
3,115367,1,115617
2,115408,1,115575
1,115492,1,115575
0,115575,1,115742
1,115658,1,115742
3,115742,1,116054
2,115742,1,115867
1,115867,1,116117
3,116117,1,116429
0,116117,1,116242
2,116242,0
1,116367,1,116492
3,116492,1,116929
2,116617,1,116742
0,116742,0
1,116773,0
2,116804,1,116992
3,116992,1,117304
0,116992,0
1,117023,0
2,117054,1,117273
1,117242,1,117398
3,117367,1,117617
0,117367,1,117523
2,117492,1,117617
1,117617,0
2,117679,0
3,117742,1,118054
1,117742,1,117898
0,117867,1,118023
2,117992,1,118148
3,118117,1,118429
2,118242,1,118367
0,118242,0
1,118367,1,118492
3,118492,1,118929
0,118492,1,118554
2,118617,0
1,118742,1,118867
0,118867,1,118992
3,118992,1,119304
2,118992,1,119054
0,119117,0
1,119242,0
2,119304,1,119367
3,119367,1,119617
1,119429,1,119492
2,119492,0
0,119554,1,119617
2,119617,0
0,119742,1,120054
2,119742,1,119835
1,119742,1,119804
3,119742,1,119867
1,119867,1,120117
2,119992,1,120117
0,120117,1,120429
2,120242,0
3,120242,0
2,120367,1,120742
0,120492,1,120929
1,120492,1,120742
3,120742,1,121117
1,120867,1,121117
0,120992,1,121304
2,121117,1,121179
3,121179,1,121242
1,121242,0
2,121242,1,121367
0,121367,1,121617
2,121492,0
2,121617,0
0,121742,1,122054
2,121742,0
1,121742,1,121992
2,121867,0
2,121992,1,122242
0,122117,1,122429
1,122242,1,122304
2,122304,1,122367
3,122367,1,122492
0,122492,1,122929
2,122492,1,122554
3,122554,1,122617
1,122742,1,122867
2,122742,1,122835
3,122742,1,122804
0,122992,1,123304
1,122992,1,123054
3,122992,1,123075
2,123075,1,123158
1,123158,1,123325
3,123242,1,123325
2,123325,1,123408
0,123367,1,123617
3,123408,1,123575
2,123492,1,123575
1,123575,1,123742
2,123658,1,123742
0,123742,1,124054
3,123742,1,123867
2,123867,1,124117
0,124117,1,124429
1,124117,1,124242
3,124242,0
2,124242,0
2,124367,1,124492
0,124492,1,124929
3,124617,1,124742
1,124742,0
2,124773,0
3,124804,1,124992
0,124992,1,125304
1,124992,0
2,125023,0
3,125054,1,125273
2,125242,1,125398
0,125367,1,125617
1,125367,1,125523
3,125492,1,125617
2,125617,0
3,125679,0
0,125742,1,126054
2,125742,1,125898
1,125867,1,126023
3,125992,1,126148
0,126117,1,126429
3,126242,1,126367
1,126242,0
2,126367,1,126492
0,126492,1,126929
1,126492,1,126554
3,126617,0
2,126742,1,126867
1,126742,0
1,126867,1,126992
0,126992,1,127054
2,126992,0
2,127117,1,127242
1,127242,0
0,127242,0
3,127304,1,127367
1,127367,0
2,127429,1,127492
0,127492,0
3,127492,0
1,127554,1,127617
3,127617,0
0,127679,1,127742
3,127742,1,127992
2,127742,1,127804
1,127742,1,127804
2,127992,1,128054
3,128054,1,128117
2,128117,1,128242
0,128242,1,128492
1,128492,0
2,128533,1,128742
0,128742,0
3,128742,0
1,128783,1,128908
2,128825,1,128908
0,128992,1,129054
1,128992,1,129054
2,129117,0
3,129242,0
0,129242,1,129367
2,129367,1,129429
1,129367,1,129492
3,129492,1,129617
2,129617,1,129742
0,129742,1,129867
3,129742,1,130117
1,129992,1,130367
0,129992,1,130117
0,130242,1,130367
2,130242,1,130617
3,130367,1,130617
0,130492,1,130679
1,130554,1,130679
1,130742,1,130804
0,130742,1,130804
3,130742,0
1,130867,1,130992
0,130867,1,130992
3,130992,1,131054
2,130992,1,131054
0,131242,1,131429
1,131367,1,131429
2,131367,1,131429
3,131492,1,131617
1,131554,1,131679
2,131617,1,131742
3,131742,1,132117
0,131742,0
2,131867,1,132117
0,131992,0
1,132117,0
0,132242,1,132617
2,132242,0
1,132367,1,132617
3,132492,0
2,132617,0
0,132742,1,132867
1,132742,0
3,132804,1,132992
2,132929,1,132992
0,132992,1,133179
3,133054,1,133179
2,133117,1,133179
1,133242,0
0,133242,0
3,133367,0
3,133492,1,133742
0,133492,0
0,133617,1,133742
1,133742,0
2,133804,1,133992
1,133992,0
0,134054,1,134242
3,134242,0
2,134273,0
1,134304,0
2,134492,0
1,134523,0
0,134554,0
3,134617,1,134742
0,134992,0
1,135075,0
3,135117,0
0,135158,0
1,135242,0
3,135242,1,135429
2,135304,1,135429
3,135492,1,135554
2,135492,1,135554
3,135617,1,135679
2,135617,1,135679
3,135742,1,135992
1,135742,1,135804
0,135742,1,135804
2,135742,1,135867
0,135867,1,136117
1,135867,1,136117
2,135992,1,136054
3,136054,1,136117
2,136117,1,136242
0,136242,1,136492
3,136242,1,136742
1,136367,0
2,136492,0
1,136533,1,136742
2,136742,0
0,136783,1,136908
1,136825,1,136908
3,136992,1,137054
2,136992,1,137054
1,137117,0
2,137242,0
0,137242,1,137367
3,137242,0
2,137367,1,137617
1,137367,1,137429
3,137492,0
0,137492,1,137617
3,137617,1,137742
2,137742,1,137825
0,137742,1,137867
1,137825,1,137908
2,137908,1,137992
3,137992,1,138367
1,137992,1,138117
0,138075,1,138158
2,138158,1,138242
0,138242,1,138617
1,138242,0
1,138367,1,138617
3,138492,1,138679
2,138554,1,138679
2,138742,1,138835
3,138742,1,138867
1,138742,1,138804
3,138992,1,139054
0,138992,1,139117
1,138992,1,139085
2,138992,1,139054
1,139242,0
3,139242,1,139492
0,139367,1,139429
2,139367,1,139429
1,139492,1,139742
3,139617,0
0,139742,1,140117
2,139742,1,139867
3,139992,1,140117
1,140117,0
2,140242,1,140492
3,140242,1,140367
0,140242,0
0,140367,1,140492
1,140367,1,140492
2,140617,0
3,140617,1,140867
2,140742,1,140992
1,140742,1,140867
0,140867,1,140992
3,140992,1,141179
1,140992,0
1,141117,1,141242
2,141117,1,141242
0,141242,0
3,141242,0
2,141367,0
2,141492,1,141554
2,141617,0
0,141742,1,141992
2,141742,1,141825
1,141825,1,141908
3,141908,1,141992
2,141992,1,142075
1,142075,1,142158
2,142242,0
3,142242,1,142492
1,142367,1,142492
2,142492,1,142575
0,142492,1,142742
1,142575,1,142658
2,142658,1,142742
1,142742,1,142825
3,142742,1,142908
2,142825,1,142908
1,142908,1,142992
3,142992,1,143242
0,142992,1,143158
2,143075,1,143158
1,143242,1,143325
0,143242,0
2,143283,1,143408
3,143492,0
0,143492,1,143575
1,143533,1,143658
3,143617,0
0,143742,0
2,143742,1,143835
3,143742,1,143867
1,143742,1,143804
0,143867,1,144117
1,143992,1,144117
3,143992,1,144242
2,143992,1,144085
1,144242,0
0,144242,0
1,144367,1,144742
2,144367,0
0,144492,1,144742
2,144492,1,144617
2,144742,1,145117
3,144742,0
0,144867,1,145117
3,144992,1,145054
1,145117,1,145179
2,145179,1,145242
3,145242,1,145492
0,145242,0
1,145242,1,145367
2,145367,1,145429
1,145492,0
1,145617,0
1,145742,0
2,145742,1,145992
1,145867,0
3,145867,1,145992
1,145992,1,146242
2,146117,1,146242
0,146242,1,146304
3,146242,1,146367
1,146304,1,146367
2,146367,1,146492
1,146492,1,146554
2,146554,1,146617
3,146617,1,146679
2,146742,1,146804
1,146742,1,146835
0,146742,1,146867
1,146992,1,147158
2,146992,1,147075
0,146992,1,147158
3,147075,1,147242
2,147158,1,147242
0,147242,1,147408
1,147242,1,147325
2,147325,1,147408
3,147367,1,147554
1,147408,1,147492
0,147492,1,147575
2,147492,1,147658
1,147575,1,147742
0,147658,1,147742
2,147742,0
3,147742,1,147992
0,147867,0
1,147992,0
1,148117,0
2,148242,0
1,148242,1,148367
3,148283,1,148367
2,148492,0
2,148617,0
0,148742,1,148992
2,148742,1,148867
3,148992,0
1,148992,0
3,149117,1,149200
1,149117,1,149242
0,149242,0
2,149242,0
3,149367,0
3,149492,0
1,149492,1,149742
3,149617,1,149867
0,149742,1,149825
2,149783,1,149867
1,149992,0
1,150117,0
1,150242,0
2,150242,1,150367
1,150367,1,150492
2,150492,0
0,150492,0
2,150617,1,150804
0,150617,1,150929
1,150742,0
3,150742,1,150992
2,150867,1,150992
1,150992,1,151054
0,150992,1,151054
2,151117,0
3,151242,0
0,151242,0
2,151367,1,151429
1,151367,1,151429
3,151492,0
0,151492,0
3,151617,0
0,151617,0
0,151742,0
2,151742,1,151835
3,151742,1,151867
1,151742,1,151804
0,151867,1,152117
1,151992,1,152117
3,151992,1,152242
0,152242,0
1,152242,0
1,152367,1,152742
2,152367,0
0,152492,1,152742
2,152492,1,152617
2,152742,1,153117
3,152742,0
0,152867,1,153117
3,152992,1,153054
1,153117,1,153179
2,153179,1,153242
3,153242,1,153492
0,153242,0
1,153242,1,153367
2,153367,1,153429
1,153492,0
1,153617,0
1,153742,0
2,153742,1,153992
1,153867,0
3,153867,1,153992
1,153992,1,154242
2,154117,1,154242
0,154242,1,154304
3,154242,1,154367
1,154304,1,154367
2,154367,1,154492
1,154492,1,154554
2,154554,1,154617
3,154617,1,154679
2,154742,1,154804
1,154742,1,154835
0,154742,1,154867
1,154992,1,155158
2,154992,1,155075
0,154992,1,155158
3,155075,1,155242
2,155158,1,155242
0,155242,1,155408
1,155242,1,155325
2,155325,1,155408
3,155367,1,155554
1,155408,1,155492
0,155492,1,155575
2,155492,1,155658
1,155575,1,155742
0,155658,1,155742
3,155742,0
2,155742,1,155867
0,155867,1,155992
2,155929,1,155992
3,155992,0
1,155992,1,156117
3,156117,1,156242
1,156242,1,156325
0,156242,0
2,156283,1,156492
0,156492,1,156575
1,156533,1,156742
2,156617,0
0,156742,1,156867
3,156742,1,156908
1,156867,0
3,156992,1,157075
0,156992,1,157242
2,157075,1,157158
3,157158,1,157492
2,157242,1,157492
1,157242,0
0,157367,0
0,157492,1,157617
1,157617,0
1,157742,1,157867
0,157742,1,157992
3,157742,1,158242
2,157992,0
0,158117,1,158492
2,158117,1,158242
1,158367,0
2,158367,1,158658
1,158492,1,158804
3,158492,1,158929
2,158742,1,158992
0,158742,0
0,158867,1,159242
1,158867,1,159054
3,158992,1,159242
2,159054,1,159242
1,159117,1,159242
3,159742,0
2,159742,0
1,159804,1,159867
0,159867,0
3,159929,0
1,159992,1,160117
2,160054,1,160179
1,160242,0
0,160242,0
2,160367,1,160429
2,160492,0
1,160554,0
2,160617,0
1,160679,0
3,160742,1,160835
1,160867,1,160929
0,160992,1,161085
2,161117,1,161179
1,161242,0
3,161242,0
0,161367,0
0,161492,0
0,161617,0
3,161679,0
2,161742,0
1,161804,1,161929
1,161992,0
1,162117,0
2,162179,1,162304
2,162367,0
2,162492,0
1,162554,1,162679
3,162617,1,162679
2,162679,1,162742
0,162742,0
0,162867,1,162992
3,162929,1,163117
1,162992,0
2,163117,0
3,163242,1,163492
1,163242,1,163429
0,163242,1,163429
2,163367,1,163523
1,163492,1,163648
0,163492,1,163617
3,163554,1,163648
2,163585,1,163679
