0,173,1,290
3,407,1,524
1,524,0
2,641,1,758
1,876,1,993
2,1110,1,1227
1,1344,1,1462
3,1462,1,1579
2,1579,0
1,1813,1,1930
3,1930,0
0,2048,1,2165
3,2282,1,2399
2,2399,0
1,2516,1,2633
0,2751,1,2868
3,2985,1,3219
0,3219,1,3337
2,3337,1,3571
1,3454,0
0,3571,1,3688
1,3688,1,3923
3,3805,0
0,3923,1,4040
3,4157,1,4274
1,4274,0
2,4391,1,4508
1,4626,1,4743
3,4743,0
2,4860,1,4977
1,5094,1,5212
3,5212,1,5329
0,5329,0
1,5563,1,5680
3,5680,0
0,5798,1,6618
2,5798,1,6032
1,5915,1,6032
3,6032,1,6266
2,6149,1,6266
1,6266,1,6501
2,6383,1,6501
3,6501,1,6735
2,6618,1,6735
0,6735,1,6852
1,6735,1,6852
2,6852,1,6969
1,6969,1,7087
2,7087,1,7204
0,7204,0
3,7204,0
1,7321,0
2,7321,0
0,7438,0
3,7438,0
1,7555,0
2,7555,0
0,7673,1,7790
3,7673,0
3,7907,1,8024
2,8024,0
0,8141,0
1,8141,1,8258
2,8258,0
3,8258,0
0,8376,1,8493
2,8493,0
1,8610,1,8727
3,8610,0
0,8844,0
2,8844,1,8962
3,8962,1,9196
0,9079,0
1,9079,0
2,9196,0
1,9313,1,9430
3,9430,0
0,9548,1,9665
3,9782,0
1,9899,0
0,10016,1,10133
2,10016,0
1,10133,0
3,10133,0
2,10251,1,10368
1,10368,1,10485
0,10485,0
3,10602,1,10719
1,10719,0
2,10837,1,10954
0,10954,0
3,10954,0
1,11071,1,11188
3,11188,1,11305
1,11305,1,11423
0,11423,0
2,11423,1,11540
2,11657,0
3,11657,1,11774
1,11774,0
0,11891,0
2,11891,1,12008
1,12008,0
3,12008,0
0,12126,1,12243
3,12243,0
1,12360,0
2,12360,1,12477
3,12516,0
0,12594,0
1,12594,1,12712
3,12712,1,12946
1,12829,0
2,12829,0
0,12946,0
2,13063,1,13180
0,13180,0
1,13298,1,13532
3,13298,1,13415
0,13415,1,13532
2,13532,1,13766
3,13532,1,13649
1,13649,1,13766
0,13766,1,13883
3,13766,1,14001
2,13883,1,14001
0,14001,1,14118
1,14001,1,14235
3,14118,1,14235
0,14235,0
2,14235,0
2,14352,0
1,14469,0
1,14587,0
2,14704,0
3,14704,0
3,14821,0
0,14938,0
0,15055,0
2,15173,0
3,15407,0
0,15876,0
2,16110,0
0,16579,0
1,16813,0
2,17048,0
0,17399,0
2,17751,0
1,18219,0
2,18454,0
3,18688,0
2,18747,0
1,18805,0
0,18923,1,19274
2,18923,0
3,18923,0
2,19274,1,19626
0,19626,1,19860
2,19860,1,20329
3,19860,1,20329
0,20329,1,20563
3,20563,1,21149
2,20798,1,21149
0,21149,1,21501
2,21501,1,21735
1,21735,1,21969
0,21969,1,22204
2,22204,1,22673
0,22673,1,23024
1,22673,0
3,22673,0
2,23024,1,23376
0,23376,1,23610
2,23610,1,24079
3,23610,1,24079
0,24079,1,24313
3,24313,1,24899
2,24548,1,24899
0,24899,1,25251
2,25251,1,25485
3,25368,1,25485
1,25485,1,25719
0,25602,1,25719
2,25719,0
3,25719,1,26071
1,26071,0
2,26071,1,26423
0,26423,1,26657
1,26423,1,26891
3,26423,0
3,26774,1,26891
0,26891,0
2,26891,0
2,27126,1,27243
0,27360,0
3,27360,0
1,27477,1,27594
3,27594,0
2,27712,0
0,27829,1,27946
1,27829,0
3,28063,0
3,28180,0
0,28298,0
1,28298,1,28415
0,28532,0
2,28649,1,28766
1,28766,0
3,28766,0
0,29001,1,29118
2,29118,0
2,29235,0
3,29235,0
1,29352,1,29469
0,29469,0
2,29587,0
0,29704,0
3,29704,1,29821
2,29938,1,30055
3,30055,0
0,30173,1,30407
1,30173,1,30641
2,30173,0
3,30524,1,30641
0,30641,0
2,30641,0
1,30876,0
2,30876,1,30993
0,31110,0
3,31110,0
1,31227,1,31344
0,31344,0
3,31344,0
2,31462,0
0,31579,1,31696
1,31579,0
3,31813,0
2,31930,0
3,31930,0
0,32048,0
1,32048,1,32165
1,32282,0
3,32282,0
2,32399,1,32516
0,32516,0
3,32516,0
0,32751,1,32868
1,32751,0
1,32868,0
2,32985,0
3,32985,0
1,33102,1,33219
0,33219,0
3,33219,0
2,33337,0
0,33454,0
3,33454,1,33571
0,33688,1,33805
1,33688,0
2,33805,0
0,33923,0
1,33923,0
3,33923,0
2,34157,1,34274
3,34157,1,34274
1,34391,0
3,34391,1,34626
1,34626,1,34743
2,34626,1,34743
0,34743,1,34860
3,34743,1,34860
1,34977,0
3,34977,0
0,35212,0
2,35212,0
2,35446,1,35563
3,35446,1,35563
0,35563,1,35680
1,35563,1,35680
2,35680,1,35798
3,35798,1,35856
3,35915,1,36032
0,36032,1,36090
0,36149,1,36266
2,36266,1,36325
2,36383,1,36501
1,36501,1,36559
1,36618,1,36735
2,36735,1,36794
2,36852,1,36969
0,36969,1,37028
0,37087,1,37204
1,37145,1,37262
3,37204,1,37321
2,37262,1,37380
0,37321,1,37438
1,37380,0
3,37438,1,37497
3,37555,1,37673
0,37673,0
1,37673,0
1,37907,1,38024
2,37965,1,38141
0,38141,0
1,38141,1,38317
3,38141,1,38434
0,38376,0
1,38434,0
2,38493,0
3,38551,0
0,38610,0
1,38610,0
2,38727,0
3,38786,0
1,38844,0
2,38903,0
0,38962,0
1,39020,0
0,39079,0
2,39079,0
3,39079,0
1,39196,0
3,39196,0
0,39313,0
2,39313,0
0,39430,0
1,39430,0
2,39548,0
3,39548,0
3,39665,1,39782
1,39782,0
2,39840,0
1,39899,0
0,40016,0
2,40016,0
3,40016,0
0,40133,1,40251
2,40251,0
1,40309,0
3,40368,0
2,40426,0
0,40485,1,40719
1,40485,0
2,40602,1,40661
1,40661,1,40719
3,40719,0
2,40778,0
1,40837,0
0,40954,0
2,40954,0
3,40954,1,41188
1,41071,1,41130
2,41130,1,41188
0,41188,0
1,41247,0
2,41305,0
0,41423,1,41598
1,41423,1,41540
3,41540,0
2,41657,0
1,41696,0
0,41891,0
1,41891,1,42008
2,41891,1,42008
3,41950,1,42360
2,42126,0
2,42243,0
0,42360,0
1,42360,0
3,42477,0
1,42536,0
2,42594,0
0,42653,0
1,42712,0
0,42829,0
2,42829,0
3,42829,0
1,42946,0
2,43063,0
2,43180,0
0,43298,0
3,43298,1,43649
1,43356,0
1,43532,0
2,43590,0
0,43766,1,44118
2,43766,0
3,43766,1,43883
1,43825,0
3,44001,0
2,44059,0
0,44235,0
3,44235,1,44587
1,44294,0
2,44469,0
1,44528,0
0,44704,0
2,44704,0
3,44704,0
1,44821,1,44938
2,44880,1,44997
3,44938,1,45055
0,44997,1,45114
1,45055,1,45173
2,45114,1,45231
3,45173,1,45407
0,45231,1,45641
1,45641,0
2,45641,1,45758
3,45641,1,45817
0,45758,0
1,45817,0
2,45876,0
3,45934,0
0,45993,0
1,46051,0
2,46110,0
3,46110,0
1,46227,0
3,46344,0
1,46462,0
0,46579,0
2,46579,0
3,46579,0
1,46696,0
2,46755,0
3,46813,0
0,46872,0
2,46930,0
1,46989,0
0,47048,1,47165
3,47048,0
2,47106,0
1,47165,0
3,47282,1,47399
2,47340,0
1,47399,0
0,47516,0
2,47516,1,47633
3,47516,0
1,47575,0
0,47633,0
1,47751,1,47868
2,47809,0
3,47868,0
0,47985,0
2,47985,1,48102
1,48044,0
0,48102,0
2,48219,0
2,48337,0
0,48454,0
1,48454,0
3,48454,1,48571
2,48512,0
1,48571,0
3,48688,0
3,48805,0
0,48923,0
2,48923,1,49040
1,48981,0
3,49040,0
0,49157,0
1,49215,0
3,49274,0
2,49333,0
0,49391,0
1,49391,0
3,49391,0
0,49508,0
2,49626,0
3,49626,0
1,49743,0
0,49860,0
2,49860,0
2,49977,0
1,50094,1,50329
3,50094,1,50212
0,50329,0
2,50329,0
3,50329,0
2,50446,0
1,50563,0
1,50680,0
0,50798,0
3,50798,0
2,50876,0
1,50954,0
3,51032,0
0,51110,0
1,51188,0
0,51266,0
2,51266,0
3,51266,0
1,51344,0
2,51423,0
0,51501,0
1,51579,0
3,51657,0
2,51735,0
2,51852,0
0,51969,0
1,51969,1,52204
3,52087,0
2,52204,0
1,52321,0
3,52321,1,52555
0,52438,0
1,52555,0
2,52673,0
3,52673,0
1,52731,0
0,52790,0
3,52848,0
2,52907,0
1,52965,0
3,53024,0
0,53083,0
2,53141,0
1,53200,0
0,53258,0
2,53317,0
1,53376,0
3,53434,0
2,53493,0
1,53551,0
3,53610,0
0,53669,0
2,53727,0
3,53786,0
1,53844,0
0,53903,0
2,53962,0
1,54020,0
3,54079,0
2,54137,0
1,54196,0
3,54255,0
0,54313,0
1,54372,0
2,54430,0
3,54489,0
0,54548,0
2,54606,0
1,54665,0
0,54723,0
3,54782,0
1,54840,0
2,54899,0
3,54958,0
0,55016,0
1,55075,0
2,55133,0
0,55192,0
3,55251,0
1,55309,0
2,55368,0
3,55426,0
0,55485,0
1,55544,0
3,55602,0
2,55661,0
0,55719,0
1,55719,0
3,55837,0
2,55895,0
0,55954,0
1,56012,0
2,56071,0
3,56071,0
0,56188,0
1,56247,0
3,56305,0
2,56364,0
0,56423,0
1,56423,0
3,56481,0
2,56540,0
0,56598,0
3,56657,0
1,56715,0
0,56774,0
2,56833,0
1,56891,0
3,56950,0
0,57008,0
2,57067,0
3,57126,0
1,57184,0
2,57243,0
0,57301,0
3,57360,0
2,57419,0
1,57477,0
0,57536,0
3,57594,0
1,57653,0
2,57712,0
3,57770,0
0,57829,0
1,57887,0
2,57946,0
0,58005,0
3,58063,0
2,58122,0
0,58180,0
3,58239,0
1,58298,0
0,58356,0
2,58415,0
1,58473,0
3,58532,0
2,58590,0
0,58649,0
3,58708,0
1,58766,0
0,58825,0
2,58883,0
1,58942,0
3,59001,0
2,59059,0
0,59118,0
3,59176,0
1,59235,0
0,59294,0
2,59352,0
1,59411,0
3,59469,0
2,59528,0
0,59587,0
3,59645,0
1,59704,0
0,59762,0
2,59938,1,60173
0,60173,0
1,60173,0
3,60173,0
1,60407,0
2,60407,0
3,60446,0
0,60641,0
1,60641,0
2,60680,0
0,60876,0
3,60876,0
1,60915,0
0,61110,0
2,61110,0
3,61149,0
0,61344,0
1,61344,0
3,61462,1,61813
0,61579,0
2,61579,0
1,61813,0
2,61813,0
1,61930,0
0,62048,0
2,62048,0
1,62282,0
2,62282,0
3,62321,0
0,62516,0
1,62516,0
2,62555,0
0,62751,0
3,62751,0
1,62790,0
0,62985,0
2,62985,0
3,63024,0
0,63219,0
1,63219,0
3,63337,1,63688
0,63454,0
2,63454,0
1,63688,0
2,63688,0
2,63805,0
0,63923,0
1,63923,0
3,64040,0
0,64157,0
2,64274,0
3,64274,0
0,64391,0
1,64391,0
3,64508,0
2,64567,0
0,64626,0
1,64626,0
2,64743,0
1,64801,0
0,64860,0
3,64860,0
2,64977,0
0,65094,0
1,65212,0
3,65212,0
0,65329,0
2,65329,0
3,65446,0
0,65505,0
1,65563,0
2,65563,0
0,65680,0
1,65739,0
2,65798,0
0,65856,0
3,65915,0
2,65973,0
1,66032,0
3,66090,0
0,66149,0
1,66208,0
2,66266,0
0,66325,0
3,66383,0
2,66442,0
1,66501,0
3,66559,0
0,66618,0
1,66676,0
2,66735,0
3,66735,0
2,66881,0
3,66881,0
0,66969,0
1,66969,1,67438
0,67204,1,67438
2,67204,0
3,67204,0
2,67438,1,67555
3,67438,1,67555
0,67673,1,67790
2,67673,0
3,67673,0
1,67790,0
0,67907,1,68024
2,68024,0
1,68141,0
3,68258,1,68376
2,68376,0
3,68493,1,68610
0,68610,1,68727
2,68727,0
0,68844,1,68962
1,68962,0
2,69079,0
3,69079,0
2,69196,0
1,69313,0
1,69430,0
0,69548,1,69665
2,69548,1,69665
3,69548,0
1,69665,0
0,69782,1,69899
2,69782,1,69899
1,69899,0
2,70016,0
3,70016,0
0,70133,1,70251
2,70251,0
1,70309,0
3,70368,0
2,70426,0
0,70485,1,70719
1,70485,0
2,70602,1,70661
1,70661,1,70719
3,70719,0
2,70778,0
1,70837,0
0,70954,0
3,70954,1,71188
1,71071,1,71130
2,71130,1,71188
0,71188,0
1,71247,0
2,71305,0
0,71423,1,71598
1,71423,1,71540
3,71540,0
2,71657,1,71774
1,71715,1,71891
0,71891,1,72243
3,71891,0
2,72126,0
3,72243,0
0,72360,0
1,72360,0
2,72477,0
1,72536,0
3,72594,0
0,72653,0
1,72712,0
2,72829,0
3,72829,0
1,72946,0
1,73063,1,73180
2,73180,0
0,73298,0
3,73298,1,73649
1,73356,0
1,73532,0
2,73590,0
0,73766,1,74118
2,73766,0
1,73825,0
3,74001,0
2,74059,0
0,74235,0
3,74235,1,74587
1,74294,0
2,74469,0
1,74528,0
0,74704,0
2,74704,0
1,74821,1,74938
2,74880,1,74997
3,74938,1,75055
0,74997,1,75114
1,75055,1,75173
2,75114,1,75231
3,75173,1,75641
0,75641,0
1,75641,0
2,75700,0
3,75758,0
1,75817,0
2,75876,0
3,75934,0
0,75993,0
1,76051,0
2,76110,0
0,76169,0
1,76227,0
2,76286,0
0,76344,0
3,76344,0
1,76462,0
2,76579,0
3,76579,0
0,76696,0
1,76696,0
2,76755,0
3,76813,0
0,76872,0
2,76930,0
1,76989,0
0,77048,0
3,77048,0
3,77165,0
2,77282,0
0,77399,0
1,77399,0
1,77516,0
3,77516,0
3,77633,0
0,77751,0
2,77751,0
0,77868,0
1,77926,0
2,77985,0
3,77985,0
1,78102,0
1,78219,0
2,78219,0
2,78337,0
0,78454,0
3,78454,0
1,78571,0
3,78688,0
0,78805,0
1,78864,0
2,78923,0
3,78923,0
1,79040,0
2,79098,0
3,79157,0
0,79215,0
1,79274,0
3,79333,0
0,79391,0
2,79391,0
1,79508,0
2,79626,0
3,79626,0
1,79743,0
0,79860,0
3,79860,0
0,79977,0
3,80094,0
3,80212,0
1,80329,0
2,80329,0
1,80446,0
2,80563,0
2,80680,0
0,80798,0
1,80798,0
3,80915,0
2,80973,0
1,81032,0
0,81090,0
2,81149,0
3,81149,0
0,81266,0
1,81325,0
2,81383,0
3,81442,0
0,81501,0
1,81501,0
3,81618,0
2,81676,0
1,81735,0
0,81794,0
3,81852,0
2,81911,0
1,81969,0
0,82028,0
3,82087,0
2,82145,0
0,82204,0
1,82204,0
3,82262,0
2,82321,0
1,82380,0
0,82438,0
3,82497,0
2,82555,0
1,82614,0
0,82673,0
3,82673,0
