0,1450,0
1,1450,0
5,1450,0
6,1450,0
2,1450,0
4,1623,0
2,1623,0
1,1710,0
3,1753,0
5,1796,0
6,1796,0
0,1796,0
2,1970,0
4,1970,0
1,2143,0
3,2143,0
4,2317,0
6,2317,0
2,2403,0
4,2447,0
0,2490,0
3,2490,0
1,2490,0
4,2663,0
6,2663,0
2,2837,0
0,2837,0
3,3010,0
5,3010,0
1,3184,0
2,3184,0
4,3184,0
3,3270,0
5,3314,0
6,3357,0
0,3357,0
2,3530,0
4,3530,0
6,3704,0
0,3704,0
3,3791,0
4,3834,0
5,3877,0
2,3877,0
1,3877,0
0,4051,0
6,4051,0
1,4181,0
2,4202,0
3,4224,0
5,4224,0
0,4397,0
2,4397,0
4,4484,0
2,4528,0
5,4571,0
6,4571,0
3,4571,0
0,4744,0
1,4744,0
4,4918,0
6,4918,0
1,5091,0
3,5091,0
4,5178,0
2,5221,0
0,5265,0
5,5265,0
6,5265,0
1,5438,0
3,5438,0
4,5611,0
5,5611,0
2,5785,0
0,5785,0
3,5958,0
6,5958,0
1,5958,0
4,6045,0
2,6088,0
0,6132,0
5,6132,0
1,6305,0
2,6305,0
4,6478,0
6,6478,0
0,6652,0
2,6652,0
5,6652,0
3,6739,0
1,6825,0
4,6825,0
2,6912,0
3,6999,0
5,6999,0
6,6999,0
0,6999,0
6,7172,0
2,7172,0
3,7259,0
5,7302,0
4,7345,0
2,7345,0
1,7345,0
0,7345,0
3,7519,0
6,7519,0
0,7519,0
2,7692,0
4,7692,0
1,7866,0
3,7866,0
5,7866,0
4,7952,0
3,7996,0
2,8039,0
0,8039,0
4,8126,0
5,8126,0
6,8213,0
2,8213,0
1,8213,0
3,8299,0
0,8386,0
4,8386,0
5,8386,0
6,8559,0
2,8559,0
1,8733,0
3,8733,0
0,8733,0
4,8733,0
6,8819,0
5,8819,0
2,8863,0
0,8906,0
2,8993,0
4,8993,0
6,8993,0
2,9166,0
4,9166,0
6,9166,0
1,9253,0
0,9253,0
4,9340,0
3,9383,0
0,9426,0
2,9426,0
1,9600,0
5,9600,0
4,9600,0
2,9730,0
3,9752,0
4,9773,0
6,9773,0
0,9773,0
1,9947,0
2,9947,0
4,10033,0
2,10077,0
6,10120,0
0,10120,0
3,10120,0
4,10207,0
5,10293,0
1,10293,0
2,10293,0
3,10467,0
4,10467,0
5,10640,0
6,10640,0
1,10640,0
0,10640,0
4,10727,0
3,10770,0
2,10814,0
5,10900,0
6,10900,0
4,10900,0
0,10987,0
3,10987,0
1,10987,0
4,11074,0
2,11074,0
6,11160,0
5,11160,0
1,11247,0
2,11334,0
4,11334,0
0,11507,0
6,11507,0
1,11507,0
5,11507,0
4,11594,0
2,11681,0
3,11681,0
1,11767,0
0,11767,0
5,11767,0
6,11767,0
4,11854,0
3,11854,0
2,11941,0
6,11941,0
0,11941,0
4,12028,0
5,12028,0
1,12071,0
3,12114,0
6,12158,0
0,12201,0
5,12244,0
3,12288,0
1,12331,0
4,12374,0
6,12374,0
2,12418,0
0,12461,0
3,12548,0
5,12548,0
6,12548,0
2,12591,0
1,12634,0
0,12678,0
4,12721,0
5,12808,0
3,12808,0
6,12808,0
2,12851,0
1,12895,0
0,12938,0
4,12981,0
3,13068,0
5,13068,0
6,13068,0
2,13111,0
1,13155,0
0,13198,0
4,13241,0
5,13241,0
6,13241,0
3,13241,0
6,13415,0
4,13415,0
1,13502,0
2,13545,0
3,13588,0
5,13588,0
0,13588,0
6,13588,0
2,13762,0
3,13762,0
4,13762,0
5,13762,0
0,13935,0
1,13935,0
3,13935,0
4,13978,0
5,14022,0
6,14065,0
2,14108,0
3,14195,0
0,14195,0
1,14195,0
4,14239,0
5,14282,0
6,14325,0
2,14369,0
1,14455,0
0,14455,0
3,14455,0
4,14499,0
5,14542,0
6,14585,0
0,14629,0
2,14629,0
1,14629,0
3,14629,0
5,14802,0
4,14802,0
2,14802,0
6,14802,0
3,14976,0
1,14976,0
0,14976,0
4,15062,0
5,15062,0
2,15062,0
1,15149,0
0,15149,0
3,15149,0
6,15236,0
4,15322,0
3,15322,0
5,15322,0
0,15366,0
1,15409,0
2,15452,0
3,15496,0
6,15582,0
1,15582,0
0,15582,0
5,15626,0
4,15669,0
3,15713,0
2,15756,0
1,15843,0
0,15843,0
6,15843,0
5,15886,0
4,15929,0
3,15973,0
6,16016,0
0,16016,0
5,16016,0
2,16016,0
6,16189,0
4,16189,0
1,16276,0
2,16319,0
5,16363,0
4,16363,0
6,16363,0
3,16363,0
4,16536,0
1,16536,0
3,16536,0
5,16623,0
6,16623,0
2,16710,0
0,16710,0
3,16710,0
5,16753,0
4,16796,0
1,16840,0
2,16883,0
6,16970,0
3,16970,0
5,16970,0
4,17056,0
1,17056,0
2,17056,0
0,17143,0
5,17230,0
3,17230,0
6,17230,0
2,17273,0
1,17317,0
0,17360,0
4,17403,0
6,17403,0
5,17403,0
3,17403,0
1,17490,0
2,17490,0
3,17577,0
5,17577,0
6,17663,0
0,17750,0
4,17750,0
1,17750,0
2,17750,0
5,17837,0
2,17923,0
0,17923,0
3,17923,0
4,18010,0
1,18097,0
5,18097,0
6,18097,0
2,18140,0
3,18184,0
4,18227,0
5,18270,0
0,18357,0
1,18357,0
2,18357,0
6,18444,0
3,18444,0
4,18444,0
2,18530,0
0,18617,0
6,18617,0
5,18617,0
1,18660,0
2,18704,0
3,18747,0
0,18791,0
1,18791,0
4,18791,0
6,18791,0
5,18964,0
3,18964,0
1,19051,0
2,19094,0
5,19137,0
4,19137,0
6,19137,0
3,19137,0
3,19311,0
4,19311,0
5,19311,0
2,19311,0
1,19484,0
6,19484,0
0,19484,0
5,19528,0
4,19571,0
2,19614,0
1,19658,0
0,19744,0
6,19744,0
5,19744,0
3,19788,0
4,19831,0
5,19874,0
6,19918,0
2,19918,0
0,20004,0
1,20004,0
4,20004,0
3,20048,0
2,20091,0
1,20134,0
6,20178,0
0,20178,0
5,20178,0
4,20178,0
4,20351,0
0,20351,0
2,20351,0
6,20351,0
1,20525,0
3,20525,0
5,20525,0
6,20611,0
4,20611,0
2,20611,0
5,20698,0
1,20698,0
3,20698,0
0,20785,0
6,20871,0
5,20871,0
3,20871,0
2,20915,0
1,20958,0
0,21002,0
4,21045,0
1,21132,0
6,21132,0
5,21132,0
2,21175,0
3,21218,0
4,21262,0
0,21305,0
6,21392,0
1,21392,0
5,21392,0
4,21435,0
3,21478,0
2,21522,0
5,21565,0
1,21565,0
6,21565,0
0,21565,0
1,21739,0
2,21739,0
4,21825,0
3,21869,0
0,21912,0
2,21912,0
5,21912,0
6,21912,0
4,22085,0
2,22085,0
3,22085,0
5,22172,0
6,22172,0
0,22259,0
4,22259,0
1,22259,0
3,22302,0
2,22345,0
6,22389,0
5,22432,0
3,22519,0
1,22519,0
4,22519,0
0,22606,0
5,22606,0
6,22606,0
3,22692,0
2,22779,0
0,22779,0
1,22779,0
4,22822,0
5,22866,0
6,22909,0
2,22952,0
0,22952,0
1,22952,0
3,22952,0
4,23039,0
6,23126,0
0,23126,0
2,23126,0
5,23126,0
2,23299,0
4,23299,0
1,23299,0
5,23299,0
2,23386,0
1,23386,0
4,23473,0
5,23473,0
5,23559,0
4,23559,0
0,23646,0
3,23646,0
6,23689,0
1,23733,0
5,23776,0
2,23819,0
3,23906,0
4,23950,0
5,23993,0
6,24036,0
2,24166,0
1,24210,0
4,24253,0
6,24340,0
5,24340,0
3,24340,0
2,24383,0
0,24426,0
4,24470,0
6,24513,0
3,24600,0
2,24643,0
1,24686,0
0,24730,0
5,24860,0
4,24903,0
2,24947,0
0,25033,0
1,25033,0
6,25120,0
4,25120,0
3,25207,0
0,25207,0
2,25207,0
5,25293,0
4,25337,0
3,25380,0
2,25423,0
1,25467,0
6,25554,0
5,25554,0
0,25554,0
2,25640,0
4,25640,0
0,25727,0
3,25727,0
6,25727,0
1,25770,0
4,25814,0
5,25857,0
2,25900,0
3,25944,0
6,25987,0
2,26074,0
4,26074,0
5,26074,0
1,26160,0
3,26160,0
4,26247,0
0,26247,0
2,26291,0
5,26334,0
3,26421,0
6,26421,0
0,26421,0
4,26464,0
2,26507,0
5,26551,0
6,26594,0
1,26681,0
3,26724,0
5,26767,0
2,26811,0
0,26854,0
6,26941,0
4,26984,0
2,27028,0
3,27114,0
5,27114,0
1,27114,0
4,27201,0
2,27244,0
0,27288,0
3,27374,0
5,27418,0
6,27461,0
1,27504,0
2,27548,0
4,27634,0
0,27678,0
2,27721,0
3,27765,0
5,27808,0
4,27808,0
1,27895,0
0,27895,0
2,27981,0
3,27981,0
6,27981,0
5,28068,0
1,28111,0
4,28155,0
2,28198,0
0,28241,0
6,28328,0
5,28328,0
3,28328,0
6,28415,0
5,28415,0
0,28502,0
1,28502,0
2,28502,0
4,28545,0
5,28588,0
6,28632,0
3,28675,0
2,28718,0
1,28762,0
0,28805,0
6,28848,0
5,28892,0
4,28935,0
0,28978,0
1,29022,0
2,29065,0
3,29108,0
4,29152,0
0,29195,0
2,29195,0
6,29195,0
5,29195,0
1,29195,0
1,29369,0
2,29369,0
4,29369,0
5,29369,0
6,29369,0
0,29542,0
1,29542,0
3,29542,0
5,29542,0
2,29542,0
4,29715,0
3,29715,0
0,29715,0
1,29715,0
6,29715,0
5,29889,0
6,29889,0
4,29889,0
2,29889,0
0,29889,0
3,29889,0
1,30062,0
2,30062,0
4,30062,0
5,30062,0
6,30062,0
3,30236,0
1,30236,0
0,30236,0
2,30236,0
5,30236,0
4,30409,0
3,30409,0
1,30409,0
0,30409,0
6,30409,0
2,30582,0
0,30582,0
4,30582,0
5,30582,0
6,30582,0
3,30582,0
1,30756,0
2,30756,0
5,30756,0
6,30756,0
4,30756,0
0,30929,0
1,30929,0
3,30929,0
5,30929,0
2,30929,0
4,31103,0
3,31103,0
1,31103,0
0,31103,0
6,31103,0
4,31276,0
3,31276,0
2,31276,0
6,31276,0
5,31276,0
0,31276,0
1,31450,0
2,31450,0
5,31450,0
4,31450,0
0,31450,0
5,31623,0
1,31623,0
3,31623,0
6,31623,0
2,31623,0
3,31796,0
2,31796,0
4,31796,0
6,31796,0
5,31796,0
0,31970,0
5,31970,0
1,31970,0
4,31970,0
0,32056,0
1,32056,0
4,32143,0
3,32143,0
6,32230,0
1,32230,0
5,32230,0
2,32230,0
6,32317,0
5,32317,0
4,32403,0
3,32403,0
1,32490,0
2,32490,0
0,32490,0
0,32577,0
1,32577,0
6,32663,0
4,32663,0
3,32663,0
4,32750,0
0,32837,0
2,32837,0
3,32837,0
2,32923,0
5,33010,0
4,33010,0
5,33097,0
2,33184,0
1,33184,0
1,33270,0
3,33357,0
6,33357,0
2,33444,0
5,33444,0
1,33530,0
4,33530,0
0,33617,0
3,33617,0
6,33704,0
2,33704,0
5,33791,0
1,33791,0
4,33877,0
0,33877,0
2,33877,0
6,33964,0
3,33964,0
5,33964,0
1,34051,0
2,34051,0
0,34051,0
4,34051,0
3,34224,0
6,34224,0
2,34397,0
4,34455,0
6,34513,0
1,34571,0
3,34629,0
5,34686,0
0,34744,0
2,34744,0
6,34744,0
1,34744,0
3,34802,0
4,34860,0
2,34918,0
5,34918,0
1,34976,0
0,35033,0
4,35091,0
6,35091,0
3,35091,0
1,35134,0
2,35178,0
4,35221,0
5,35265,0
0,35308,0
1,35351,0
3,35395,0
4,35438,0
6,35438,0
6,35525,0
4,35525,0
0,35611,0
2,35611,0
2,35698,0
0,35698,0
5,35785,0
6,35785,0
4,35828,0
3,35871,0
0,35915,0
1,35958,0
2,36002,0
4,36045,0
5,36088,0
3,36132,0
2,36132,0
6,36132,0
1,36189,0
0,36247,0
5,36305,0
4,36305,0
5,36392,0
2,36478,0
1,36478,0
3,36478,0
4,36522,0
5,36565,0
6,36608,0
0,36652,0
1,36652,0
2,36739,0
3,36739,0
6,36825,0
4,36825,0
0,36869,0
1,36912,0
2,36955,0
4,36999,0
5,36999,0
5,37085,0
4,37085,0
2,37172,0
3,37172,0
0,37172,0
6,37215,0
4,37259,0
2,37302,0
0,37345,0
5,37403,0
3,37442,0
1,37476,0
4,37519,0
6,37519,0
2,37606,0
4,37692,0
5,37750,0
2,37808,0
6,37866,0
1,37866,0
3,37909,0
5,37952,0
0,37996,0
2,38039,0
4,38082,0
6,38126,0
3,38169,0
2,38213,0
0,38213,0
5,38256,0
4,38299,0
3,38343,0
1,38386,0
0,38386,0
0,38473,0
1,38473,0
6,38559,0
5,38559,0
4,38559,0
3,38559,0
2,38603,0
1,38646,0
0,38689,0
3,38733,0
4,38776,0
5,38819,0
6,38863,0
2,38906,0
0,38906,0
4,38993,0
6,39022,0
2,39080,0
0,39108,0
3,39166,0
5,39195,0
1,39253,0
6,39253,0
4,39253,0
2,39340,0
0,39369,0
6,39426,0
4,39455,0
3,39513,0
1,39542,0
6,39600,0
4,39600,0
2,39686,0
4,39686,0
6,39686,0
0,39686,0
2,39773,0
0,39773,0
0,39947,0
3,39947,0
1,39947,0
5,39947,0
4,40120,0
6,40120,0
2,40120,0
4,40207,0
2,40207,0
0,40293,0
1,40293,0
3,40293,0
5,40351,0
2,40409,0
6,40467,0
3,40525,0
2,40582,0
0,40640,0
6,40640,0
1,40640,0
5,40669,0
4,40698,0
3,40727,0
1,40814,0
2,40857,0
3,40900,0
4,40944,0
6,40987,0
5,40987,0
6,41074,0
5,41074,0
1,41160,0
0,41160,0
0,41247,0
1,41247,0
2,41334,0
3,41334,0
6,41334,0
4,41377,0
5,41421,0
1,41464,0
3,41507,0
0,41565,0
5,41623,0
2,41681,0
6,41681,0
1,41681,0
3,41739,0
4,41796,0
5,41854,0
6,41883,0
2,41941,0
0,41970,0
3,42028,0
5,42028,0
2,42071,0
1,42114,0
0,42158,0
4,42201,0
3,42244,0
6,42288,0
2,42288,0
4,42374,0
5,42418,0
2,42461,0
6,42461,0
3,42548,0
0,42548,0
1,42548,0
4,42591,0
5,42634,0
1,42721,0
6,42721,0
3,42765,0
2,42808,0
4,42851,0
5,42895,0
0,42895,0
1,42895,0
0,42981,0
1,42981,0
4,43068,0
3,43068,0
5,43111,0
6,43155,0
2,43198,0
1,43241,0
0,43285,0
4,43415,0
5,43415,0
3,43415,0
0,43458,0
1,43502,0
2,43545,0
6,43588,0
5,43632,0
4,43675,0
2,43762,0
1,43791,0
0,43819,0
4,43848,0
3,43877,0
2,43906,0
6,43935,0
5,43935,0
3,44022,0
1,44108,0
0,44108,0
6,44108,0
5,44152,0
4,44195,0
3,44239,0
0,44282,0
1,44325,0
2,44369,0
3,44412,0
4,44455,0
6,44455,0
0,44455,0
2,44629,0
4,44629,0
0,44715,0
1,44715,0
5,44715,0
6,44715,0
0,44889,0
6,44889,0
1,44976,0
2,44976,0
4,44976,0
5,44976,0
1,45149,0
5,45149,0
3,45149,0
0,45236,0
2,45236,0
4,45236,0
6,45236,0
1,45322,0
3,45322,0
5,45322,0
1,45496,0
6,45496,0
3,45496,0
5,45496,0
2,45582,0
4,45582,0
0,45669,0
3,45669,0
1,45669,0
6,45669,0
5,45756,0
4,45756,0
0,45843,0
2,45843,0
3,45843,0
1,45843,0
0,45929,0
5,46016,0
6,46016,0
1,46103,0
2,46103,0
4,46189,0
6,46189,0
3,46189,0
5,46189,0
6,46276,0
0,46363,0
1,46363,0
3,46450,0
4,46450,0
2,46536,0
6,46536,0
1,46536,0
0,46536,0
2,46623,0
4,46710,0
5,46710,0
1,46796,0
0,46796,0
4,46883,0
5,46883,0
3,46883,0
6,46883,0
4,46970,0
2,47056,0
1,47056,0
6,47143,0
5,47143,0
3,47230,0
0,47230,0
2,47230,0
1,47230,0
0,47317,0
4,47403,0
5,47403,0
1,47490,0
2,47490,0
4,47577,0
5,47577,0
3,47577,0
6,47577,0
6,47663,0
2,47750,0
1,47750,0
5,47837,0
4,47837,0
1,47923,0
2,47923,0
0,47923,0
3,47923,0
3,48010,0
0,48097,0
2,48097,0
6,48184,0
4,48184,0
0,48270,0
1,48270,0
3,48270,0
5,48270,0
2,48357,0
4,48357,0
5,48444,0
6,48444,0
0,48444,0
1,48444,0
2,48530,0
4,48530,0
0,48617,0
6,48617,0
5,48617,0
1,48617,0
2,48704,0
4,48704,0
5,48791,0
1,48791,0
0,48791,0
3,48791,0
2,48877,0
6,48877,0
3,48921,0
4,48964,0
5,48964,0
0,48964,0
1,48964,0
2,49051,0
3,49094,0
4,49137,0
1,49181,0
2,49224,0
3,49267,0
6,49311,0
1,49311,0
5,49311,0
0,49311,0
0,49397,0
5,49441,0
4,49484,0
3,49528,0
2,49571,0
6,49658,0
5,49658,0
0,49658,0
1,49658,0
6,49744,0
1,49831,0
2,49831,0
1,49918,0
2,49918,0
4,50004,0
3,50004,0
6,50004,0
5,50004,0
4,50091,0
1,50178,0
0,50178,0
2,50265,0
3,50265,0
4,50351,0
0,50351,0
6,50351,0
5,50351,0
4,50438,0
2,50525,0
1,50525,0
6,50611,0
5,50611,0
3,50698,0
0,50698,0
2,50698,0
1,50698,0
2,50785,0
6,50871,0
5,50871,0
4,50958,0
3,50958,0
2,51045,0
6,51045,0
0,51045,0
1,51045,0
0,51132,0
4,51218,0
3,51218,0
6,51305,0
5,51305,0
0,51392,0
2,51392,0
3,51392,0
4,51435,0
5,51478,0
6,51522,0
1,51565,0
2,51608,0
3,51652,0
4,51695,0
5,51739,0
6,51739,0
0,51739,0
1,51739,0
0,51825,0
3,51912,0
2,51912,0
6,51999,0
5,51999,0
0,52085,0
4,52085,0
1,52085,0
2,52085,0
4,52172,0
3,52259,0
2,52259,0
0,52345,0
1,52345,0
4,52432,0
3,52432,0
6,52432,0
5,52432,0
6,52519,0
1,52606,0
0,52606,0
4,52692,0
5,52692,0
2,52779,0
0,52779,0
3,52779,0
1,52779,0
2,52866,0
3,52952,0
4,52952,0
5,53039,0
6,53039,0
0,53126,0
2,53126,0
3,53126,0
1,53126,0
2,53213,0
6,53299,0
5,53299,0
1,53386,0
0,53386,0
4,53473,0
3,53473,0
6,53473,0
5,53473,0
4,53559,0
0,53646,0
1,53646,0
3,53733,0
2,53733,0
4,53819,0
1,53819,0
6,53819,0
5,53819,0
4,53906,0
0,53993,0
2,53993,0
3,53993,0
1,53993,0
0,54080,0
3,54166,0
4,54166,0
6,54166,0
5,54166,0
2,54253,0
1,54253,0
3,54340,0
4,54340,0
5,54340,0
6,54340,0
2,54426,0
1,54426,0
3,54513,0
4,54513,0
5,54513,0
6,54513,0
0,54600,0
1,54643,0
2,54686,0
4,54730,0
5,54773,0
0,54860,0
1,54860,0
2,54860,0
3,54860,0
6,54947,0
5,54990,0
4,55033,0
2,55077,0
1,55120,0
3,55207,0
0,55207,0
5,55207,0
6,55207,0
4,55293,0
0,55380,0
2,55380,0
0,55467,0
2,55467,0
3,55554,0
5,55554,0
4,55554,0
6,55554,0
1,55640,0
0,55640,0
4,55727,0
6,55727,0
2,55814,0
1,55814,0
6,55900,0
5,55900,0
4,55900,0
3,55900,0
1,55987,0
0,55987,0
6,56074,0
5,56074,0
3,56160,0
4,56160,0
5,56247,0
6,56247,0
0,56247,0
1,56247,0
2,56334,0
3,56334,0
5,56421,0
6,56421,0
0,56421,0
1,56421,0
2,56507,0
3,56507,0
4,56594,0
6,56594,0
4,56681,0
6,56681,0
0,56767,0
2,56767,0
0,56854,0
2,56854,0
3,56941,0
4,56941,0
5,56941,0
6,56941,0
1,56984,0
2,57028,0
4,57071,0
5,57114,0
6,57158,0
0,57201,0
1,57244,0
3,57288,0
5,57331,0
6,57374,0
2,57418,0
3,57461,0
4,57504,0
0,57548,0
1,57591,0
6,57634,0
2,57634,0
5,57634,0
1,57808,0
4,57808,0
0,57808,0
2,57895,0
3,57938,0
6,57981,0
0,57981,0
4,57981,0
2,58155,0
3,58155,0
5,58155,0
2,58328,0
0,58328,0
4,58328,0
6,58328,0
1,58502,0
3,58502,0
5,58502,0
1,58675,0
6,58675,0
2,58675,0
5,58762,0
4,58805,0
3,58848,0
0,58848,0
2,58848,0
1,59022,0
5,59022,0
4,59022,0
2,59195,0
3,59195,0
1,59195,0
4,59282,0
5,59325,0
0,59369,0
2,59369,0
6,59369,0
1,59542,0
3,59542,0
5,59542,0
0,59715,0
2,59715,0
4,59715,0
6,59715,0
5,59889,0
1,59889,0
6,59889,0
3,59976,0
2,60019,0
1,60062,0
6,60062,0
0,60062,0
2,60236,0
4,60236,0
5,60236,0
1,60409,0
3,60409,0
5,60409,0
1,60582,0
2,60582,0
4,60582,0
3,60669,0
5,60713,0
6,60756,0
0,60756,0
2,60756,0
1,60929,0
3,60929,0
5,60929,0
0,61103,0
2,61103,0
4,61103,0
6,61103,0
3,61276,0
5,61276,0
2,61276,0
6,61450,0
0,61450,0
4,61450,0
2,61536,0
3,61580,0
5,61623,0
4,61623,0
1,61623,0
5,61796,0
2,61796,0
6,61796,0
3,61796,0
5,61970,0
1,61970,0
4,61970,0
4,62143,0
3,62143,0
0,62143,0
2,62230,0
6,62317,0
5,62317,0
4,62317,0
2,62403,0
0,62490,0
3,62490,0
4,62490,0
6,62490,0
1,62490,0
2,62663,0
3,62663,0
1,62663,0
4,62750,0
5,62793,0
2,62837,0
0,62837,0
6,62837,0
3,62837,0
4,63010,0
5,63010,0
1,63010,0
2,63184,0
6,63184,0
0,63184,0
3,63184,0
6,63357,0
5,63357,0
4,63357,0
1,63444,0
2,63487,0
3,63530,0
5,63530,0
0,63530,0
6,63704,0
4,63704,0
1,63704,0
0,63877,0
2,63877,0
3,63877,0
6,63877,0
4,64051,0
5,64051,0
2,64051,0
1,64224,0
6,64224,0
0,64224,0
4,64311,0
3,64354,0
2,64397,0
0,64397,0
5,64397,0
4,64571,0
1,64571,0
6,64571,0
3,64744,0
5,64744,0
0,64744,0
6,64744,0
2,64831,0
4,64874,0
1,64918,0
6,64918,0
0,64918,0
2,65091,0
4,65091,0
1,65091,0
0,65091,0
3,65265,0
6,65265,0
5,65265,0
1,65265,0
2,65438,0
4,65438,0
0,65438,0
5,65525,0
3,65568,0
1,65611,0
6,65611,0
0,65611,0
5,65785,0
1,65785,0
2,65785,0
6,65958,0
2,65958,0
4,65958,0
6,66074,0
4,66074,0
2,66074,0
3,66189,0
1,66189,0
0,66189,0
0,66305,0
1,66305,0
3,66305,0
6,66421,0
4,66421,0
2,66421,0
3,66536,0
1,66536,0
6,66594,0
5,66594,0
0,66652,0
1,66652,0
4,66652,0
2,66652,0
4,66883,0
6,66883,0
0,66999,0
2,66999,0
3,67114,0
1,67114,0
5,67172,0
6,67172,0
0,67230,0
2,67230,0
3,67345,0
4,67345,0
6,67345,0
2,67461,0
1,67461,0
0,67461,0
5,67519,0
1,67577,0
3,67577,0
4,67692,0
6,67692,0
5,67692,0
2,67808,0
3,67808,0
4,67866,0
0,67923,0
5,67923,0
1,67923,0
4,68039,0
3,68082,0
2,68126,0
6,68169,0
5,68213,0
4,68256,0
2,68299,0
1,68343,0
4,68386,0
0,68386,0
3,68386,0
6,68386,0
5,68386,0
5,68502,0
2,68502,0
1,68502,0
4,68617,0
2,68617,0
1,68617,0
0,68733,0
3,68733,0
5,68733,0
6,68733,0
6,68848,0
2,68848,0
5,68848,0
0,68964,0
1,68964,0
4,68964,0
3,69080,0
6,69080,0
0,69080,0
1,69080,0
2,69195,0
4,69195,0
5,69195,0
5,69311,0
1,69311,0
4,69311,0
2,69426,0
3,69426,0
6,69426,0
0,69426,0
2,69542,0
0,69542,0
4,69542,0
3,69658,0
1,69658,0
5,69658,0
2,69773,0
6,69773,0
4,69773,0
5,69773,0
4,69889,0
6,69889,0
3,69889,0
0,70004,0
2,70004,0
1,70004,0
1,70120,0
4,70120,0
0,70120,0
3,70120,0
2,70236,0
5,70236,0
6,70236,0
3,70351,0
6,70351,0
5,70351,0
2,70467,0
0,70467,0
4,70467,0
1,70467,0
0,70582,0
5,70582,0
1,70582,0
4,70698,0
6,70698,0
3,70698,0
4,70814,0
1,70814,0
3,70814,0
0,70814,0
2,70929,0
6,70929,0
5,70929,0
6,71045,0
2,71045,0
5,71045,0
0,71160,0
4,71160,0
1,71160,0
3,71160,0
1,71276,0
5,71276,0
0,71276,0
2,71392,0
3,71392,0
6,71392,0
4,71507,0
5,71507,0
0,71507,0
1,71507,0
2,71623,0
5,71623,0
4,71623,0
4,71739,0
1,71739,0
5,71739,0
0,71854,0
3,71854,0
2,71854,0
6,71854,0
4,71970,0
0,71970,0
2,71970,0
2,72085,0
5,72085,0
0,72085,0
6,72201,0
4,72201,0
3,72201,0
1,72201,0
6,72317,0
2,72317,0
4,72317,0
4,72432,0
3,72432,0
6,72432,0
0,72548,0
2,72548,0
5,72548,0
1,72548,0
1,72663,0
2,72663,0
4,72663,0
3,72779,0
2,72779,0
1,72779,0
4,72895,0
5,72895,0
6,72895,0
0,72895,0
4,73010,0
5,73010,0
1,73010,0
4,73126,0
5,73126,0
2,73126,0
3,73241,0
2,73299,0
4,73328,0
1,73357,0
6,73415,0
0,73415,0
5,73458,0
4,73502,0
3,73545,0
2,73588,0
1,73718,0
2,73762,0
3,73805,0
4,73848,0
1,73935,0
0,73935,0
5,73935,0
6,73935,0
2,73935,0
1,74051,0
0,74051,0
3,74051,0
5,74166,0
6,74166,0
2,74166,0
1,74282,0
0,74282,0
4,74282,0
6,74282,0
0,74397,0
4,74397,0
2,74397,0
1,74513,0
5,74513,0
6,74513,0
4,74629,0
3,74629,0
0,74629,0
6,74629,0
2,74744,0
3,74744,0
5,74744,0
4,74860,0
2,74860,0
1,74860,0
1,74976,0
0,74976,0
3,74976,0
6,74976,0
6,75091,0
2,75091,0
4,75091,0
1,75207,0
0,75207,0
3,75207,0
5,75322,0
2,75322,0
4,75322,0
6,75322,0
1,75438,0
4,75438,0
0,75438,0
2,75554,0
6,75554,0
5,75554,0
1,75669,0
0,75669,0
5,75669,0
3,75669,0
3,75785,0
0,75785,0
1,75785,0
2,75900,0
5,75900,0
6,75900,0
4,75900,0
1,76016,0
0,76016,0
3,76016,0
4,76016,0
6,76132,0
5,76132,0
2,76132,0
4,76247,0
1,76247,0
0,76247,0
3,76247,0
5,76363,0
6,76363,0
2,76363,0
3,76363,0
1,76478,0
0,76478,0
2,76478,0
3,76594,0
4,76594,0
5,76594,0
6,76594,0
2,76710,0
1,76710,0
0,76710,0
3,76710,0
5,76825,0
6,76825,0
4,76825,0
2,76941,0
1,76941,0
0,76941,0
4,76941,0
3,77056,0
5,77056,0
6,77056,0
2,77056,0
4,77172,0
1,77172,0
0,77172,0
3,77288,0
6,77288,0
5,77288,0
2,77288,0
3,77403,0
0,77403,0
1,77403,0
5,77403,0
2,77519,0
1,77519,0
4,77519,0
6,77519,0
3,77634,0
5,77634,0
6,77634,0
2,77692,0
1,77750,0
0,77750,0
4,77750,0
6,77793,0
2,77866,0
3,77923,0
4,77981,0
1,78010,0
5,78039,0
6,78097,0
3,78135,0
2,78174,0
0,78213,0
4,78251,0
5,78290,0
1,78328,0
2,78367,0
6,78405,0
5,78444,0
3,78482,0
1,78521,0
0,78559,0
5,78617,0
2,78660,0
1,78704,0
6,78747,0
4,78791,0
0,78840,0
3,78890,0
5,78939,0
1,78964,0
2,79022,0
3,79080,0
0,79137,0
6,79137,0
5,79137,0
1,79137,0
4,79137,0
2,79224,0
3,79311,0
5,79311,0
2,79397,0
1,79484,0
0,79484,0
4,79484,0
6,79484,0
3,79571,0
2,79658,0
5,79658,0
4,79744,0
2,79831,0
0,79831,0
1,79831,0
3,79918,0
4,79961,0
0,80004,0
5,80004,0
1,80048,0
2,80091,0
4,80178,0
6,80178,0
5,80178,0
3,80265,0
2,80308,0
1,80351,0
6,80351,0
5,80395,0
4,80438,0
0,80525,0
2,80525,0
3,80611,0
1,80611,0
2,80698,0
4,80698,0
6,80698,0
0,80785,0
1,80785,0
2,80871,0
6,80871,0
4,80871,0
5,80958,0
3,80958,0
0,81045,0
2,81045,0
4,81088,0
6,81132,0
1,81218,0
0,81218,0
3,81218,0
6,81305,0
5,81348,0
4,81392,0
2,81392,0
1,81435,0
0,81478,0
5,81565,0
6,81565,0
3,81608,0
1,81652,0
0,81695,0
2,81739,0
4,81739,0
5,81782,0
3,81825,0
6,81869,0
0,81912,0
4,81912,0
1,81912,0
2,81912,0
3,81999,0
4,82042,0
1,82085,0
5,82085,0
2,82129,0
3,82172,0
6,82259,0
4,82259,0
3,82288,0
2,82317,0
0,82345,0
1,82345,0
4,82432,0
6,82432,0
5,82432,0
3,82519,0
6,82577,0
4,82606,0
0,82606,0
1,82606,0
3,82692,0
5,82692,0
6,82692,0
0,82779,0
2,82822,0
4,82866,0
5,82866,0
6,82952,0
1,82952,0
3,82952,0
0,83039,0
2,83039,0
5,83126,0
3,83169,0
1,83213,0
0,83213,0
4,83299,0
6,83299,0
1,83386,0
4,83386,0
0,83473,0
2,83473,0
6,83473,0
4,83559,0
5,83559,0
1,83646,0
3,83646,0
5,83733,0
1,83733,0
4,83819,0
3,83819,0
6,83819,0
1,83906,0
2,83906,0
0,83993,0
5,83993,0
6,83993,0
4,84051,0
3,84108,0
1,84166,0
2,84166,0
4,84224,0
5,84282,0
3,84340,0
6,84340,0
0,84340,0
1,84397,0
2,84455,0
4,84513,0
5,84513,0
3,84571,0
2,84629,0
1,84686,0
0,84686,0
6,84686,0
5,84686,0
4,84773,0
2,84802,0
5,84860,0
3,84918,0
6,84947,0
4,85033,0
2,85033,0
0,85033,0
4,85120,0
6,85120,0
1,85207,0
0,85207,0
1,85293,0
3,85293,0
6,85380,0
5,85380,0
4,85423,0
2,85467,0
0,85554,0
1,85554,0
3,85597,0
5,85640,0
6,85640,0
2,85727,0
0,85727,0
4,85727,0
3,85814,0
1,85814,0
4,85900,0
6,85900,0
2,85944,0
0,85987,0
3,86074,0
5,86074,0
2,86160,0
0,86160,0
3,86247,0
6,86247,0
5,86247,0
1,86334,0
4,86421,0
2,86421,0
6,86421,0
3,86507,0
0,86507,0
5,86594,0
1,86594,0
4,86637,0
3,86681,0
1,86767,0
0,86767,0
6,86767,0
2,86854,0
3,86897,0
4,86941,0
5,86941,0
2,87028,0
0,87028,0
4,87114,0
6,87114,0
3,87158,0
2,87201,0
5,87244,0
0,87288,0
4,87288,0
1,87331,0
3,87374,0
2,87461,0
5,87461,0
6,87461,0
0,87461,0
3,87548,0
6,87634,0
4,87634,0
2,87721,0
0,87808,0
1,87808,0
4,87808,0
5,87895,0
6,87895,0
0,87981,0
3,87981,0
1,87981,0
5,88068,0
2,88068,0
6,88155,0
4,88155,0
3,88198,0
0,88241,0
2,88241,0
1,88241,0
5,88328,0
3,88371,0
1,88415,0
0,88415,0
4,88502,0
2,88502,0
6,88502,0
5,88588,0
3,88588,0
2,88675,0
1,88675,0
0,88675,0
6,88762,0
5,88762,0
4,88762,0
3,88848,0
0,88848,0
1,88848,0
4,88935,0
2,88935,0
5,89022,0
6,89022,0
3,89022,0
2,89108,0
1,89152,0
4,89195,0
0,89195,0
5,89239,0
6,89282,0
3,89369,0
1,89369,0
2,89369,0
4,89455,0
5,89455,0
6,89455,0
0,89542,0
2,89542,0
4,89585,0
6,89629,0
1,89658,0
5,89715,0
2,89773,0
4,89802,0
3,89889,0
6,89889,0
0,89976,0
5,90004,0
1,90062,0
4,90120,0
2,90149,0
3,90236,0
6,90236,0
0,90236,0
5,90236,0
1,90236,0
2,90409,0
4,90582,0
6,90582,0
5,90582,0
2,90756,0
0,90756,0
2,91103,0
0,91103,0
4,91276,0
1,91363,0
0,91363,0
5,91450,0
6,91450,0
3,91536,0
6,91623,0
5,91623,0
3,91970,0
4,91970,0
2,91970,0
1,92143,0
4,92230,0
6,92230,0
2,92403,0
0,92403,0
4,92490,0
6,92490,0
3,92663,0
2,92837,0
0,92837,0
4,93010,0
6,93010,0
1,93184,0
2,93357,0
0,93357,0
3,93357,0
4,93530,0
6,93530,0
5,93530,0
3,93877,0
5,93877,0
6,93877,0
2,94051,0
0,94051,0
5,94137,0
4,94137,0
2,94224,0
0,94224,0
3,94311,0
4,94397,0
6,94397,0
1,94571,0
3,94744,0
5,94744,0
6,94744,0
2,94918,0
0,95004,0
4,95004,0
2,95091,0
6,95178,0
3,95178,0
5,95178,0
1,95265,0
0,95265,0
4,95265,0
2,95351,0
3,95438,0
5,95438,0
1,95525,0
4,95611,0
6,95611,0
0,95611,0
2,95698,0
5,95785,0
3,95785,0
0,95785,0
6,95785,0
2,95958,0
4,95958,0
0,96045,0
5,96045,0
1,96088,0
2,96132,0
6,96132,0
3,96132,0
2,96305,0
0,96305,0
5,96305,0
3,96478,0
6,96478,0
0,96652,0
2,96652,0
1,96652,0
6,96739,0
4,96739,0
3,96782,0
0,96825,0
2,96825,0
4,96912,0
6,96912,0
5,96912,0
2,96999,0
0,96999,0
3,97085,0
4,97172,0
1,97172,0
6,97172,0
5,97345,0
2,97345,0
4,97519,0
1,97519,0
0,97519,0
6,97606,0
2,97606,0
5,97649,0
4,97692,0
3,97692,0
1,97779,0
0,97779,0
2,97779,0
4,97866,0
6,97866,0
3,97952,0
5,97952,0
0,98039,0
1,98039,0
2,98082,0
3,98126,0
4,98169,0
6,98213,0
0,98213,0
5,98256,0
3,98299,0
2,98343,0
1,98386,0
4,98386,0
6,98386,0
0,98559,0
1,98559,0
3,98559,0
5,98733,0
2,98733,0
4,98819,0
1,98819,0
5,98863,0
6,98906,0
0,98906,0
3,98906,0
2,99080,0
0,99080,0
4,99080,0
1,99253,0
5,99253,0
3,99426,0
5,99426,0
6,99426,0
0,99513,0
1,99556,0
2,99600,0
3,99600,0
6,99686,0
5,99686,0
4,99686,0
1,99773,0
0,99773,0
2,99773,0
3,99860,0
4,99860,0
5,99947,0
6,99947,0
1,99947,0
0,99947,0
4,100120,0
5,100207,0
0,100207,0
2,100207,0
3,100207,0
1,100293,0
4,100293,0
6,100293,0
2,100467,0
0,100467,0
5,100467,0
3,100467,0
4,100554,0
1,100554,0
3,100640,0
5,100640,0
2,100640,0
0,100640,0
6,100640,0
1,100814,0
4,100814,0
2,100814,0
3,100987,0
1,100987,0
0,100987,0
6,101160,0
5,101160,0
3,101160,0
1,101334,0
0,101334,0
2,101334,0
3,101334,0
6,101334,0
5,101392,0
4,101450,0
2,101507,0
0,101507,0
5,101594,0
3,101594,0
6,101594,0
1,101681,0
0,101681,0
4,101681,0
2,101681,0
5,101767,0
1,101854,0
3,101854,0
6,101854,0
4,101941,0
6,102028,0
3,102028,0
5,102028,0
0,102028,0
1,102085,0
2,102143,0
4,102201,0
5,102201,0
1,102288,0
3,102288,0
0,102288,0
6,102374,0
4,102374,0
5,102374,0
2,102374,0
1,102461,0
3,102548,0
0,102548,0
5,102548,0
2,102634,0
1,102721,0
0,102721,0
6,102721,0
4,102721,0
5,102895,0
6,102895,0
3,102981,0
1,102981,0
4,102981,0
6,103068,0
2,103068,0
0,103068,0
5,103068,0
4,103155,0
0,103241,0
3,103241,0
1,103241,0
5,103328,0
6,103328,0
2,103328,0
0,103415,0
4,103415,0
3,103415,0
1,103415,0
2,103502,0
5,103502,0
0,103588,0
3,103588,0
6,103588,0
1,103675,0
2,103762,0
4,103762,0
6,103762,0
5,103762,0
3,103848,0
2,103935,0
5,103935,0
1,103935,0
0,103935,0
4,104022,0
0,104108,0
3,104108,0
5,104108,0
6,104108,0
1,104166,0
2,104224,0
4,104282,0
6,104282,0
2,104369,0
5,104369,0
3,104369,0
1,104455,0
0,104455,0
4,104455,0
6,104455,0
3,104542,0
5,104629,0
2,104629,0
0,104629,0
4,104715,0
0,104802,0
3,104802,0
6,104802,0
1,104802,0
5,104860,0
4,104918,0
0,104976,0
2,104976,0
1,105062,0
3,105062,0
4,105062,0
5,105149,0
0,105149,0
6,105149,0
2,105149,0
3,105236,0
1,105322,0
6,105322,0
4,105322,0
2,105409,0
5,105496,0
6,105496,0
0,105496,0
3,105496,0
1,105669,0
4,105669,0
5,105756,0
6,105756,0
2,105756,0
3,105843,0
0,105843,0
4,105843,0
1,105843,0
5,105929,0
4,106016,0
6,106016,0
2,106016,0
3,106103,0
1,106103,0
0,106103,0
4,106189,0
5,106189,0
6,106189,0
2,106189,0
1,106233,0
0,106276,0
3,106319,0
6,106363,0
2,106363,0
5,106406,0
4,106450,0
3,106493,0
1,106536,0
0,106536,0
2,106580,0
4,106623,0
5,106666,0
6,106710,0
3,106710,0
2,106796,0
4,106883,0
6,106883,0
5,106883,0
0,106883,0
1,106883,0
3,106970,0
5,107056,0
4,107056,0
2,107056,0
3,107143,0
1,107143,0
2,107230,0
0,107230,0
6,107230,0
5,107230,0
4,107317,0
3,107317,0
6,107403,0
2,107403,0
1,107403,0
4,107490,0
5,107490,0
6,107577,0
1,107577,0
0,107577,0
3,107577,0
2,107577,0
4,107663,0
2,107750,0
0,107750,0
5,107750,0
3,107837,0
1,107837,0
6,107923,0
5,107923,0
2,107923,0
4,107923,0
1,108010,0
3,108010,0
5,108097,0
0,108097,0
6,108097,0
4,108184,0
3,108184,0
6,108270,0
1,108270,0
0,108270,0
2,108270,0
5,108270,0
3,108357,0
0,108444,0
1,108444,0
5,108444,0
2,108530,0
4,108530,0
3,108617,0
6,108617,0
1,108617,0
0,108617,0
5,108704,0
4,108704,0
1,108791,0
6,108791,0
2,108791,0
3,108877,0
4,108877,0
5,108964,0
6,108964,0
2,108964,0
1,108964,0
0,108964,0
3,109051,0
1,109137,0
5,109137,0
6,109137,0
4,109224,0
2,109224,0
3,109311,0
6,109311,0
0,109311,0
5,109311,0
1,109397,0
2,109397,0
4,109484,0
0,109484,0
5,109484,0
3,109571,0
2,109571,0
1,109658,0
0,109658,0
6,109658,0
5,109658,0
3,109744,0
2,109744,0
4,109744,0
0,109831,0
1,109831,0
6,109831,0
4,109918,0
5,109918,0
3,109918,0
2,110004,0
1,110004,0
0,110004,0
3,110091,0
5,110091,0
6,110091,0
4,110178,0
0,110178,0
1,110178,0
2,110265,0
5,110265,0
6,110265,0
3,110351,0
0,110351,0
1,110351,0
4,110438,0
5,110438,0
6,110438,0
2,110525,0
0,110525,0
1,110525,0
4,110611,0
5,110611,0
3,110611,0
6,110698,0
2,110698,0
0,110698,0
1,110785,0
5,110785,0
3,110871,0
6,110871,0
0,110871,0
2,110958,0
4,110958,0
5,111045,0
3,111045,0
1,111045,0
6,111132,0
4,111132,0
2,111218,0
0,111218,0
3,111305,0
5,111305,0
1,111392,0
6,111392,0
2,111478,0
4,111478,0
0,111565,0
5,111565,0
6,111565,0
3,111652,0
1,111652,0
4,111652,0
2,111739,0
0,111739,0
5,111739,0
6,111739,0
2,112085,0
6,112085,0
1,112172,0
4,112172,0
3,112259,0
0,112259,0
5,112345,0
2,112345,0
4,112432,0
6,112432,0
0,112432,0
1,112432,0
5,112519,0
2,112519,0
0,112606,0
3,112606,0
1,112692,0
4,112692,0
3,112779,0
6,112779,0
5,112779,0
2,112779,0
4,112866,0
1,112866,0
3,112952,0
0,112952,0
5,113039,0
2,113039,0
6,113126,0
4,113126,0
1,113126,0
3,113213,0
0,113213,0
5,113299,0
2,113299,0
6,113386,0
3,113386,0
0,113473,0
1,113473,0
2,113473,0
4,113473,0
5,113559,0
6,113559,0
3,113646,0
0,113646,0
4,113733,0
1,113733,0
0,113819,0
5,113819,0
6,113819,0
2,113819,0
3,113906,0
1,113993,0
4,113993,0
6,113993,0
2,114080,0
5,114080,0
0,114166,0
1,114166,0
6,114166,0
3,114166,0
4,114253,0
0,114340,0
2,114340,0
5,114340,0
1,114426,0
3,114426,0
6,114513,0
0,114513,0
4,114513,0
2,114513,0
5,114600,0
3,114686,0
1,114686,0
4,114773,0
6,114773,0
2,114773,0
1,114860,0
0,114860,0
3,114860,0
5,114860,0
3,115033,0
1,115033,0
5,115033,0
6,115033,0
2,115207,0
6,115207,0
4,115207,0
5,115207,0
1,115293,0
3,115293,0
0,115380,0
4,115380,0
2,115467,0
5,115467,0
1,115554,0
0,115554,0
6,115554,0
4,115554,0
3,115640,0
5,115640,0
2,115727,0
0,115727,0
4,115814,0
1,115814,0
3,115900,0
5,115900,0
6,115900,0
1,115987,0
4,115987,0
6,116074,0
2,116074,0
0,116160,0
5,116160,0
6,116247,0
1,116247,0
4,116247,0
3,116247,0
2,116334,0
0,116334,0
3,116421,0
5,116421,0
4,116507,0
1,116507,0
2,116594,0
0,116594,0
6,116594,0
5,116594,0
3,116681,0
1,116767,0
5,116767,0
6,116767,0
2,116854,0
4,116854,0
1,116941,0
3,116941,0
0,116941,0
6,116941,0
5,117028,0
3,117114,0
0,117114,0
1,117114,0
4,117201,0
2,117201,0
5,117288,0
6,117288,0
3,117288,0
1,117374,0
0,117374,0
2,117374,0
4,117374,0
5,117461,0
6,117461,0
3,117461,0
2,117548,0
0,117548,0
4,117634,0
6,117634,0
1,117634,0
3,117634,0
5,117721,0
2,117721,0
1,117808,0
4,117808,0
0,117808,0
3,117895,0
6,117895,0
5,117895,0
2,117981,0
1,117981,0
0,117981,0
4,117981,0
5,118068,0
6,118068,0
0,118155,0
2,118155,0
5,118241,0
6,118241,0
0,118328,0
1,118328,0
2,118328,0
4,118328,0
3,118415,0
5,118415,0
1,118502,0
0,118502,0
4,118588,0
6,118588,0
2,118675,0
5,118675,0
3,118675,0
1,118762,0
0,118762,0
4,118848,0
6,118848,0
2,118935,0
3,118935,0
6,119022,0
0,119022,0
1,119022,0
5,119022,0
2,119108,0
4,119108,0
3,119195,0
0,119195,0
1,119282,0
4,119282,0
6,119369,0
5,119369,0
2,119369,0
0,119369,0
3,119455,0
1,119542,0
6,119542,0
4,119542,0
5,119629,0
2,119629,0
0,119715,0
3,119715,0
1,119715,0
6,119715,0
5,119802,0
0,119889,0
2,119889,0
4,119889,0
3,119976,0
1,119976,0
2,120062,0
0,120062,0
5,120062,0
6,120062,0
4,120149,0
3,120236,0
1,120236,0
0,120236,0
2,120322,0
4,120322,0
6,120322,0
5,120409,0
3,120409,0
1,120409,0
0,120409,0
4,120496,0
6,120582,0
2,120582,0
1,120582,0
5,120582,0
3,120669,0
0,120756,0
5,120756,0
6,120756,0
4,120756,0
2,120756,0
1,120843,0
0,120929,0
3,120929,0
4,120929,0
2,121016,0
5,121103,0
6,121103,0
1,121103,0
4,121103,0
3,121189,0
6,121276,0
0,121276,0
2,121276,0
5,121363,0
6,121450,0
3,121450,0
1,121450,0
0,121450,0
4,121536,0
5,121623,0
2,121623,0
0,121623,0
1,121710,0
3,121710,0
4,121710,0
2,121796,0
6,121796,0
5,121796,0
0,121796,0
3,121883,0
4,121970,0
1,121970,0
0,121970,0
2,122056,0
5,122143,0
6,122143,0
3,122143,0
1,122230,0
0,122230,0
4,122317,0
6,122317,0
2,122403,0
3,122403,0
0,122403,0
4,122490,0
5,122490,0
1,122577,0
0,122577,0
5,122663,0
6,122663,0
3,122663,0
2,122750,0
4,122750,0
3,122837,0
1,122837,0
0,122837,0
5,122923,0
6,122923,0
1,122923,0
4,123010,0
2,123010,0
0,123097,0
1,123097,0
6,123184,0
3,123184,0
5,123184,0
1,123270,0
0,123270,0
5,123270,0
4,123357,0
2,123357,0
5,123444,0
6,123444,0
2,123530,0
1,123530,0
0,123530,0
4,123530,0
3,123530,0
5,123617,0
6,123704,0
0,123704,0
2,123704,0
3,123791,0
1,123791,0
4,123877,0
5,123877,0
0,123877,0
2,123964,0
6,124051,0
1,124051,0
4,124051,0
3,124137,0
5,124137,0
0,124224,0
2,124224,0
4,124224,0
0,124311,0
2,124311,0
5,124397,0
6,124397,0
3,124397,0
1,124484,0
0,124484,0
4,124484,0
2,124571,0
5,124571,0
0,124658,0
1,124658,0
3,124744,0
5,124744,0
6,124744,0
2,124831,0
4,124831,0
1,124918,0
6,124918,0
0,124918,0
3,124918,0
5,125004,0
0,125091,0
1,125091,0
4,125091,0
2,125178,0
5,125178,0
3,125265,0
6,125265,0
0,125265,0
2,125351,0
5,125438,0
6,125438,0
1,125438,0
3,125525,0
0,125525,0
4,125611,0
6,125611,0
2,125611,0
4,125698,0
6,125698,0
1,125785,0
0,125785,0
3,125785,0
5,125871,0
6,125871,0
2,125871,0
4,125958,0
1,125958,0
5,126045,0
6,126045,0
0,126132,0
3,126132,0
1,126132,0
4,126218,0
2,126218,0
1,126305,0
6,126305,0
0,126305,0
3,126305,0
5,126392,0
4,126478,0
2,126478,0
1,126478,0
5,126565,0
3,126565,0
6,126652,0
4,126652,0
0,126652,0
1,126739,0
3,126825,0
5,126825,0
6,126825,0
2,126912,0
4,126912,0
0,126999,0
1,126999,0
3,126999,0
1,127085,0
0,127085,0
6,127172,0
5,127172,0
3,127172,0
4,127259,0
1,127259,0
0,127259,0
2,127345,0
5,127345,0
1,127432,0
0,127432,0
6,127519,0
3,127519,0
5,127519,0
2,127606,0
4,127606,0
6,127692,0
5,127692,0
0,127692,0
3,127692,0
1,127779,0
4,127866,0
5,127866,0
2,127866,0
1,127952,0
3,127952,0
2,128039,0
0,128039,0
6,128039,0
5,128126,0
3,128213,0
1,128213,0
0,128213,0
4,128299,0
2,128299,0
6,128386,0
5,128386,0
3,128386,0
5,128473,0
6,128473,0
0,128559,0
1,128559,0
3,128559,0
2,128646,0
5,128646,0
6,128646,0
4,128733,0
1,128733,0
5,128819,0
6,128819,0
0,128906,0
3,128906,0
2,128906,0
4,128993,0
1,128993,0
2,129080,0
5,129080,0
6,129080,0
0,129080,0
3,129166,0
1,129253,0
0,129253,0
5,129253,0
2,129340,0
4,129340,0
3,129426,0
1,129426,0
6,129426,0
5,129513,0
0,129600,0
6,129600,0
2,129600,0
3,129686,0
1,129686,0
5,129773,0
4,129773,0
2,129773,0
5,129860,0
4,129860,0
1,129947,0
0,129947,0
3,129947,0
5,130033,0
6,130033,0
2,130033,0
4,130120,0
1,130120,0
6,130207,0
5,130207,0
3,130293,0
1,130293,0
0,130293,0
4,130380,0
2,130380,0
3,130467,0
5,130467,0
0,130467,0
6,130467,0
1,130554,0
5,130640,0
6,130640,0
2,130640,0
4,130727,0
1,130727,0
3,130814,0
5,130814,0
0,130814,0
2,130900,0
6,130987,0
0,130987,0
4,130987,0
3,131074,0
5,131074,0
4,131160,0
2,131160,0
1,131160,0
1,131247,0
2,131247,0
5,131334,0
6,131334,0
3,131334,0
1,131421,0
0,131421,0
4,131421,0
2,131507,0
5,131507,0
0,131594,0
1,131594,0
3,131681,0
5,131681,0
6,131681,0
2,131767,0
4,131767,0
1,131854,0
0,131854,0
3,131854,0
5,131941,0
3,131941,0
6,131941,0
0,132028,0
1,132028,0
2,132114,0
4,132114,0
3,132201,0
6,132201,0
5,132201,0
5,132288,0
0,132288,0
1,132288,0
2,132374,0
4,132374,0
6,132461,0
5,132461,0
0,132548,0
3,132548,0
1,132548,0
1,132634,0
5,132634,0
6,132634,0
2,132721,0
4,132721,0
1,132808,0
0,132808,0
6,132895,0
5,132895,0
3,132895,0
0,132981,0
1,132981,0
3,132981,0
6,133068,0
5,133068,0
4,133155,0
2,133155,0
5,133241,0
6,133241,0
3,133241,0
0,133241,0
1,133328,0
5,133415,0
4,133415,0
2,133415,0
1,133502,0
0,133502,0
4,133502,0
5,133502,0
3,133588,0
6,133675,0
5,133675,0
2,133675,0
5,133762,0
6,133762,0
1,133762,0
0,133762,0
4,133848,0
2,133935,0
3,133935,0
0,133935,0
2,134022,0
0,134022,0
4,134108,0
6,134108,0
5,134108,0
3,134195,0
1,134195,0
5,134282,0
6,134282,0
0,134282,0
4,134369,0
2,134369,0
1,134455,0
6,134455,0
0,134455,0
5,134542,0
3,134542,0
4,134629,0
6,134629,0
1,134629,0
0,134629,0
2,134715,0
5,134744,0
3,134802,0
1,134860,0
4,134889,0
3,134976,0
0,134976,0
6,134976,0
1,135062,0
5,135091,0
2,135149,0
0,135207,0
3,135236,0
4,135322,0
1,135322,0
5,135409,0
2,135438,0
6,135496,0
4,135554,0
0,135582,0
1,135669,0
6,135669,0
2,135756,0
5,135785,0
3,135843,0
1,135900,0
4,135929,0
5,136016,0
2,136016,0
6,136103,0
3,136132,0
0,136189,0
5,136247,0
1,136276,0
2,136363,0
6,136363,0
4,136363,0
3,136450,0
0,136478,0
4,136536,0
1,136594,0
5,136623,0
6,136710,0
3,136710,0
2,136796,0
5,136825,0
1,136883,0
3,136941,0
0,136970,0
2,137013,0
4,137056,0
6,137056,0
3,137143,0
5,137172,0
2,137230,0
4,137288,0
1,137317,0
5,137360,0
0,137403,0
6,137403,0
3,137403,0
4,137577,0
1,137663,0
3,137707,0
5,137750,0
0,137750,0
6,137750,0
4,137923,0
6,137923,0
2,137923,0
3,138097,0
1,138097,0
2,138270,0
4,138270,0
5,138357,0
6,138357,0
3,138400,0
1,138444,0
0,138444,0
4,138530,0
2,138530,0
5,138617,0
3,138617,0
6,138617,0
3,138791,0
1,138791,0
0,138791,0
4,138964,0
2,138964,0
1,139051,0
3,139137,0
5,139137,0
6,139137,0
2,139224,0
4,139267,0
6,139311,0
0,139311,0
1,139397,0
3,139397,0
5,139484,0
6,139484,0
1,139571,0
3,139571,0
2,139658,0
0,139658,0
4,139744,0
3,139831,0
6,139831,0
1,139918,0
4,140004,0
2,140004,0
5,140091,0
6,140178,0
3,140178,0
1,140178,0
0,140265,0
2,140351,0
1,140438,0
4,140525,0
2,140611,0
5,140698,0
3,140785,0
0,140871,0
1,140958,0
5,141045,0
3,141132,0
6,141218,0
4,141305,0
1,141392,0
2,141478,0
5,141565,0
6,141652,0
2,141739,0
0,141825,0
3,141912,0
1,141999,0
6,142085,0
5,142172,0
4,142259,0
3,142345,0
1,142432,0
4,142519,0
0,142606,0
2,142692,0
3,142779,0
5,142866,0
0,142952,0
6,142952,0
2,143022,0
4,143091,0
1,143160,0
6,143230,0
3,143299,0
0,143369,0
5,143438,0
1,143507,0
4,143577,0
0,143646,0
3,143715,0
6,143785,0
1,143854,0
3,143923,0
5,143993,0
2,144062,0
0,144132,0
6,144201,0
3,144270,0
0,144340,0
2,144397,0
4,144455,0
6,144513,0
3,144571,0
1,144629,0
0,144686,0
5,144744,0
2,144802,0
4,144860,0
1,144918,0
6,144976,0
3,145033,0
0,145091,0
5,145149,0
1,145207,0
4,145265,0
2,145322,0
6,145380,0
3,145438,0
0,145496,0
5,145554,0
1,145611,0
3,145669,0
4,145727,0
6,145727,0
2,145727,0
0,145727,0
