0,173,1,290
2,173,0
0,407,0
2,407,1,524
1,524,0
1,641,1,758
3,876,1,993
1,1110,1,1227
3,1110,0
0,1344,0
2,1344,1,1462
1,1462,0
3,1462,1,1579
1,1579,0
0,1813,0
2,1813,1,1930
3,1930,0
0,2048,1,2165
2,2048,0
1,2282,0
2,2282,1,2399
3,2399,0
3,2516,1,2633
1,2751,1,2868
2,2985,1,3219
3,2985,0
1,3219,1,3337
2,3337,1,3571
3,3337,0
1,3454,0
0,3571,1,3688
1,3688,1,3923
2,3688,0
0,3805,0
2,3923,0
3,3923,1,4040
1,4157,1,4274
3,4157,0
2,4274,0
0,4391,0
2,4391,1,4508
0,4626,1,4743
2,4743,0
0,4860,0
2,4860,1,4977
0,5094,0
1,5094,1,5212
2,5212,0
3,5212,1,5329
2,5329,0
1,5563,1,5680
0,5563,0
3,5680,0
2,5798,1,5915
3,5798,1,6032
0,5915,1,6149
1,6032,1,6266
3,6149,1,6266
0,6266,1,6501
2,6266,1,6383
1,6383,1,6618
3,6501,1,6735
2,6501,1,6618
0,6618,1,6852
1,6735,1,6969
2,6735,1,6852
3,6852,1,6969
0,6969,1,7087
3,7087,1,7204
1,7204,1,7262
2,7204,1,7262
0,7321,1,7380
3,7321,1,7380
0,7438,1,7497
2,7438,1,7497
1,7555,1,7614
3,7555,1,7614
0,7673,1,7751
2,7673,0
2,7907,1,7985
1,8024,0
0,8141,1,8219
2,8141,0
2,8258,0
0,8376,0
3,8376,1,8454
2,8493,0
1,8610,1,8688
3,8610,0
2,8844,1,8962
3,8962,1,9196
0,9079,0
2,9079,0
1,9196,0
2,9313,1,9430
3,9430,0
0,9548,1,9626
2,9548,0
1,9782,1,9860
2,9899,0
1,10016,0
3,10016,1,10094
1,10133,0
0,10251,1,10329
3,10251,0
1,10368,1,10446
0,10485,0
2,10485,0
3,10602,1,10680
0,10719,0
0,10837,1,10915
2,10837,0
1,10954,0
3,10954,0
0,11071,0
2,11071,1,11149
1,11188,1,11266
0,11305,1,11383
2,11423,0
3,11423,1,11501
2,11657,1,11735
1,11774,0
0,11891,1,11969
2,11891,0
2,12008,0
0,12126,0
3,12126,1,12204
1,12243,0
0,12360,1,12438
2,12360,0
1,12594,1,12712
2,12712,1,12946
0,12829,0
3,12829,0
1,12946,0
2,13063,1,13180
0,13180,0
2,13298,1,13415
3,13298,1,13532
0,13415,1,13649
1,13532,1,13766
3,13649,1,13766
0,13766,1,14001
2,13766,1,13883
1,13883,1,14118
3,14001,1,14235
2,14001,1,14118
0,14118,1,14294
2,14235,1,14294
1,14235,1,14294
1,14352,1,14411
3,14352,1,14411
1,14469,1,14528
2,14469,1,14528
0,14587,1,14645
3,14587,1,14645
0,14704,1,14762
2,14704,1,14762
1,14821,1,14880
3,14821,1,14880
2,14938,1,14997
3,14938,1,14997
1,15055,1,15114
3,15055,1,15114
0,15173,1,15290
3,15407,1,15524
1,15876,1,15993
2,16110,1,16227
0,16579,1,16696
1,16813,1,16930
3,17048,1,17165
2,17399,1,17516
0,17751,1,18688
3,17751,1,17868
1,18219,1,18337
2,18454,1,18571
3,18688,0
1,18747,0
2,18805,0
0,18923,0
1,18923,1,19274
2,19274,1,19626
0,19626,1,19860
2,19860,1,20329
1,20329,1,20563
3,20563,1,20798
2,20798,1,21149
0,21149,1,21501
2,21501,1,21735
1,21735,1,21969
0,21969,1,22204
3,22204,1,22673
1,22673,0
2,22673,1,23024
1,23024,1,23376
3,23376,1,23610
1,23610,1,24079
2,24079,1,24313
0,24313,1,24548
1,24548,1,24899
3,24899,1,25251
1,25251,1,25485
0,25309,1,25368
2,25368,1,25426
0,25426,1,25544
2,25485,1,25661
1,25544,1,25661
3,25602,1,25719
0,25719,1,25993
1,25719,0
2,25719,1,26071
0,26071,0
1,26071,1,26344
3,26071,1,26423
0,26423,1,26540
1,26423,1,26891
2,26423,0
3,26774,1,26891
0,26891,0
2,26891,1,27126
0,27126,1,27360
1,27126,1,27243
2,27360,1,27829
3,27360,0
0,27477,1,27594
1,27594,0
0,27712,0
1,27829,1,28063
3,27829,1,27946
2,28063,0
3,28063,1,28298
1,28180,0
0,28298,1,28415
2,28298,1,28649
1,28532,0
3,28649,1,28766
0,28649,1,29001
2,28766,0
1,29001,1,29118
2,29001,1,29235
0,29118,0
1,29235,1,29469
3,29235,0
2,29352,1,29469
0,29469,1,29704
3,29469,0
1,29587,0
2,29704,1,29821
3,29704,1,30173
1,29938,1,30055
2,30055,0
0,30173,1,30290
1,30173,0
2,30173,1,30641
3,30524,1,30641
0,30641,1,30876
1,30641,0
1,30876,1,30993
2,30876,1,31110
0,31110,1,31579
3,31110,0
1,31227,1,31344
3,31344,0
2,31462,0
1,31579,1,31813
3,31579,1,31696
0,31813,1,32048
3,31813,0
1,31930,0
2,32048,1,32165
3,32048,1,32282
0,32282,0
3,32399,1,32516
0,32516,0
2,32516,0
1,32751,1,32868
0,32868,0
1,32985,0
3,32985,0
2,33102,1,33219
3,33219,0
1,33337,0
0,33454,0
3,33454,1,33571
2,33688,1,33805
1,33805,0
1,33923,0
2,33923,0
3,33923,1,34040
0,34157,1,34274
2,34391,1,34508
1,34626,1,34743
0,34743,1,34860
2,34977,1,35094
1,35212,1,35329
3,35446,1,35563
1,35563,1,35680
0,35680,1,35798
2,35798,1,35856
3,35798,1,35856
1,35915,1,35973
3,35915,1,35973
1,36032,1,36090
2,36032,1,36090
0,36149,1,36208
2,36149,1,36208
1,36266,1,36383
3,36266,1,36325
0,36383,1,36442
2,36383,1,36501
0,36501,1,36559
3,36501,1,36618
1,36618,1,36794
2,36618,1,36676
0,36735,1,36794
2,36735,1,37028
0,36852,1,36969
3,36852,1,36911
1,36969,1,37204
3,36969,1,37028
0,37048,1,37204
2,37087,1,37145
2,37204,1,37282
3,37204,1,37438
0,37292,1,37350
2,37350,1,37438
0,37438,1,37497
1,37438,1,37614
0,37555,1,37673
2,37555,1,37614
3,37555,1,37673
1,37673,0
2,37673,0
0,37907,1,38024
3,37907,1,38024
1,37965,1,38141
0,38141,1,38258
2,38141,1,38219
3,38141,1,38376
2,38298,1,38376
0,38376,1,38493
1,38376,0
3,38454,0
2,38493,0
1,38543,0
0,38610,1,38786
3,38610,1,38669
1,38669,1,38786
3,38727,1,38844
2,38786,1,38903
0,38844,1,38962
3,38903,1,38962
1,38962,1,39079
0,39079,1,39313
2,39079,1,39137
3,39079,1,39196
1,39196,1,39255
2,39196,1,39255
1,39313,1,39372
3,39313,1,39372
0,39430,1,39489
2,39430,1,39489
1,39548,1,39665
2,39548,1,39782
1,39723,1,39782
0,39753,0
3,39782,1,39899
2,39840,0
0,39870,0
1,39899,0
2,39958,0
0,40016,1,40251
1,40016,1,40133
3,40016,1,40133
3,40192,1,40251
1,40221,0
2,40251,1,40368
3,40309,0
0,40339,0
1,40407,0
0,40485,0
3,40485,1,40719
2,40544,1,40661
0,40602,1,40719
1,40641,0
2,40719,1,40837
1,40778,1,40895
3,40837,1,40895
0,40954,1,41188
3,40954,0
1,41012,1,41130
3,41071,1,41188
2,41110,0
1,41188,1,41305
2,41247,1,41364
0,41305,1,41364
0,41423,1,41657
3,41423,1,41540
1,41501,1,41579
2,41579,1,41657
1,41657,1,41833
3,41657,0
2,41745,1,41833
0,41891,1,42126
2,41891,0
3,41891,1,42008
1,42008,1,42067
2,42008,1,42184
1,42126,1,42243
3,42126,1,42184
2,42243,1,42301
3,42243,1,42360
0,42272,0
0,42360,1,42477
1,42360,0
2,42419,0
3,42506,0
1,42565,0
3,42594,1,42712
2,42653,0
0,42682,0
1,42741,0
0,42829,1,42946
2,42829,1,42887
3,42829,1,43063
1,42946,1,43005
2,42946,1,43005
0,43063,1,43122
2,43063,1,43122
1,43180,1,43239
3,43180,1,43239
0,43298,1,43473
3,43298,1,43415
1,43327,0
2,43415,1,43532
3,43473,1,43649
0,43532,1,43649
1,43561,0
1,43649,1,43766
0,43766,1,43883
3,43766,1,43883
2,43796,0
1,43883,1,44001
3,43942,1,44118
0,44001,1,44118
2,44030,0
2,44118,1,44235
0,44235,1,44411
3,44235,1,44352
1,44264,0
2,44352,1,44469
3,44411,1,44528
0,44469,1,44587
1,44499,0
1,44587,1,44704
0,44704,0
2,44704,1,44821
3,44704,0
1,44821,1,44938
3,44880,1,44997
2,44938,1,45055
0,44997,1,45173
1,45055,1,45173
2,45114,1,45173
3,45173,1,45348
0,45251,1,45407
2,45290,1,45524
1,45641,0
2,45641,1,45758
0,45700,0
3,45729,0
1,45788,0
3,45846,0
0,45876,1,45993
2,45934,0
1,46022,0
3,46071,0
0,46110,1,46344
2,46110,1,46227
3,46188,1,46266
1,46266,1,46344
2,46344,0
3,46344,1,46462
1,46462,0
2,46462,1,46520
0,46579,1,46813
1,46579,1,46696
3,46579,1,46637
2,46696,1,46813
3,46755,0
1,46813,1,46930
3,46872,0
2,46930,1,47048
0,46989,0
1,47048,1,47223
3,47048,1,47165
0,47106,0
2,47165,1,47223
0,47223,1,47399
1,47282,1,47399
3,47282,1,47340
2,47399,1,47458
3,47399,1,47458
0,47516,1,47575
1,47516,1,47633
2,47516,1,47633
0,47633,1,47692
3,47633,1,47692
1,47751,1,47868
2,47751,1,47809
2,47868,1,47926
3,47868,1,47926
0,47985,1,48219
1,47985,1,48102
3,47985,0
2,48044,0
3,48131,0
2,48219,1,48337
1,48249,0
1,48337,1,48454
0,48454,0
2,48454,1,48571
3,48454,1,48688
1,48512,0
0,48600,0
1,48688,1,48805
2,48717,0
2,48805,1,48923
0,48923,1,49118
1,48923,1,49040
3,48923,1,49040
1,49157,1,49274
3,49157,0
2,49215,1,49333
3,49274,1,49333
1,49333,1,49391
0,49391,1,49450
2,49391,1,49508
3,49391,1,49508
0,49508,1,49626
1,49508,1,49567
1,49626,1,49684
3,49626,1,49743
0,49743,1,49860
2,49743,1,49801
1,49860,1,50094
2,49860,1,49977
3,49860,1,49938
0,49938,1,50016
3,50016,1,50094
0,50094,1,50329
2,50094,1,50212
1,50212,1,50270
1,50329,1,50446
2,50329,1,50387
3,50329,1,50446
0,50446,1,50505
2,50446,1,50563
0,50563,1,50680
3,50563,1,50622
1,50680,1,50739
3,50680,1,50798
0,50798,1,50973
1,50798,1,50973
2,50798,1,50915
3,50915,0
0,51032,1,51208
2,51032,1,51149
1,51090,0
3,51149,0
1,51266,1,51383
2,51266,1,51442
3,51266,1,51442
0,51325,0
1,51442,0
3,51501,0
2,51559,0
1,51618,0
0,51676,0
3,51735,0
1,51794,0
2,51852,0
0,51911,0
1,51969,1,52204
2,51969,1,52262
3,51969,1,52262
0,52087,0
0,52204,0
0,52321,1,52555
1,52321,1,52614
3,52321,1,52614
2,52438,0
2,52555,0
0,52673,0
3,52673,0
1,52731,0
3,52790,0
0,52848,0
2,52907,1,53024
1,52965,0
3,53024,0
0,53083,0
1,53141,1,53258
3,53200,0
2,53258,0
0,53317,0
3,53376,1,53493
1,53434,0
2,53493,0
0,53551,0
1,53610,1,53727
3,53669,0
2,53727,0
0,53786,0
2,53844,1,53962
1,53903,0
3,53962,1,54079
0,54020,0
2,54079,0
1,54137,0
0,54196,0
2,54255,0
3,54313,0
1,54372,0
2,54430,0
0,54547,0
1,54548,1,54606
2,54606,1,54723
1,54665,1,54782
3,54723,1,54840
0,54782,1,54899
2,54840,1,55016
1,54899,1,54958
3,54958,1,55016
0,55016,1,55133
1,55075,1,55192
3,55133,1,55309
0,55192,1,55251
2,55251,1,55309
1,55309,1,55426
2,55368,1,55544
3,55426,1,55485
1,55485,1,55602
3,55544,1,55661
2,55602,1,55661
0,55719,1,56012
1,55719,1,56012
3,55719,1,55954
2,55837,0
2,55954,0
0,56071,1,56364
2,56071,1,56364
3,56071,1,56305
1,56188,0
1,56305,0
0,56423,0
3,56423,0
1,56475,0
2,56527,0
0,56579,0
3,56618,0
1,56657,1,56774
2,56735,0
3,56787,0
0,56839,0
2,56891,1,57008
3,56943,0
1,56995,0
0,57048,0
3,57087,0
1,57126,1,57243
2,57204,0
0,57256,0
3,57308,0
2,57360,1,57477
0,57412,0
1,57464,0
3,57516,0
0,57555,0
2,57594,1,57712
1,57673,0
3,57712,1,57829
0,57777,0
2,57829,0
3,57917,0
1,57946,0
0,57985,0
0,58092,0
2,58122,0
3,58141,0
3,58239,0
0,58298,1,58415
1,58356,1,58473
2,58415,1,58532
0,58473,1,58590
3,58532,1,58649
1,58590,1,58766
2,58649,1,58708
0,58708,1,58766
3,58766,1,58883
2,58825,1,58942
0,58883,1,59059
3,58942,1,59001
1,59001,1,59059
2,59059,1,59176
1,59118,1,59235
3,59176,1,59294
2,59235,1,59294
0,59294,1,59411
1,59352,1,59469
2,59411,1,59528
0,59469,1,59528
1,59528,1,59645
0,59587,1,59704
1,59704,0
3,59704,0
2,59762,1,59938
1,59997,1,60173
0,60173,0
2,60173,0
3,60173,0
1,60407,1,60524
3,60407,1,60524
0,60524,1,60876
1,60641,0
2,60641,1,60758
1,60876,1,60993
3,60876,1,61110
1,61110,1,61579
2,61110,1,61227
3,61227,0
0,61344,0
2,61344,1,61462
3,61462,1,61579
0,61520,1,61696
2,61579,1,61813
1,61637,1,61755
3,61696,1,61813
0,61813,0
1,61813,1,61872
2,61930,1,61989
0,62048,0
2,62048,1,62399
1,62282,1,62399
0,62399,1,62751
3,62399,0
1,62516,0
2,62516,1,62633
3,62633,0
1,62751,1,62868
2,62751,1,62985
0,62868,0
1,62985,1,63219
3,62985,1,63102
0,63219,1,63337
3,63219,1,63278
1,63337,1,63454
3,63395,1,63512
0,63454,1,63571
2,63454,1,63688
1,63512,1,63630
3,63571,1,63688
0,63688,1,63805
1,63688,1,63747
2,63805,1,63864
3,63805,0
1,63923,0
2,63923,1,64157
3,63923,0
0,64040,0
0,64157,1,64274
3,64157,1,64215
1,64274,0
3,64274,1,64626
0,64391,0
1,64391,1,64508
2,64508,0
1,64626,0
2,64626,1,64743
0,64743,0
3,64801,0
1,64860,1,65094
2,64860,0
3,64977,0
0,65094,1,65153
3,65094,1,65212
0,65212,1,65563
2,65212,0
2,65329,1,65446
3,65329,0
1,65446,0
1,65563,1,65680
2,65563,0
3,65680,0
2,65798,1,65876
1,65837,0
3,65876,1,65954
0,65915,1,65993
2,65993,0
1,66032,1,66110
3,66071,0
0,66110,1,66188
2,66149,1,66227
3,66227,0
1,66266,1,66383
2,66305,1,66383
0,66344,1,66423
3,66423,1,66540
1,66462,1,66540
0,66540,1,66618
2,66579,1,66657
1,66618,1,66735
3,66657,1,66735
0,66735,0
2,66735,0
0,66881,0
2,66881,0
1,66969,0
2,66969,0
3,66969,0
0,67204,0
1,67204,0
2,67204,0
3,67204,0
0,67438,0
3,67438,0
0,67673,1,67790
2,67673,0
1,67790,0
1,67907,1,68024
3,67907,1,67965
3,68024,1,68083
1,68141,1,68200
0,68258,1,68317
2,68258,1,68317
2,68376,1,68434
1,68493,1,68551
3,68493,1,68551
1,68610,1,68727
2,68610,1,68669
3,68727,1,68786
1,68844,1,68962
2,68844,1,68903
0,68962,1,69020
0,69079,1,69137
2,69079,1,69137
3,69079,1,69548
1,69196,1,69313
2,69196,1,69255
0,69313,1,69372
2,69313,1,69430
0,69430,1,69548
1,69430,1,69489
1,69548,1,69665
2,69548,1,69782
3,69626,1,69704
0,69704,1,69899
1,69782,1,69899
3,69840,1,69958
2,69899,1,70016
0,70016,1,70251
1,70016,1,70133
3,70016,1,70133
1,70192,1,70251
3,70221,0
2,70251,1,70368
0,70309,0
3,70339,0
1,70407,0
0,70485,1,70719
2,70485,0
1,70544,1,70661
3,70602,1,70719
2,70641,0
1,70719,1,70895
2,70778,1,70895
0,70837,1,70895
1,70954,0
3,70954,1,71188
2,71012,1,71130
0,71071,1,71188
1,71110,0
2,71188,1,71364
1,71247,1,71364
3,71305,1,71364
0,71423,1,71657
3,71423,1,71540
1,71501,1,71579
2,71579,1,71657
1,71657,1,71774
3,71657,1,71813
0,71774,0
0,71891,1,72067
3,71891,1,71969
2,71930,1,72126
1,72008,1,72126
3,72048,1,72126
0,72126,1,72243
2,72184,0
3,72243,0
1,72272,0
0,72360,0
1,72360,1,72477
3,72419,0
2,72506,0
0,72565,0
2,72594,1,72712
3,72653,0
1,72682,0
0,72741,0
1,72829,1,72887
2,72829,1,72887
3,72829,1,73063
0,72946,1,73005
1,72946,1,73005
0,73063,1,73122
2,73063,1,73122
1,73180,1,73239
3,73180,1,73239
1,73298,1,73415
2,73298,1,73473
0,73327,0
3,73415,1,73590
1,73473,1,73649
2,73532,1,73649
0,73561,0
0,73649,1,73766
1,73766,1,73942
2,73766,1,73883
3,73796,0
0,73883,1,74059
2,73942,1,74118
1,74001,1,74118
3,74030,0
3,74118,1,74235
1,74235,1,74352
2,74235,1,74411
0,74264,0
3,74352,1,74469
1,74411,1,74587
0,74469,1,74587
2,74499,0
2,74587,1,74704
0,74704,0
1,74704,1,74821
3,74704,0
2,74821,1,74938
0,74880,1,74997
1,74938,1,75055
3,74997,1,75173
2,75055,1,75173
1,75114,1,75173
0,75173,1,75524
3,75407,1,75583
1,75641,0
2,75641,0
0,75700,0
3,75729,0
1,75788,0
3,75846,0
0,75876,0
2,75934,0
1,75993,0
3,76051,0
0,76110,0
1,76169,0
3,76198,0
0,76286,0
2,76344,0
3,76344,0
1,76403,0
2,76491,0
0,76579,1,76637
1,76579,1,76696
3,76579,1,76637
2,76696,1,76813
3,76696,0
1,76755,0
0,76813,1,76930
3,76872,0
2,76930,1,77048
3,76989,0
0,77048,1,77106
1,77048,1,77106
0,77165,1,77282
2,77165,1,77223
1,77282,1,77340
3,77282,1,77399
0,77399,0
2,77399,0
1,77516,0
2,77516,0
3,77516,0
0,77575,0
3,77633,1,77751
1,77692,0
0,77751,1,77868
2,77751,0
3,77868,0
2,77926,0
1,77985,0
3,77985,0
0,78102,1,78219
2,78102,1,78161
1,78219,1,78278
2,78219,1,78337
1,78337,1,78454
3,78337,1,78395
0,78454,0
2,78454,0
3,78454,1,78630
1,78512,0
2,78571,0
0,78600,0
1,78688,1,78805
3,78747,0
2,78805,1,78923
0,78864,0
1,78923,1,78981
3,78923,1,79040
1,79040,0
2,79098,1,79215
0,79157,0
3,79215,0
1,79274,0
2,79333,0
0,79391,1,79626
1,79391,1,79508
3,79391,1,79508
2,79508,1,79626
1,79626,1,79743
3,79684,0
2,79743,0
0,79801,0
1,79860,1,79977
3,79860,1,80094
0,79977,1,80036
2,79977,1,80094
0,80094,1,80212
1,80094,1,80153
1,80212,1,80329
3,80212,1,80270
0,80329,1,80387
2,80329,1,80387
3,80329,1,80446
1,80446,1,80505
2,80446,1,80563
0,80563,1,80680
3,80563,1,80622
1,80680,1,80739
3,80680,1,80798
0,80798,1,80973
2,80798,1,80915
1,80856,0
3,80915,0
2,80973,1,81090
0,81032,1,81149
3,81090,0
1,81149,1,81266
2,81149,1,81325
0,81208,0
3,81266,0
0,81325,1,81442
3,81383,1,81501
2,81442,0
0,81501,1,81676
1,81501,1,81618
2,81559,0
3,81618,0
1,81676,1,81794
3,81735,1,81852
2,81794,0
0,81852,1,81969
1,81911,0
3,81969,1,82087
2,82028,0
0,82087,1,82204
1,82145,0
2,82204,1,82321
3,82204,1,82380
1,82262,0
0,82321,0
2,82380,1,82497
0,82438,1,82555
1,82497,0
3,82555,0
2,82614,0
0,82673,0
1,82673,0
3,82673,0
